84077
26987
162998
78687
181995
92128
49240
60242
27545
22917
22644
53985
127923
104723
52920
128218
61284
73319
70734
233073
34436
161050
57942
82654
92024
82390
20252
26642
90036
72633
34387
159918
53918
79861
34301
52579
24490
117270
52196
108529
59058
95201
49840
46691
91500
31210
50738
86562
46264
102886
24025
31656
31616
26998
34287
37651
101121
75791
71102
25357
135560
59666
70865
187697
332196
38380
45116
57937
36159
171140
21595
73958
29079
84323
79616
89155
35396
77902
240051
175721
99781
65487
54579
38805
61600
38923
56046
211304
70642
66871
27806
63824
62542
27408
72138
74330
25254
40841
56069
29942
20976
113922
68435
161514
149945
60730
32184
57726
166066
80652
19961
41081
94640
34419
34471
62778
146645
165372
53260
32168
54353
23535
127251
104254
75889
67914
29443
127748
143641
50739
139214
125930
49538
61302
65693
65510
28469
94538
48227
123788
20344
14635
52160
71344
127768
42407
51360
67811
41070
69696
82775
26487
65410
66193
26102
63361
99017
47953
29655
49803
82622
24252
113287
62521
53379
64434
138683
73937
31717
87351
61294
41405
64558
50081
122369
67158
39774
39542
42086
65059
85706
32367
94869
102812
28779
109992
91597
42929
16328
122770
82660
86816
42031
45873
40665
23712
226648
92457
83394
83301
163251
27878
33914
364955
48906
39517
120256
21163
100103
41873
53294
9709
79755
51099
62865
39956
119983
45569
127732
87414
43792
161095
137539
37769
84718
35044
54271
116957
32627
63376
31194
29973
127898
50231
97773
67760
28447
78392
166108
46023
95802
67398
55001
31341
132858
102430
44351
74162
38186
20073
87376
61187
38792
119338
37868
61028
66467
52743
49766
57733
50437
63003
27474
84552
55547
201720
18636
75436
49215
68894
114355
53016
43026
27012
221278
53808
119572
124430
9987
101042
34667
13231
21723
181481
71317
26962
40076
83024
40913
106735
48369
64361
64960
44041
24089
33980
24443
39456
110663
27409
67580
140098
53575
75807
34765
27106
28288
77282
40228
75314
97164
144915
31026
67805
56819
48024
90630
75398
26864
59697
72213
31897
21128
12550
161088
33192
142497
69766
87243
95348
72474
57594
57945
54856
100011
151478
103294
64399
101809
75628
83681
22407
35043
15453
83446
69505
59609
118955
17703
83480
47857
62125
116239
15302
49594
81087
101140
83616
76660
44031
85823
89325
69611
33732
64126
101358
37780
169455
164200
114970
97148
29339
50315
55834
38954
77669
48313
17927
51360
17423
69637
163063
75962
56147
83822
77710
64850
38942
41195
39128
18130
60401
55107
75138
101686
23040
43210
65896
76065
17949
54009
48311
18336
144754
37194
49564
103675
74714
94680
97086
143008
38660
122713
17921
64520
109459
80112
30559
100641
42845
20452
108337
39672
12905
70493
86099
60859
71133
31216
26766
102460
114504
22830
13934
182010
37031
66420
65393
69810
67572
12218
44644
43944
25248
113138
50603
33545
38154
32065
65279
77460
111761
67871
72998
105540
32055
32081
91161
104489
59189
37833
165772
86868
138896
77018
103219
90846
79777
21188
82844
126253
55004
67688
23503
60238
22204
72835
53894
117241
28142
48534
31135
57324
70024
69039
96175
45915
50451
22131
80931
52297
55487
164401
229196
50183
81893
57241
61138
104009
117547
35513
61955
164343
60703
68750
218634
48411
32523
109786
85569
130399
33996
90008
19069
46871
30945
155100
34980
65418
69634
111804
70813
40126
115007
118926
38560
31811
66134
47597
68786
91093
35837
58015
26014
89848
31172
48598
68304
124646
27019
47222
129925
105687
89319
32675
54800
70983
29804
64687
74838
85769
72293
84050
69230
139672
45072
20280
17822
99471
138200
136500
51263
53630
88581
192178
43766
71507
52230
23070
99273
34321
91498
45057
97380
14440
218974
50509
33136
141884
86057
138664
121924
50680
38252
54357
33115
64084
147169
47442
31397
58815
42080
85101
57683
149432
15730
51591
45112
22345
187285
54065
66515
39743
57704
19152
111532
38243
65858
33690
61262
66068
73856
27566
74705
34707
42443
26962
103252
27647
30507
84277
133210
96435
29002
41300
61112
66396
44524
83803
83494
110341
47006
94527
63404
24615
93696
74933
32134
44924
31151
88534
95668
152713
150216
80695
40154
50495
79170
81520
111178
39639
46361
131045
108945
93623
83844
36025
78507
87172
65019
56868
70624
85691
114976
108494
32132
53484
70032
36447
19878
112519
21058
101800
61695
117725
74020
53975
53412
91965
40453
114310
175849
82562
101962
29868
62236
118574
92823
24419
87783
46029
167147
20958
99993
42900
42033
67801
125693
10159
71306
49353
56259
106858
43781
131194
83704
95170
167565
202641
112054
39098
44671
183175
69426
79169
87452
64534
109231
32642
50678
138722
140611
85946
49782
14705
47375
98236
84119
46836
57661
133069
69157
110052
83115
104356
63497
24378
38672
55419
129125
45221
31248
84767
13607
54825
57601
36299
24547
96434
95802
141275
39469
65130
135068
81990
63924
71228
64097
70711
53080
16006
33631
58185
78337
48111
26668
68564
51041
36250
34514
50244
165674
49477
75340
63717
55166
53724
150186
78485
42034
105486
48873
127221
24565
42562
149952
28849
15274
36776
64304
74303
73045
40467
65937
44339
44850
212100
80798
92295
49108
74424
51572
31897
72415
94992
21281
112086
68994
36140
313268
56386
23972
112981
47550
79277
47985
25081
68926
95661
128884
104410
142491
38839
40847
65182
68524
27099
100232
70414
69169
20266
54044
114462
44276
150160
33142
100705
71665
34266
26826
145397
113057
49810
63016
19679
91536
92521
70741
8071
7835
52282
20079
59708
40674
101305
127078
47060
52480
24119
127380
75899
55902
20800
47201
53866
134679
34088
44775
123653
101654
86376
114995
87412
94126
128281
119632
44253
16116
62037
48952
31937
17099
18979
96126
5155
27178
116980
14754
83363
91874
86779
42571
111746
85365
111339
51476
209382
56639
20235
68838
87817
84488
57687
31666
168584
44609
11255
135634
107303
78235
65267
45530
26530
85279
99934
74607
19597
182424
69308
66165
79426
76421
38855
80863
52726
118337
25379
31396
135336
147092
131038
68934
21600
36524
18875
114986
21178
134172
49343
85698
64267
49855
29090
41201
19235
33179
97862
90820
40303
155161
145992
115574
15667
75689
133781
30824
17400
146207
101372
65551
46700
123964
113697
97104
33619
93812
19022
115228
99644
32133
52868
102511
67326
154511
52535
65411
87545
77760
49979
54360
69865
98984
52726
46058
75307
73444
54589
185582
73709
63465
51938
80071
71947
42668
35936
49950
41142
71511
137745
142079
