19493
8877
36075
49566
8849
17656
16185
2428
30526
6413
17936
7489
17524
5520
9277
5669
13934
39117
40858
3551
11425
20593
16669
8972
8730
73546
2248
8463
19434
23666
3184
20493
1636
31079
7404
31058
7330
6723
1208
12804
37347
2566
29286
15414
7112
15812
15996
20102
9374
8552
2406
3643
30986
7829
11611
30661
13056
19491
49761
37245
13915
31475
17640
4453
5578
10406
29852
8422
18161
10476
67953
20089
27343
5081
16801
13082
14832
6119
2519
1858
7965
21412
12687
25911
52252
11166
14120
8719
12031
10348
15385
23487
8235
16219
33879
3060
21173
7552
3481
27659
76555
18267
27289
4865
4962
12692
28699
18025
9788
23004
8549
5503
22391
11172
19823
67891
10019
3765
11832
4940
3572
6861
3390
7722
52712
36150
25130
23093
9112
19901
8069
18551
58068
7894
15192
49209
1682
44379
2463
26281
2387
3697
41660
9938
40945
14658
6147
28965
33924
26880
8162
3566
11845
5003
10115
10088
55145
15308
28220
24514
11909
13226
4916
2600
17350
4788
6681
19563
22693
17932
6619
10873
21978
5647
10424
14434
30798
29674
16537
35452
3443
33482
17673
8085
25225
1715
20346
2017
28342
2018
21739
3828
9300
32133
7587
6783
9137
21895
62835
12575
4270
7308
12003
51374
22536
14529
15046
19587
17896
5649
10254
3701
13388
21883
7072
20729
11896
3289
6857
20171
36403
3841
30205
11224
8994
11886
3321
30314
17375
35131
12842
13429
2417
13324
48731
15863
19443
19605
28200
21302
7344
5617
11975
19628
3386
16591
16371
17880
31162
4528
11303
28970
34029
22116
22335
23175
36662
26134
27884
6326
31421
23977
27636
25288
13542
21556
7310
32904
29381
31710
6852
4613
20875
13522
18001
3589
17442
17542
16029
4121
6882
20232
4470
41398
8691
15337
3076
20743
13941
19265
18488
2460
11082
11405
12721
18816
12303
22364
38152
25031
51342
32737
21271
7633
34117
2549
17208
54291
15074
13494
3452
2824
2360
32934
37306
3969
18020
7018
4023
20830
11268
11843
14868
24875
23659
10775
22195
8234
12921
12825
11158
3135
15264
14547
18071
55045
14112
7585
4855
8303
33488
10523
30878
18277
4181
5090
5192
3802
2890
28440
18225
3189
1410
11810
17087
19474
26995
15385
13400
18375
3535
13372
37638
12813
5914
11172
3199
13592
21199
19676
2399
12948
4690
23765
4210
10383
3687
5779
37839
22908
21524
35316
13561
34343
13208
2805
7730
23304
4185
3378
5560
11068
4633
7630
18269
1680
8260
4294
2728
11868
9860
14592
17271
8961
12182
20109
5148
17179
16921
20990
3356
8854
6440
38442
34062
36695
36647
34658
6397
21960
25955
30326
51833
3756
30567
60365
3426
24769
7747
2640
10816
3881
2423
4739
2695
2966
46270
21964
39536
11385
10819
6107
2690
35381
16177
8104
35661
19462
13064
36261
4016
24300
3073
31604
12967
4685
10402
3053
5075
2604
11665
16195
92559
8680
30577
5583
34528
32127
29513
13318
28214
17731
10849
33306
6524
16952
5863
22822
14171
27920
22753
7970
11491
8044
23457
4972
33358
2823
5402
9004
2175
15420
13475
7229
21425
8535
6194
11890
26307
3647
18168
18166
28084
23930
6988
4940
18459
11124
33289
3101
12855
3459
16291
36510
1391
13259
6246
53779
20722
8780
26622
25065
13601
1419
32203
9787
28756
28643
33552
7127
15857
18206
42697
2608
25632
23748
11890
3816
33137
5560
46113
22395
9271
26149
2113
15981
14204
6851
32588
8647
30818
9432
14867
18463
8037
12711
2525
6519
3400
15596
22419
25601
7912
2669
12804
39561
6598
6691
6496
7583
25464
54266
4747
25011
57188
6895
45006
10476
8681
9605
12981
47936
14777
26344
7357
19746
17897
2611
19559
8092
3911
28147
22631
10956
16853
32104
5341
23589
13114
19027
23075
17462
24994
30236
22465
32266
4571
3963
7105
12404
1836
8022
15710
9103
35457
37376
17710
27339
10189
36873
29501
5909
13140
15526
2378
4642
10881
12051
17605
23723
27748
20470
7137
5063
10988
2791
6708
18648
13280
55849
20178
12970
30473
30081
3191
40154
41997
1624
2649
18865
12914
19762
26156
5149
15645
19883
32474
8427
13920
31655
30392
4117
28948
2638
30182
1520
19791
10960
7074
15675
8714
1872
5321
13591
45644
9479
14744
1731
16390
56156
3826
11186
13018
12514
9399
12883
12180
7963
17143
11566
32322
11661
10468
6148
15073
17081
5535
15613
31175
8231
10529
23075
34848
8459
33897
36317
19550
4090
13173
2663
4695
5791
9610
14362
4234
38322
9226
30298
11420
18620
26113
8342
23466
4117
6936
11856
25127
7109
9286
22353
30510
21964
5395
31200
3702
24784
10584
23733
6200
9809
20490
9351
6712
18197
25923
17867
29156
31413
4030
6865
27715
19676
18226
14137
2117
13247
37090
28816
45553
21988
32476
15436
8888
34735
2682
7771
21992
23722
7019
4951
18558
28178
6322
32184
8887
4232
49554
28861
5442
15330
40264
28128
21986
34031
2784
3136
20812
9807
138219
31874
5316
13850
19349
5553
25907
40575
15014
6175
12707
1673
26979
11033
20243
6540
12542
23720
7907
20258
7086
27146
2969
25607
33111
6345
26164
50664
10212
9459
1766
51532
34820
22587
5493
6260
5374
22418
35288
19843
2545
7147
16505
34021
2491
6225
15856
8056
7276
13033
50557
27932
14766
14674
23362
3962
4559
27734
6531
28547
52998
4342
19634
24037
33799
10918
3240
9841
16420
53447
1604
28390
29831
17836
3750
25981
15611
13176
1792
3532
20342
2123
15984
24889
9237
17948
3975
84873
4647
28884
15325
3088
6104
20101
15232
1542
8736
10361
29653
13281
53714
4606
3218
16595
55127
22131
23276
7443
12615
2829
29702
38389
14199
10600
9002
17113
19828
3485
4733
18761
9053
5357
1676
32494
12298
11883
3241
2833
10366
10564
40778
4718
4223
26462
4917
2261
33373
37070
23088
38913
9301
27488
9335
8312
15825
5587
7202
11852
5066
17889
25733
9155
22391
26540
12090
2550
16245
6018
3587
15575
6534
14439
38718
2519
5513
44856
62004
12711
9162
14762
34567
16444
11312
13843
15409
12279
19903
1799
17369
3002
10471
6854
2873
7460
20352
48182
8782
13896
3163
25399
19695
17632
9155
11508
27718
29999
3916
7562
10316
23516
16654
1996
3506
26505
13415
21952
7208
10078
28514
17988
15434
11330
