14850
11646
10012
24771
7467
6809
30326
65129
16778
16301
7433
54193
28184
13369
26258
6816
31086
39155
48784
35221
43081
36662
53946
46528
10731
9844
28166
15415
26046
15350
45340
15210
7537
23565
33955
20536
15304
40717
16967
11804
49055
29516
31488
15447
8451
11748
8933
36290
7503
23061
14558
16720
17926
9976
9264
10871
8988
10970
12829
22694
24449
36449
37806
63685
39806
5697
14517
6454
22837
11945
29129
41965
15825
29619
52109
5021
39155
20621
60119
45565
9101
43669
8444
7282
8110
29372
18821
47228
28111
16299
14420
17249
13644
23189
24042
8895
16828
33599
19930
16342
43740
26168
9733
17580
13212
24944
58669
24768
26349
30315
10975
13054
24480
52018
16942
13138
20110
37930
5711
16473
58700
26390
32908
23198
36787
22483
75995
13351
13234
26638
59668
26123
30138
32795
22854
19981
23930
14401
13677
27012
15510
11905
36271
15265
11586
12654
32319
8320
37700
25853
29231
5081
18277
13442
6039
25737
51238
25316
6504
44396
32252
29422
41242
34600
13959
26759
23890
5890
19789
19643
32138
26106
35958
24920
23308
33021
34623
21200
26523
28656
27446
16356
11207
18774
16344
13572
15962
28064
24714
47758
9273
7550
33746
42293
8784
10369
4517
19767
11102
41010
12084
33137
45623
39779
23738
27744
10304
13246
20204
13542
14599
19782
9759
35503
18957
10857
43100
16871
10106
45905
21694
30785
17770
13355
20971
24262
22970
65107
19575
24972
8137
35010
7833
51124
38596
13430
18061
20100
39125
15431
20072
51606
16075
16954
29830
4842
6588
2548
24600
27609
18464
45235
32075
25578
49812
15272
22715
57221
13296
17550
28387
10758
9821
37722
34754
50294
28705
35893
69047
16839
13586
10178
11208
24173
33150
35623
22215
15863
13957
25665
60672
15841
46974
34553
8434
11224
9437
23236
57255
33486
34215
20281
9772
41824
11414
24425
11059
33499
44395
43245
27008
15906
8764
29108
15345
12942
26357
14059
51481
49127
18809
46181
27925
39036
19317
7229
81765
19239
3310
13204
49268
17858
39357
18823
16665
21584
33783
30965
29950
28958
16923
25290
21134
10305
32616
38066
40430
21995
21940
42427
9014
10451
44481
42089
27000
11089
32869
45949
31128
24940
28401
76913
10865
10573
23989
47267
27342
14429
18896
11467
15596
53673
12611
55636
13418
19367
17245
10120
16212
29218
14954
8552
48498
19337
4478
28681
24153
22193
45950
18714
12874
32630
6359
14637
10505
23285
11618
31493
21802
36240
56431
10455
26182
29440
42988
14204
8705
13412
12241
42369
7614
8150
35299
25145
13001
33291
39644
18924
42302
29253
15505
21481
63275
23292
18702
2964
12077
22362
18509
18952
29806
39939
12093
6053
6132
33705
46340
12171
21869
35767
18626
10091
11516
12316
49832
28372
10882
20422
34181
38142
27493
10051
33700
21531
20277
8442
58352
26880
18878
32258
15773
29796
50866
21549
16968
18893
27941
52273
7377
16765
23890
44631
8686
53719
62236
40031
53943
19245
27307
23797
26065
59362
7466
24384
24163
13432
15205
41611
65556
38206
6940
20214
10648
47410
34541
8004
5601
38894
8990
18964
12906
29591
25020
72004
42618
26486
16097
15020
20020
30859
44653
6894
23563
13646
16856
15447
27854
28402
7693
36102
26350
8071
30557
31964
30363
22745
57758
5715
23744
25246
16128
14508
22601
8931
14349
25133
13432
15160
41051
21224
18205
10036
23640
8314
29277
11383
11064
24702
7728
29345
13026
17164
4644
25310
9643
19719
11967
10837
3406
7479
18396
13733
27021
8838
25701
17237
3151
36417
30784
4027
44865
12940
19347
14788
25801
15332
33026
50821
8881
14481
34515
42184
94133
3577
13065
40009
12446
18824
31725
18989
28327
52613
48243
27187
23786
19750
16082
23647
16728
14772
43445
21281
5487
34384
48070
10276
8479
37892
12723
26573
47620
6328
13653
29689
19483
15667
15283
32362
27650
6644
24810
9737
34750
17559
33337
53641
8274
11236
16915
35237
18664
31905
14348
22955
34517
17500
7383
19620
8127
45653
14633
25457
8485
23114
15264
60314
32959
14165
10767
30267
9423
26407
26461
35450
41943
3985
10282
45395
19205
52566
14447
25248
21546
39253
47779
12405
24124
21281
32205
29988
27416
34418
6399
19489
31818
17980
51687
12570
21551
3189
20905
18288
25849
12599
20999
25939
10930
37874
12645
15894
35737
48024
40476
18660
78919
26314
19987
19924
6661
21408
28550
5085
34527
13023
16640
45939
3841
9674
23323
5665
56482
13601
47694
17325
16833
10015
7277
19190
28207
19152
7272
6457
37827
26733
59445
16990
6053
58229
21667
54968
39149
22601
30170
16692
24874
8899
16332
10713
23013
40704
39897
12755
30513
22465
41923
21385
42509
19103
24940
15980
4454
3608
40703
21780
12939
36420
9824
12721
36955
1995
52278
15136
32846
17299
48150
18961
29850
47357
47883
44420
2827
19208
25064
27225
16320
68177
39766
19408
28153
7390
20318
14283
43901
13637
9843
29434
47402
19009
42509
10072
32007
45729
65920
90432
41439
80035
28716
9291
15835
19839
4622
20274
19657
41519
78998
10170
15902
57763
23645
14479
35705
30065
15463
27964
9402
20026
19603
44385
33573
21241
12665
6045
13715
7946
16330
47967
12403
7219
20590
24867
20084
60443
12868
30279
18485
8142
32948
35120
33464
25642
21975
45262
15299
66100
38638
7406
13824
24408
57656
15916
16694
84900
51948
50322
39300
17513
36075
55170
76872
31804
28339
10461
5075
42422
24912
35457
49556
26602
27207
35858
11891
20347
24220
17466
42708
46944
6985
12343
36949
31534
23134
40235
5419
73502
37627
20552
38687
42532
6216
22496
31332
19750
21705
6480
8912
12110
20875
27918
21292
20595
35789
26209
42051
48236
32857
6856
15349
29897
13748
25516
10112
8886
48597
7530
31560
11997
19124
7605
32987
63675
23230
33749
33782
22534
23651
11064
53206
33287
23130
17518
29027
20747
30800
33878
20169
29282
42955
11129
16546
7217
38586
20032
51413
11059
16653
20123
25547
22908
45019
28931
25536
20304
42972
5391
7944
20821
23761
10922
11101
21430
36095
11604
6206
25479
11912
36929
32598
27976
9544
6196
13152
24478
32525
32300
22439
29102
6425
78249
33005
49644
14417
18348
66822
11934
46550
19122
26739
18180
35907
14333
30307
33361
11487
36748
10971
11571
18064
13368
11616
3704
54204
23318
16298
21768
41359
37420
24422
27774
27344
20570
