45470
29420
66917
23025
50298
66782
63064
47721
32888
62678
67651
6081
39494
39674
27754
17741
48513
64288
84152
95876
67650
35013
17726
14121
20387
77116
25717
29195
11518
11672
69016
30863
27023
20799
35684
7849
37549
23321
48570
15311
27204
35432
23466
71740
79461
9260
30675
54308
46492
47190
9599
44779
34819
44416
73048
21641
46372
15649
68963
34926
42847
7019
40024
15994
33700
123724
17444
12783
14234
25786
58214
29598
12437
61278
20659
14455
11861
18071
35934
69383
19446
43507
18725
17257
40389
10766
13750
19215
74783
25577
27359
28004
45126
18889
14538
113383
38111
10090
28923
12963
16990
55640
22640
40480
40605
23264
19136
54538
17887
59731
35046
42303
32311
43736
21740
22222
17800
19516
65343
24052
28160
30163
32492
48347
28390
63250
52603
43560
42343
39270
50563
16895
85220
37467
130404
38074
29107
27586
21960
42898
22368
67735
31497
21389
7276
19418
31957
17743
80438
42985
73389
48497
38171
21170
16685
24980
40234
16601
14850
41784
76400
35411
15647
35495
15100
35457
41458
47487
36117
33972
56662
41525
14011
83978
11485
18248
58408
16138
18186
26520
56933
15207
102024
7957
24361
28744
16674
77747
41076
10859
26323
39295
54488
15352
8531
37606
43170
12206
10344
50828
17083
18560
34067
21198
48394
44975
36612
61429
24827
55675
43073
74546
28247
44608
87523
11912
18323
31940
11670
3274
10824
15846
44215
12098
59666
25407
37836
41848
31187
15404
8226
16156
14369
44696
24762
18010
73871
23748
13918
36392
7994
59019
50826
40411
23830
30395
21102
8701
29507
26934
71572
19968
32683
33509
18300
46068
22041
29686
52081
32520
30161
45657
39055
31294
21276
36367
11122
41402
101496
35272
12611
20682
109168
11621
47224
16335
35178
18095
9835
51676
9529
7947
56981
58642
59151
43999
33591
18203
33751
7590
37951
30482
45423
45816
21704
24027
28683
51214
75860
26261
10694
30295
19841
9885
39388
26527
23591
30323
44644
19093
26034
87925
7630
18871
191216
9074
86192
12079
52223
42265
35986
28708
17024
7088
13049
29754
23663
37699
37438
8522
12073
44023
31932
22447
10809
45917
35279
14499
10200
58142
44569
173003
19447
43735
43788
10067
25615
14339
25785
15801
11209
4405
64678
72484
41785
58592
12655
46878
21083
54964
38059
35789
42035
23138
34773
34332
22872
52723
34140
38722
25433
28663
19691
10959
43858
31510
9525
18702
41340
16513
31094
26573
50027
41344
28129
19379
88583
74120
73261
59455
45252
20966
46024
44519
51212
10513
40561
41137
23286
49305
33897
27329
47877
44710
39772
50131
42800
92764
17014
14585
23409
34182
24915
20487
22155
46987
21592
11187
56073
40128
30652
80766
16087
54677
32509
71843
61291
34099
31920
13487
22757
72701
48930
40066
25542
23215
19517
22144
48352
10605
12357
29297
6983
53181
35589
21150
44657
15942
18345
38780
76192
64175
40582
93949
35469
26725
47253
9847
8719
20931
22610
33304
80488
65793
31587
20386
70181
13765
33111
104602
41958
29688
37543
38502
31062
17836
42787
42001
12193
41710
34101
61228
25004
65994
14134
5727
83713
24215
32943
47394
61335
30261
57613
29394
16980
48331
45965
17356
44224
26942
32363
16454
63977
53285
34187
30665
40961
42365
52478
149307
37250
42206
78295
6660
51295
12154
14644
31056
22278
38586
23068
52546
64637
37007
44904
10786
53407
54564
15331
27103
6899
65247
47790
35615
28737
43284
58284
21550
99572
93069
29878
18157
2968
43547
63812
48361
23038
32345
89538
34901
62161
40577
95741
31753
17666
40995
29623
10386
67661
83340
40897
17357
57060
11869
12851
41639
27166
48793
21527
43407
46843
24623
46579
62544
49465
27704
33571
39917
20473
60854
49559
41754
31809
38223
41817
32139
22399
87155
44798
29354
51477
15465
70155
28222
73931
26267
34177
28997
20034
25670
48470
53298
8389
29241
93127
11648
25622
13293
74261
25435
28112
10564
16113
65843
49301
41478
33622
16265
29112
13253
42415
14758
24646
32224
33492
30019
14824
15228
16918
61709
74996
66868
75446
27608
83528
39478
62124
90696
22365
28184
31954
15095
31432
32635
40325
24765
31940
16036
37424
59721
15656
75574
29129
77344
49167
43226
113839
22090
39507
32614
51610
47169
21283
12920
26157
57186
28207
42499
28886
89585
75990
91794
52611
25514
51826
18507
61117
8308
23648
75377
38784
15814
7554
13369
25707
68125
43168
13949
40494
59784
74529
28301
60925
37541
22870
29973
24835
15806
39484
46428
22782
67155
3046
4488
34053
39813
46442
45981
27092
12687
32616
14528
47086
38403
62047
33133
57944
16447
8644
28353
85637
38587
64353
30280
33956
36345
112671
5351
23520
19284
4237
50574
22170
37186
27808
8291
33675
37806
25546
24732
14926
55251
36551
58715
70658
24465
45072
33292
27690
37798
5312
23491
42137
34267
62233
90649
94677
21702
52975
45975
53422
82045
46426
42868
26181
47525
25175
85306
18563
30402
52609
20015
34562
35367
35102
41213
48774
29679
8326
93122
22163
17473
50282
10060
39521
45856
47843
13773
56116
17657
27296
15892
37587
52586
51661
27619
31243
20380
20129
30156
23842
72120
44867
44373
56541
44468
42580
54638
22664
59166
24979
20010
39652
33126
26918
32360
17876
61666
23413
72446
24669
26237
39175
39077
17145
27522
14612
33891
10815
25603
52421
49274
24713
14451
46121
26512
26532
23879
39237
28630
19620
65087
32664
32469
36576
43995
19670
31518
65506
33960
34691
19077
54597
9620
13486
33758
38075
83102
26128
45926
16061
35041
48267
15670
28157
19583
53890
45659
39632
7057
38868
20941
63567
34233
55723
18510
25239
66107
37109
71252
45691
78235
53107
28054
20774
41471
39825
35055
48430
45773
34323
54871
13722
11306
34890
6019
20547
40362
35693
21010
31763
18984
18307
26842
13215
70780
32108
30671
60069
21269
80237
14619
23352
61526
31774
19028
62552
48133
44168
90470
16431
44238
22292
71873
20996
27928
17108
17090
3540
9630
48654
9241
18639
20059
40240
22471
53221
34799
11980
21797
54375
17821
19633
12577
15476
36820
38019
52529
30064
26247
37056
58178
16258
52113
56440
19022
55821
34387
94494
73321
30122
22420
34630
10706
24836
48623
42484
22071
19763
7368
33231
11774
14433
44318
20981
54030
52389
67177
19806
34857
40144
47299
8725
26035
7867
15518
62676
18110
49290
26755
11495
13200
20085
34812
47698
15712
14776
76431
38509
25563
