26587
1257
67805
13827
10328
41248
2164
51965
3379
51786
27158
31781
44996
8397
21776
13282
26870
53192
74565
7109
9487
27242
3683
3025
28980
86306
2897
30478
10223
9712
19194
9034
32397
29344
2728
21318
5033
7395
1811
20998
7542
35923
5873
14120
2470
24152
21618
41427
21569
12228
26514
67041
36202
16761
3311
19273
8052
45224
35076
33627
101203
11321
41160
22479
36446
29230
40495
10331
47115
54175
30417
49766
11284
28298
9781
15881
9131
13789
37493
10316
38552
22309
3022
19672
8427
7019
111326
11222
68472
44121
44223
17617
40061
27160
9429
6394
4119
10465
30975
35967
38218
38235
29584
20828
36104
15800
26933
40945
45850
5693
78420
23421
19107
105344
70334
81265
5225
17938
15015
2358
2719
4145
39668
21112
24369
76892
40503
16568
31001
37681
43010
16136
31156
27644
17547
29508
3406
16376
48918
14633
20544
14163
22859
21275
46789
3881
17289
45796
62007
47522
10728
2364
93302
25559
19818
23931
2892
69115
22159
13399
51671
41874
67056
7470
83706
27406
45159
25443
33426
14703
49480
2343
57470
24333
1111
11668
27717
5998
2887
18928
43578
4195
10844
83853
10763
19136
16505
8040
51004
15636
5128
4845
16812
20405
26858
15240
16018
47612
7956
19616
27969
15707
26995
92116
31326
4144
5509
28179
53759
21160
32201
5705
16715
9109
11035
19982
3456
12143
36205
29070
36442
44605
35340
10923
14891
45323
50228
10611
11085
37177
29625
12831
17054
17914
24769
23997
17046
4631
10152
15012
13015
55395
13627
8838
1256
15054
3854
17821
109901
15478
65552
15417
26364
29163
37188
45604
8511
58276
57037
4301
19514
42274
18024
22316
18196
15547
46805
36936
26761
11368
30574
85125
63860
58030
32873
9824
54147
22281
23918
5461
27801
1983
27545
26288
15853
6858
12597
61627
20620
50242
11493
22931
22155
93168
32669
49053
30675
5640
95050
15787
20134
26465
8740
16726
6952
37930
18241
51949
14365
22405
11692
13399
18243
45435
21487
12287
33654
23820
15260
5691
5718
8503
23804
22682
41515
15046
3985
8679
5169
23701
21665
39283
2453
64972
15221
24299
57724
22385
24905
8683
5748
54850
23055
55767
76529
30422
14989
40567
15642
40339
7859
93520
5639
4927
46438
8431
2830
7878
41405
37056
59534
72480
31881
21720
10292
22929
22422
46565
16332
1401
5393
26927
3291
2066
29696
55671
18481
15222
7775
45038
36984
13931
39167
5695
19280
20372
24900
33031
105978
21079
10480
24408
17063
44499
48408
17683
4214
3952
27205
23685
14555
13985
3540
41837
13813
26232
16258
5828
24098
3653
35614
13294
15445
18246
10112
67695
18864
106236
32894
45036
24932
8786
9954
3708
2418
7643
10544
29298
20009
16471
28757
15073
37056
22320
36784
20572
31100
10989
9075
10136
17423
55493
24312
15641
5324
3279
12411
42269
5746
14917
4446
10698
41762
14412
42369
24008
22527
10403
43617
7507
60994
2101
18793
3039
22817
24322
83927
46251
46958
28396
76405
37350
22675
59448
28565
20812
25174
26264
3727
6045
38865
11012
5068
5451
41871
24703
4022
19645
73127
17111
43694
12700
41232
8813
59739
3274
7197
17350
27563
15954
26586
9333
8997
87485
44726
15952
60434
28668
15290
35999
11229
19874
2558
19968
34106
5680
13701
19903
3304
1461
77030
104427
15556
3647
30544
52545
9325
54132
18876
31642
15843
22463
20211
38435
27174
11844
13472
18664
11280
61506
8989
35096
8656
7368
12713
9697
3682
57910
3465
9176
39245
7749
25765
61196
35670
42270
5197
9498
24682
31130
50571
6549
13093
25592
43822
33340
13848
36807
15210
2854
35443
15888
53411
32891
18812
57311
34859
5589
2489
11223
27652
44144
14156
14600
25732
24552
71629
22191
62479
22641
34739
16621
15030
40335
42103
22088
20548
41278
5680
20534
18745
16795
42630
32318
29881
11183
29354
9810
23633
7226
10704
25211
87057
1193
13786
2331
15374
36546
31608
5122
15143
63880
23936
56997
32654
29946
11352
72895
5136
10427
7192
22965
51335
15929
16720
33240
18969
1771
4632
46964
67820
8621
21448
41432
32561
6955
45403
30264
31191
36663
21890
2541
29122
12893
25016
17226
11007
19437
10087
18705
5430
29139
26329
58842
27917
78497
7805
7971
43488
19201
11335
23868
30886
25269
15973
6053
16731
10551
35234
7267
50323
18674
51002
37725
32314
7481
30145
38469
14617
38779
17414
35014
33787
10047
4754
2522
7211
22194
48421
41316
16620
8999
30735
25360
38678
37321
25155
9284
12118
30695
42858
21111
9410
25727
8088
6141
4382
21473
7617
10260
60576
34710
8090
54687
26715
10961
42561
17367
3326
6748
46114
37144
20111
35836
41112
23313
29868
3901
7314
29475
6966
3288
21152
52432
50870
5732
30372
46933
11102
77082
30375
60275
12429
12213
6309
5505
40341
36154
6477
11740
52175
20656
41976
11740
24969
16969
79482
30259
68106
28471
46597
7702
14876
40615
14305
63812
24382
11895
39842
55279
20233
13213
32929
16746
45478
35446
20755
16762
21537
35974
13452
33307
28791
54588
1772
20672
56234
49508
64392
4926
1716
38226
11081
27644
22966
11021
64731
4168
23170
14602
23461
30516
3681
30538
25240
29633
9896
40486
11353
8797
18883
17259
29418
6887
7719
32905
9852
9077
33073
42033
17639
37795
8046
6397
27729
9849
22330
31747
2985
33799
79663
107941
43795
40240
66305
19702
30979
12476
15264
2957
10182
75116
76406
120886
15686
6461
10672
27497
11103
23229
65196
22221
7430
14040
23563
19654
10588
4946
26415
3156
86812
23394
54988
95306
75453
24112
8800
2383
3345
2261
11558
48044
48126
21986
11164
67304
20534
40812
59166
62895
36528
36800
32733
5073
21633
33779
85479
33665
38924
9384
30836
11369
42554
42468
105083
9631
45416
24671
58422
26046
66514
11538
24577
66557
3700
25456
37851
32879
11049
16855
13906
13664
12843
31446
65363
15460
20213
8918
5204
8997
19786
5859
81209
64024
41089
43643
42629
4652
3113
26837
16099
16168
63869
36605
65431
44292
24349
4298
4775
29000
14012
37856
18622
36102
26497
16411
29733
52601
4869
51791
2682
3821
34591
65947
22187
28066
12935
27458
48216
16861
3982
52073
15737
9773
4273
29658
2159
46328
9308
9088
11029
23237
70120
17653
16430
10306
41074
8581
46693
70195
71003
7472
16044
52719
93486
68981
44358
33566
5304
37041
