29119
14623
29312
62621
31528
38655
39786
15635
90145
35325
10264
16306
16492
26590
78793
27228
83891
55619
62594
4459
33146
7133
17746
33954
46313
53017
32930
23758
17749
26452
45902
3753
28968
11957
62148
24936
49898
75047
17016
10244
25003
30953
30421
33930
74400
55190
21698
36813
19713
31162
6952
23100
14038
16820
22817
10088
62840
25526
65356
29408
22677
54734
17491
51055
17965
41040
38184
28986
14750
39544
30361
11473
31761
26180
16614
41268
59923
36816
41006
45142
55907
21497
35628
34670
34973
27761
36701
38281
12371
27137
56661
22949
40811
25799
17082
40547
19642
21076
31455
37740
8448
35691
26272
40085
27371
18126
28599
12628
46867
39610
48045
35199
27952
79383
68273
18129
16332
69672
42046
28520
17013
13894
33221
39955
38147
21137
70104
39115
16470
50203
18849
27743
18858
19786
43032
28857
25092
39710
40022
35954
23600
28659
21669
20201
22714
38896
15966
11248
29016
32971
29602
22245
74270
19176
13785
21718
22558
41196
53357
33855
31039
38483
30751
35449
7125
28755
23953
15367
33584
16038
16968
27584
61315
29680
38847
19874
45984
35665
20697
16502
23560
40073
30262
30943
22790
29891
36088
47028
65905
32118
26905
35135
59492
22725
23029
33223
13870
25985
43117
48396
24465
46427
14875
54949
64529
36577
12113
21017
33053
59247
43517
50817
18053
53640
13976
18653
22846
31494
61558
25520
14260
44882
34107
35154
12545
39389
19517
28073
23076
61994
23215
57165
35026
26262
28407
26097
5053
38754
29158
24591
38792
41398
25671
30929
31041
43055
24308
58215
34595
17762
43711
27356
27512
20784
43091
28131
14423
8700
14289
40552
32982
25371
14674
37247
16769
9943
19855
10269
21794
39962
49189
14269
14121
19171
20060
31926
51929
17977
32613
47985
21545
30942
36374
65295
29190
34929
21403
24020
14558
43574
63949
16411
22753
27650
21150
25451
32237
34052
28523
20124
16626
22173
16178
36600
29798
19960
15687
18202
29146
26159
33268
40020
17528
20520
33749
29767
33238
56143
20463
103382
30238
19953
18744
13174
39796
24307
18887
28746
28437
43315
14403
55353
43524
25529
18426
33025
72243
17844
15273
15640
41856
20128
23139
39764
19781
27034
5334
12774
29864
31409
26154
31332
62117
14585
25028
37810
14071
49542
29231
38699
60522
34917
29623
37468
28983
56677
25402
41169
22190
35746
40776
35833
39477
16581
21326
16796
36866
35457
13900
30429
48319
19557
26200
28818
25587
55949
35908
61604
40902
40728
36959
20599
42101
26905
69305
22152
17785
46485
48978
10039
47808
103027
51038
20216
51501
21857
65129
24733
26659
33582
22996
20646
33097
59573
32903
47177
60338
30959
40526
18282
28906
35019
54047
11099
42366
15672
19998
25461
55274
28569
45871
26966
24706
17825
35330
16711
26698
43264
25073
10012
13834
31988
61573
24823
79733
42763
40192
23720
34428
20842
46320
26681
25861
66824
39664
26827
13491
33119
44335
21025
7678
54264
12290
22143
75607
42471
51622
38714
22643
42264
62575
24617
68614
22655
40018
38823
26573
31531
32902
26094
18871
11714
30209
16361
30795
10673
18494
25573
19453
15039
27082
27182
59543
26684
69663
22765
26959
10009
69438
27706
19521
14269
40528
23054
42002
22522
36658
22097
34262
28717
18053
23954
33208
55726
16499
20331
35683
27743
43202
21303
20840
30868
33619
50651
26111
21970
25479
64407
22508
26140
36276
38728
33157
14335
58290
16735
42969
21791
43123
42486
42540
53215
38390
26694
26013
16764
29201
63508
45111
61881
30761
42790
17856
16837
25313
33117
42047
26562
36399
15566
11412
29008
19817
47614
43671
55163
35174
18642
44823
14338
40795
37941
34781
31981
28116
67991
23198
59124
82055
11118
9494
5375
27014
11351
18659
30736
20955
20204
62038
14542
19045
41147
20286
9303
11314
59000
24903
13521
27036
31499
19772
58466
25429
12129
36098
74223
41560
71633
29095
29992
14754
8417
18702
21194
53870
36380
30773
22464
10643
9871
13836
54299
43257
22479
45115
23532
22608
35555
32586
32800
51012
14326
28021
37590
20199
22107
22889
16102
38341
43898
8487
30272
22099
28593
34776
10120
28548
17038
28224
40691
24811
19429
24224
50871
29843
35930
21890
26411
39407
29791
35322
36857
7203
18944
16562
22892
23862
17281
49260
13317
35766
20263
57942
26223
50199
27337
18360
27472
17635
47689
22146
12895
31087
44981
49297
32258
32516
37415
32089
19062
18763
22504
19372
47547
19638
11207
41064
15855
23750
47575
17354
35121
53978
11927
8889
30277
50111
34554
14658
17003
50156
39370
35639
17780
27470
66534
41138
14473
25192
18910
32452
25054
15318
15972
11753
62209
14733
19524
28762
8345
25250
46891
19700
66108
40221
15778
21252
31538
30499
32626
57558
31063
23049
15191
50005
32297
27452
15050
26429
39037
59469
25270
31564
25014
49937
50311
9303
17965
23841
40585
72567
102289
25459
23301
31802
16374
66964
30816
40575
43590
35144
40190
18828
20237
27869
35327
38645
16367
11335
23044
33275
23078
34993
11307
17471
24569
26050
13063
12901
33224
20606
43573
6007
55195
9787
62458
54814
12219
41390
32547
23025
44988
45071
25648
25405
28734
16972
80005
13363
44474
14451
28232
58549
30614
23793
18960
40387
26428
29320
14367
21502
50067
26137
19112
74450
9971
19190
26015
25162
25358
14088
49240
34723
23527
16137
11857
34039
23081
35501
33393
30094
64117
45702
32037
26974
28726
15041
31576
21760
18961
75545
23577
16329
8755
31201
14418
27866
25798
49508
12478
42467
35206
35449
22816
101513
14466
49061
55376
31358
59558
27583
25920
18159
21633
43691
24795
23191
10933
11088
7421
20433
36684
37278
30916
28901
73502
21197
25401
73214
53557
14625
33412
34018
32106
31525
8644
10982
22821
61373
15109
41287
29625
27520
50169
16231
10167
27130
33727
8052
23274
23424
27690
42608
17061
38351
25768
45275
14789
39477
58783
13762
16559
20071
50086
34334
21776
69893
38043
59849
28072
18427
34428
28030
12386
21773
7921
32565
46850
70459
23246
9373
16264
31286
13517
40208
28595
37284
43106
13541
41903
14942
54571
20882
40005
37522
36235
30969
43977
19169
46919
21290
24378
51242
15355
13725
31365
41002
35666
42387
28976
34422
48561
26304
23326
16584
50247
44710
24848
27942
18005
30459
50432
19899
21738
54150
28100
13058
35851
36889
55889
23473
18276
38314
60133
17858
20807
13760
16850
24038
26695
