36157,77692361,20,40598548,20,41,0,0,67,0
435294,54475067,20,60841797,20,57,0,0,93,0
326934,77713709,20,62152632,20,36,1,0,72,0
16301,60398537,20,50736501,20,46,1,0,57,0
106320,67791181,20,47959288,20,86,0,0,95,0
204788,35683127,20,44366690,20,65,0,0,69,0
307094,56140966,20,65410305,20,36,0,0,41,0
138153,50207706,20,47376363,20,33,0,0,109,0
13667,47417896,20,51147466,20,41,0,0,66,0
457964,59967178,20,50043912,20,54,2,0,81,0
290015,63921858,20,36193711,20,109,0,0,52,0
109947,45053894,20,40520635,20,51,1,0,86,0
190261,57895004,20,49975884,20,70,3,0,69,0
332497,47799175,20,45026774,20,58,1,0,37,0
388290,44817215,20,53111160,20,87,4,0,65,0
180032,42532137,20,30290819,20,51,1,0,58,0
143754,54010162,20,41878221,20,39,0,0,41,0
146506,51213957,20,73763764,20,48,2,0,28,0
421022,55348055,20,71525898,20,40,15,0,42,0
151419,49364856,20,62802978,20,61,1,0,41,0
199059,61343024,20,39762764,20,111,0,0,73,0
160941,64838997,20,50340928,20,140,0,0,58,0
90876,52335723,20,41397082,20,68,1,0,70,0
335275,61721964,20,91672751,20,61,3,0,56,0
496328,66843295,20,69062775,20,61,5,0,58,0
170073,55735398,20,33246898,20,30,1,0,39,0
294769,42476033,20,70945928,20,51,5,0,89,0
321756,57981484,20,68481486,20,83,0,0,58,0
525657,60744716,20,67303494,20,52,1,0,89,0
200424,60236663,20,37243464,20,66,0,0,62,0
263352,66195194,20,66268991,20,64,0,0,46,0
84214,54169349,20,54883232,20,45,0,0,36,0
57047,53770766,20,63363956,20,53,0,0,81,0
221630,53033567,20,84380880,20,60,1,0,70,0
71993,74376127,20,37412785,20,75,0,0,77,0
14078,52245526,20,52454336,20,21,0,0,59,0
337849,52873728,20,49754730,20,49,1,0,55,0
345574,56740488,20,61705453,20,40,0,0,37,0
43300,55901318,20,44584740,20,90,1,0,31,0
318167,51593891,20,54347444,20,102,3,0,38,0
125249,50819766,20,56829449,20,75,0,0,95,0
189305,38386159,20,54957776,20,80,0,0,39,0
90899,50905308,20,45257062,20,34,0,0,58,0
332581,39565237,20,50534529,20,64,0,0,76,0
529936,40034083,20,47560352,20,71,7,0,36,0
179294,44143711,20,61198993,20,43,0,0,55,0
407193,64294615,20,44629431,20,41,1,0,54,0
327770,48757195,20,61109849,20,134,9,0,73,0
331438,54989922,20,74306308,20,47,1,0,93,0
562642,49677649,20,48292608,20,47,11,0,42,0
138134,52332420,20,49822224,20,86,0,0,79,0
28758,56365505,20,44919841,20,53,0,0,57,0
163405,58572240,20,54076110,20,50,0,0,64,0
5494,34007501,20,30121780,20,55,0,0,51,0
161767,60000590,20,58564367,20,51,2,0,39,0
327230,83457457,20,83146681,20,62,7,0,68,0
107577,51562120,20,45652110,20,63,1,0,36,0
82576,44842267,20,62894842,20,64,2,0,65,0
458472,38906339,20,55116249,20,80,0,0,51,0
59269,54813843,20,62200184,20,71,0,0,39,0
275977,46899773,20,47991924,20,50,8,0,52,0
49351,59349576,20,57730791,20,80,0,0,74,0
444200,41126139,20,46530584,20,59,4,0,72,0
175666,60392588,20,69119273,20,48,0,0,67,0
357509,62854313,20,65665372,20,50,2,0,62,0
276226,56987897,20,55619767,20,57,0,0,43,0
313774,49920803,20,70940891,20,74,1,0,80,0
98674,44220085,20,48212901,20,53,0,0,75,0
400460,57624489,20,57681321,20,60,3,0,67,0
170608,77630939,20,68730595,20,78,1,0,88,0
206768,59891837,20,56825221,20,43,0,0,37,0
397182,45282852,20,59190823,20,66,1,0,56,0
199484,50907043,20,57782762,20,91,0,0,46,0
57047,56124805,20,51249338,20,47,0,0,53,0
152184,70724303,20,60637713,20,107,2,0,79,0
249161,53337234,20,59195880,20,54,0,0,31,0
22267,75719598,20,51835768,20,47,0,0,61,0
61280,70529498,20,49444266,20,33,0,0,85,0
312238,56780476,20,57743626,20,85,1,0,52,0
440935,69119169,20,74989693,20,51,2,0,73,0
207444,38039211,20,58553039,20,61,2,0,53,0
403792,49453257,20,51937941,20,40,0,0,65,0
10534,64499987,20,56163516,20,33,0,0,48,0
815210,66735570,20,68265036,20,76,9,0,63,0
137628,57382838,20,51747596,20,60,0,0,51,0
38488,47752793,20,52029290,20,61,1,0,91,0
353660,38265020,20,62116702,20,73,1,0,50,0
126563,51841095,20,39083020,20,28,0,0,44,0
510051,51993692,20,36615174,20,62,0,0,72,0
167308,45153067,20,56901884,20,54,0,0,33,0
199464,70182043,20,72845167,20,83,0,0,76,0
12378,53895895,20,49640448,20,38,0,0,47,0
73976,32599552,20,55245919,20,45,0,0,86,0
32061,50859525,20,42366402,20,36,0,0,46,0
37293,42467282,20,39240823,20,87,1,0,34,0
184569,79398675,20,57169649,20,56,5,0,110,0
211063,70196956,20,75540288,20,63,2,0,56,0
204679,55160507,20,60441703,20,41,5,0,81,0
14261,36612662,20,40122937,20,62,0,0,38,0
250923,44169782,20,62428466,20,63,2,0,59,0
290557,33233845,20,48545501,20,90,1,0,50,0
370634,40794000,20,42280815,20,88,0,0,58,0
62040,61122282,20,31622569,20,65,0,0,44,0
75045,46171678,20,35818256,20,79,0,0,82,0
358699,40981043,20,55925959,20,44,3,0,54,0
23817,30388096,20,51151012,20,67,0,0,95,0
114755,46160891,20,55384408,20,86,0,0,29,0
44759,60118729,20,50671290,20,85,0,0,57,0
291331,48215804,20,42475984,20,52,3,0,54,0
234792,36743131,20,57268923,20,25,0,0,46,0
57096,41376809,20,49346627,20,36,1,0,95,0
345598,56252601,20,63354224,20,89,6,0,87,0
87160,52878492,20,50408658,20,34,0,0,67,0
170753,55838760,20,35759983,20,35,0,0,73,0
90612,27780019,20,88369357,20,52,1,0,30,0
337433,45982970,20,54792307,20,45,2,0,96,0
245455,66510417,20,51679134,20,47,0,0,111,0
20110,52754005,20,46860730,20,70,0,0,50,0
215197,29152592,20,45191180,20,91,2,0,66,0
378113,50442296,20,46286912,20,82,9,0,66,0
327581,60932302,20,42057405,20,123,3,0,109,0
266718,58748769,20,49067429,20,79,2,0,57,0
159177,58213158,20,52418365,20,41,0,0,54,0
114414,52383789,20,45159589,20,55,0,0,73,0
14413,60842367,20,45347354,20,56,0,0,22,0
40367,52561798,20,45702354,20,43,0,0,71,0
520211,65780120,20,59753668,20,71,0,0,68,0
128013,66240296,20,41772072,20,59,2,0,31,0
105754,40611217,20,49154902,20,49,0,0,58,0
62837,60101228,20,46926648,20,44,0,0,108,0
158233,83855228,20,46953427,20,38,0,0,64,0
576439,78243154,20,42821966,20,78,1,0,58,0
292033,53407236,20,58504255,20,59,1,0,110,0
415257,58188572,20,47235171,20,89,0,0,121,0
14412,52773407,20,53806109,20,67,0,0,74,0
4011,62941057,20,45452413,20,76,0,0,43,0
365284,51119524,20,50630946,20,30,3,0,55,0
17485,60026099,20,66933199,20,88,0,0,69,0
92310,44219890,20,65615082,20,53,0,0,72,0
163552,52158788,20,76844202,20,76,2,0,39,0
137471,33611186,20,52622461,20,67,2,0,50,0
136218,42183592,20,62837825,20,38,1,0,51,0
149373,49612506,20,41318553,20,44,3,0,45,0
234720,66323978,20,59376112,20,66,0,0,66,0
314200,54943507,20,51505136,20,103,0,0,33,0
520032,66074534,20,60496511,20,66,1,0,87,0
32469,57625655,20,47233523,20,91,0,0,53,0
223846,70787932,20,59902934,20,61,1,0,62,0
55769,56581159,20,43039833,20,88,0,0,54,0
335325,38672710,20,52912578,20,49,2,0,57,0
339610,56993906,20,67240649,20,29,2,0,106,0
28587,32822470,20,57560865,20,95,0,0,44,0
134160,51548585,20,40049434,20,33,0,0,61,0
54954,42594456,20,51199181,20,57,0,0,115,0
287333,95809139,20,42633459,20,45,1,0,120,0
16494,50024143,20,68052953,20,72,0,0,58,0
247516,39559260,20,48034119,20,54,2,0,61,0
419904,49899239,20,44084415,20,58,5,0,52,0
74882,49293557,20,59012350,20,53,1,0,75,0
30753,42253989,20,57553166,20,82,0,0,78,0
126192,45842161,20,51955025,20,62,3,0,132,0
17451,43292489,20,36493694,20,36,0,0,52,0
183871,59300080,20,43880191,20,55,1,0,101,0
118775,63821568,20,74515387,20,58,0,0,61,0
116206,46116699,20,44326792,20,41,2,0,76,0
50339,54894569,20,65987908,20,46,1,0,57,0
25187,35305089,20,51167513,20,81,0,0,51,0
228526,69821922,20,41903966,20,56,0,0,58,0
185868,48371682,20,65374397,20,51,0,0,45,0
142881,62764166,20,36847428,20,33,1,0,30,0
206820,60138214,20,71481339,20,70,1,0,87,0
453925,61219608,20,73877097,20,37,4,0,44,0
94528,47784178,20,47883511,20,69,0,0,46,0
610156,48900252,20,56573154,20,84,3,0,56,0
63009,62220761,20,63522874,20,89,1,0,46,0
169154,42210356,20,51471439,20,32,0,0,64,0
511013,76456962,20,47124780,20,31,3,0,88,0
918932,56732624,20,52031018,20,37,17,0,134,0
643143,49313269,20,78162899,20,75,5,0,48,0
555478,72049447,20,42601441,20,63,2,0,67,0
196750,74268383,20,71084322,20,123,0,0,47,0
240469,51228781,20,31802745,20,52,2,0,72,0
234374,50407865,20,54875913,20,86,1,0,69,0
55791,47328035,20,65047119,20,48,0,0,53,0
156580,69310097,20,33402500,20,54,0,0,37,0
79665,50870221,20,37619479,20,48,0,0,94,0
25597,49292778,20,57116342,20,35,0,0,51,0
543612,59051408,20,54460776,20,49,0,0,58,0
108984,65542318,20,59945417,20,51,0,0,78,0
121313,50568625,20,52117287,20,56,1,0,37,0
8489,51877486,20,51164939,20,34,0,0,38,0
732685,51367951,20,90415822,20,69,10,0,87,0
198968,51551511,20,39107141,20,82,0,0,90,0
686033,51239457,20,65530769,20,48,4,0,58,0
398505,46789091,20,47776958,20,65,0,0,108,0
421478,51600504,20,55501823,20,90,5,0,77,0
7652,45526112,20,52610584,20,85,0,0,45,0
21827,64483885,20,61522311,20,73,0,0,91,0
87902,63391020,20,54695512,20,77,0,0,77,0
149958,63369126,20,49598385,20,56,0,0,41,0
68781,62485906,20,54665130,20,58,0,0,47,0
204498,63432055,20,41972923,20,39,0,0,47,0
203549,69445922,20,45550468,20,42,2,0,57,0
109503,45057273,20,31791417,20,54,0,0,57,0
697155,56493171,20,49160615,20,31,10,0,56,0
549965,57641847,20,64355185,20,55,5,0,104,0
26819,44519161,20,47154774,20,38,0,0,90,0
98670,74814260,20,44259384,20,66,1,0,25,0
403791,56350304,20,54196258,20,56,3,0,81,0
84418,35199838,20,47783348,20,63,0,0,88,0
47882,37916677,20,29196931,20,87,0,0,119,0
39795,40000694,20,37651458,20,69,0,0,99,0
31565,22003843,20,47132320,20,61,0,0,60,0
411979,40843132,20,47061550,20,114,1,0,72,0
6981,67022904,20,57277583,20,78,0,0,80,0
349451,42344192,20,49806557,20,70,1,0,106,0
112820,40303983,20,61945865,20,57,0,0,59,0
204291,46471538,20,38965701,20,55,0,0,61,0
6767,30615967,20,54787018,20,45,0,0,31,0
327543,41140464,20,42972638,20,71,2,0,76,0
258711,56539475,20,66588188,20,37,0,0,52,0
5900,55552368,20,43192463,20,79,0,0,70,0
165438,53728844,20,43921557,20,60,1,0,76,0
48247,45788244,20,58575274,20,84,0,0,23,0
98165,51946335,20,68023862,20,87,2,0,62,0
215496,29843414,20,73163480,20,54,1,0,82,0
135894,66729566,20,59182618,20,49,0,0,36,0
533975,85080759,20,70621898,20,67,10,0,35,0
407321,57346861,20,56194928,20,85,0,0,63,0
144216,56557748,20,54477658,20,53,2,0,72,0
11289,56126875,20,44191122,20,79,0,0,68,0
90896,71033671,20,63128619,20,59,1,0,36,0
185431,45983249,20,58600398,20,52,1,0,93,0
169590,66083397,20,63373916,20,76,0,0,104,0
601981,51481589,20,67019661,20,46,5,0,62,0
260394,40003682,20,43050193,20,77,1,0,65,0
12590,67614061,20,46658430,20,68,0,0,49,0
99602,45878521,20,68968128,20,51,0,0,59,0
219593,42363519,20,42958662,20,48,6,0,38,0
403803,44118986,20,40535589,20,46,3,0,50,0
149155,56834933,20,55468958,20,121,1,0,68,0
374827,69920792,20,54897839,20,45,0,0,61,0
527198,49117701,20,68550156,20,50,0,0,88,0
219172,44990625,20,77602438,20,78,1,0,106,0
69423,60897424,20,32391069,20,45,0,0,41,0
153028,37955594,20,60448821,20,29,2,0,51,0
826027,48781376,20,50172428,20,68,7,0,85,0
182899,46606639,20,49470099,20,24,0,0,62,0
93246,43317972,20,58622119,20,64,1,0,58,0
173308,66559758,20,77866107,20,90,1,0,77,0
240106,42562595,20,64783906,20,51,3,0,41,0
76302,50698609,20,68433125,20,65,1,0,63,0
19234,28164877,20,51119670,20,37,0,0,65,0
232112,59970508,20,50992953,20,81,0,0,49,0
89258,60907977,20,61398509,20,60,1,0,66,0
212542,62584527,20,39304190,20,56,0,0,77,0
243277,46433945,20,59781874,20,76,5,0,69,0
585977,82261695,20,95626216,20,56,5,0,97,0
242818,57135966,20,70178288,20,59,1,0,42,0
526238,59171248,20,35939824,20,66,0,0,80,0
55582,38766209,20,56095761,20,34,0,0,71,0
99191,74940818,20,54857323,20,80,0,0,31,0
264503,71155194,20,40638301,20,80,0,0,68,0
144143,71150833,20,38195157,20,72,0,0,65,0
177353,46502392,20,60911439,20,61,4,0,62,0
305097,46058806,20,50123611,20,45,3,0,65,0
101013,63450790,20,33324795,20,63,2,0,68,0
11420,48985374,20,46751436,20,76,0,0,87,0
228738,60049092,20,43928977,20,95,3,0,51,0
318320,67822264,20,62756526,20,51,3,0,73,0
17668,43076655,20,43270713,20,42,0,0,63,0
372184,57383453,20,48662432,20,31,4,0,67,0
31426,45088083,20,45142516,20,27,1,0,47,0
26527,52341756,20,60173185,20,85,1,0,56,0
96475,33324180,20,35073850,20,84,2,0,86,0
259365,59980630,20,51228719,20,39,0,0,69,0
219599,44535662,20,36270018,20,74,0,0,42,0
159120,51166508,20,53059979,20,37,2,0,55,0
209995,48284412,20,55925109,20,69,2,0,58,0
104008,53119097,20,51633280,20,76,0,0,47,0
334785,66843567,20,42069184,20,68,1,0,70,0
232936,45629899,20,63023483,20,88,0,0,70,0
9518,31335864,20,24006871,20,51,0,0,97,0
558822,51427550,20,49760100,20,52,12,0,51,0
477898,60762251,20,63384691,20,56,6,0,70,0
24480,36707999,20,57552606,20,79,0,0,78,0
151668,45713354,20,36035217,20,75,1,0,38,0
122825,59024926,20,42686278,20,53,0,0,92,0
418337,49994453,20,74224604,20,71,5,0,54,0
288064,63723837,20,61089652,20,77,0,0,66,0
222560,52498829,20,43144432,20,35,2,0,58,0
15815,84786255,20,33628860,20,53,0,0,48,0
259605,72773137,20,40481020,20,57,2,0,59,0
110862,50269484,20,46029036,20,63,0,0,31,0
86437,30678743,20,51361472,20,49,0,0,68,0
9923,35725642,20,45614218,20,84,1,0,47,0
198355,52661126,20,43840683,20,117,3,0,88,0
33001,75714498,20,67195550,20,74,0,0,36,0
12522,40580089,20,54671533,20,40,0,0,53,0
257412,54963628,20,53270342,20,51,3,0,49,0
399573,42548594,20,52441312,20,55,3,0,86,0
168592,48460780,20,55936323,20,65,0,0,94,0
336746,36044359,20,57099467,20,53,0,0,64,0
79834,51263578,20,47929204,20,71,0,0,28,0
298128,76706674,20,53070160,20,58,4,0,46,0
297353,42559092,20,48985678,20,47,2,0,68,0
19611,39697065,20,36869825,20,51,0,0,100,0
125411,46909568,20,48663901,20,85,1,0,36,0
318175,53014442,20,56535827,20,57,4,0,44,0
185179,62108215,20,57737800,20,32,0,0,78,0
212786,52318392,20,45532205,20,96,0,0,64,0
131507,70969270,20,58222721,20,68,1,0,81,0
375564,52314186,20,55438458,20,66,1,0,39,0
225130,54243185,20,55204330,20,62,1,0,40,0
117018,28938350,20,60250651,20,52,0,0,33,0
100785,62353153,20,43170668,20,26,0,0,51,0
193287,60198609,20,32530905,20,51,0,0,89,0
69784,100975952,20,43468478,20,50,0,0,65,0
187776,54805603,20,41735031,20,46,0,0,40,0
237910,51984962,20,51931547,20,58,0,0,51,0
6637,60326430,20,48660915,20,33,0,0,106,0
664667,70367639,20,39793103,20,47,0,0,72,0
20391,53089220,20,44362570,20,79,0,0,68,0
235803,43708647,20,67856862,20,61,0,0,38,0
464896,49960964,20,47086491,20,46,0,0,87,0
320377,54486433,20,48178856,20,62,4,0,53,0
84967,32450128,20,49068598,20,51,4,0,75,0
51809,55806848,20,37273776,20,51,0,0,87,0
158061,45616679,20,52982664,20,71,3,0,64,0
14337,94541428,20,50952425,20,73,0,0,41,0
138296,42829012,20,48459117,20,47,0,0,67,0
216422,59794009,20,44442484,20,56,0,0,49,0
364410,77391923,20,47250782,20,37,1,0,43,0
75976,54130832,20,46834247,20,70,0,0,56,0
123430,57726495,20,42135924,20,61,2,0,40,0
493272,53461590,20,76011227,20,70,5,0,35,0
586995,36381041,20,63877600,20,64,8,0,103,0
245540,52869496,20,58464041,20,42,4,0,46,0
665069,50758487,20,42795828,20,82,1,0,59,0
337875,64985134,20,52468180,20,67,0,0,71,0
174330,63971955,20,54822569,20,74,3,0,57,0
298712,46926187,20,79999810,20,45,4,0,58,0
52435,57931789,20,74183234,20,82,1,0,67,0
329586,58977336,20,52769252,20,124,2,0,69,0
288987,50305707,20,33115897,20,68,1,0,75,0
204800,47156599,20,71569294,20,34,3,0,40,0
57759,53611598,20,42660285,20,56,0,0,44,0
612796,62271030,20,44705805,20,93,6,0,78,0
420931,62389367,20,95902309,20,61,3,0,57,0
105443,59496460,20,50833843,20,90,2,0,73,0
360560,56432757,20,35776069,20,58,0,0,41,0
770240,48345072,20,81613692,20,36,2,0,53,0
163125,49483064,20,79393204,20,66,1,0,62,0
235490,56390031,20,59238288,20,74,2,0,67,0
48417,39104298,20,67780631,20,45,3,0,53,0
448779,61258058,20,62657296,20,45,2,0,74,0
42479,67605247,20,67968262,20,47,0,0,56,0
91513,57765019,20,38865490,20,56,1,0,30,0
335370,39220846,20,57398288,20,64,0,0,96,0
96740,74773740,20,47235178,20,78,0,0,34,0
65159,59625801,20,56617341,20,53,1,0,75,0
298260,48656837,20,84217041,20,31,0,0,90,0
173363,53457095,20,37929425,20,63,6,0,50,0
58715,65582366,20,36129465,20,126,1,0,50,0
50826,64296392,20,42157927,20,50,0,0,30,0
364685,60596137,20,55328034,20,48,0,0,55,0
161440,45790780,20,42064183,20,78,2,0,75,0
229894,48654300,20,59316121,20,31,2,0,72,0
34907,57970908,20,44016002,20,68,0,0,87,0
118475,65028151,20,51226653,20,22,2,0,76,0
330485,41611134,20,59218250,20,54,4,0,80,0
29110,54611879,20,77533229,20,60,0,0,42,0
93457,52488081,20,69392363,20,32,0,0,76,0
61285,66130670,20,44068159,20,30,0,0,72,0
766414,50599395,20,51303427,20,56,2,0,63,0
184351,60735219,20,65022338,20,66,1,0,50,0
230980,45150011,20,50730167,20,47,1,0,72,0
253977,35117646,20,53589795,20,60,0,0,79,0
147442,54978468,20,53465408,20,28,0,0,39,0
177824,42588041,20,91709772,20,62,0,0,44,0
213170,53945167,20,51989479,20,68,1,0,34,0
4390,65224607,20,53842380,20,64,0,0,56,0
137772,40793076,20,43206478,20,80,1,0,47,0
472715,36477412,20,59394438,20,96,6,0,80,0
246164,68803881,20,28885179,20,64,0,0,71,0
247195,54496011,20,63165338,20,42,2,0,39,0
7687,57609046,20,41393160,20,40,0,0,102,0
440061,66204475,20,74537675,20,55,2,0,64,0
150926,50588761,20,49646647,20,81,2,0,82,0
78233,58396925,20,63311660,20,56,0,0,33,0
332748,54200301,20,58361870,20,88,1,0,59,0
120908,68508916,20,57263154,20,46,0,0,114,0
94274,36103723,20,40328620,20,46,2,0,58,0
235195,54770909,20,45313013,20,54,0,0,40,0
53834,42150161,20,50439922,20,59,0,0,65,0
338583,61248749,20,42544495,20,65,0,0,38,0
232134,49618409,20,50626766,20,50,0,0,33,0
24284,42798336,20,46531063,20,56,0,0,30,0
284258,47252529,20,41602440,20,75,2,0,71,0
334853,57250851,20,67839029,20,68,0,0,40,0
228071,40038573,20,56275919,20,42,1,0,70,0
98703,53704654,20,46088275,20,62,0,0,62,0
23044,71273600,20,55144230,20,122,0,0,28,0
121287,38044448,20,47686805,20,76,0,0,86,0
646238,55153355,20,55411571,20,89,7,0,117,0
363218,83440847,20,35518969,20,57,0,0,57,0
222493,51688373,20,60434628,20,43,0,0,94,0
8291,47747422,20,51734036,20,42,2,0,44,0
46940,39192723,20,65572903,20,50,0,0,62,0
4885,37194590,20,52781935,20,43,0,0,46,0
645129,91846197,20,49452863,20,76,0,0,118,0
214604,69873328,20,35875913,20,56,0,0,83,0
437878,65301534,20,37442934,20,75,0,0,84,0
327507,61120045,20,67881971,20,45,0,0,78,0
702225,42079400,20,61898978,20,71,4,0,43,0
82263,84966751,20,59453503,20,62,0,0,35,0
280267,31203992,20,48178839,20,76,0,0,62,0
631028,58948222,20,50970314,20,59,1,0,52,0
36652,50129733,20,47737841,20,69,0,0,56,0
44533,49709420,20,38385430,20,65,0,0,78,0
129655,52883292,20,35838950,20,59,0,0,84,0
403476,46632658,20,81316129,20,41,3,0,77,0
28896,42764935,20,54706542,20,42,0,0,77,0
354381,46688316,20,62252624,20,57,2,0,63,0
786652,94003354,20,75792350,20,100,4,0,57,0
106794,50152230,20,56948433,20,60,0,0,44,0
177842,44828918,20,61921760,20,50,0,0,62,0
101435,36882650,20,68863625,20,78,0,0,64,0
203229,50759471,20,65161521,20,60,0,0,60,0
99271,51239768,20,58981068,20,64,0,0,37,0
23649,57116297,20,49955963,20,59,1,0,75,0
269034,76225778,20,47083011,20,80,1,0,50,0
146434,63403000,20,78020437,20,43,1,0,52,0
363406,56153584,20,72201814,20,33,5,0,92,0
91318,62530865,20,29683072,20,50,0,0,50,0
63684,42431309,20,57232621,20,39,1,0,75,0
478434,46787290,20,69851298,20,76,1,0,52,0
68675,58345816,20,33967342,20,59,0,0,76,0
59931,66242088,20,44687410,20,59,0,0,46,0
610788,32469022,20,81590198,20,67,11,0,72,0
159099,37187506,20,49919311,20,74,1,0,69,0
638174,66332469,20,63676129,20,77,11,0,49,0
1022332,59879261,20,57057293,20,88,5,0,72,0
375430,59675721,20,37875085,20,51,0,0,88,0
430668,51259635,20,63588451,20,61,1,0,57,0
523567,67435059,20,34967384,20,60,0,0,55,0
143855,54914521,20,41112262,20,59,3,0,47,0
199366,56400497,20,32767983,20,36,1,0,30,0
56223,61630367,20,44575016,20,80,0,0,36,0
314032,46539902,20,56751114,20,48,2,0,60,0
202472,63571784,20,57032451,20,57,1,0,47,0
289448,40738502,20,49286206,20,57,1,0,76,0
111360,36499870,20,68890521,20,70,1,0,35,0
279761,55350405,20,47045710,20,66,3,0,41,0
203743,55918292,20,65485997,20,47,0,0,53,0
71395,28559619,20,55058403,20,66,1,0,33,0
194285,48443870,20,45755516,20,34,0,0,54,0
27758,43685960,20,38447920,20,49,0,0,45,0
312692,67595605,20,54259571,20,77,1,0,42,0
38423,54983519,20,42314520,20,58,0,0,62,0
33117,37443896,20,58272552,20,31,0,0,58,0
33069,66604378,20,37479563,20,60,0,0,57,0
246687,80646740,20,47362239,20,61,5,0,41,0
66045,42324053,20,62819530,20,38,0,0,76,0
324180,44251375,20,52837643,20,60,0,0,35,0
798883,57381331,20,68138151,20,79,10,0,54,0
503089,45499043,20,46673354,20,124,4,0,50,0
242763,64377331,20,78500651,20,60,1,0,42,0
175121,59787288,20,59372029,20,54,1,0,63,0
299661,70601561,20,43087839,20,50,0,0,69,0
288213,56800139,20,56200582,20,68,2,0,42,0
217948,49657680,20,58065126,20,59,2,0,79,0
98158,53074566,20,77979282,20,79,0,0,63,0
204056,81531749,20,50678291,20,71,1,0,76,0
236376,41322303,20,61227933,20,71,5,0,81,0
246786,54777962,20,62807386,20,30,0,0,50,0
17455,39918853,20,33212649,20,65,1,0,46,0
107778,54114858,20,57616415,20,29,0,0,63,0
1013570,52549601,20,65856864,20,65,12,0,108,0
18092,53214834,20,35791882,20,49,1,0,84,0
115894,38526481,20,51083880,20,65,0,0,52,0
241797,63279221,20,63002789,20,63,0,0,66,0
35175,46752557,20,60450732,20,67,0,0,33,0
177827,48889403,20,68481413,20,67,0,0,34,0
97776,61526787,20,54912179,20,80,0,0,47,0
200414,66586860,20,41812335,20,72,0,0,56,0
336068,75090343,20,37827667,20,26,1,0,48,0
200595,50640032,20,71114100,20,49,0,0,47,0
631445,41310565,20,86181697,20,115,7,0,47,0
449927,45467127,20,39768990,20,49,2,0,81,0
477897,59959979,20,60922353,20,72,0,0,30,0
370798,42137788,20,67290160,20,63,8,0,71,0
449626,63823420,20,48738337,20,73,0,0,56,0
30599,56858895,20,41142253,20,61,0,0,63,0
518503,90613908,20,38750545,20,79,0,0,44,0
150917,32823906,20,44333816,20,65,0,0,41,0
232694,72731348,20,42615818,20,84,1,0,43,0
66398,52596574,20,78174889,20,61,1,0,48,0
745813,68546958,20,48821822,20,70,3,0,78,0
46498,52532024,20,50062053,20,53,0,0,85,0
208811,52740110,20,50942488,20,58,4,0,107,0
48933,39024926,20,33560745,20,59,0,0,53,0
278268,59757192,20,52788823,20,58,4,0,61,0
4038,65759991,20,51067476,20,53,0,0,47,0
341550,44681155,20,76379694,20,46,1,0,97,0
391997,35668296,20,54308046,20,51,3,0,97,0
305510,56398926,20,50852109,20,85,0,0,53,0
461355,34573738,20,70661279,20,43,6,0,95,0
9976,45174936,20,38346377,20,62,0,0,86,0
8663,42121515,20,31480134,20,56,0,0,61,0
107109,38616614,20,62573786,20,24,0,0,48,0
48003,48966453,20,32806641,20,64,0,0,74,0
130493,48559421,20,46173083,20,51,0,0,45,0
10739,32148837,20,56892469,20,48,0,0,72,0
78155,42983713,20,50497950,20,38,0,0,67,0
27585,66698060,20,59916814,20,102,0,0,42,0
82027,38315706,20,57603471,20,76,0,0,35,0
491451,49575970,20,43723275,20,122,3,0,64,0
20329,50093492,20,41500663,20,42,0,0,92,0
223250,55869197,20,49246323,20,67,4,0,56,0
379369,40769829,20,65030230,20,61,7,0,37,0
15059,49920208,20,57151498,20,57,0,0,73,0
132944,68217492,20,29382850,20,76,0,0,59,0
146678,60759401,20,47463045,20,53,3,0,59,0
273774,50254452,20,43498269,20,52,5,0,51,0
157774,49427765,20,61482914,20,23,1,0,38,0
341613,47490099,20,51602619,20,55,1,0,35,0
239136,63456176,20,62856422,20,61,2,0,94,0
27059,51767234,20,64084898,20,81,0,0,107,0
117275,61030640,20,45787409,20,63,0,0,56,0
5745,39564140,20,62907763,20,56,1,0,67,0
483815,48854723,20,66838106,20,42,4,0,51,0
563679,90217219,20,36361602,20,77,1,0,96,0
166827,48370272,20,80175801,20,121,4,0,53,0
13409,48821787,20,45651931,20,48,0,0,51,0
41732,57616932,20,66908618,20,59,3,0,80,0
95482,44622095,20,39637586,20,64,0,0,76,0
13498,60533289,20,54368352,20,50,0,0,71,0
47417,74714646,20,48478967,20,86,1,0,90,0
89872,64046725,20,53639559,20,63,0,0,64,0
189294,44596654,20,59726985,20,92,0,0,76,0
15042,41890668,20,37042857,20,106,1,0,71,0
12875,48157834,20,31749226,20,51,0,0,47,0
90710,51346534,20,41724906,20,80,2,0,50,0
26239,53209693,20,34595348,20,62,0,0,55,0
328665,43078678,20,51703909,20,39,7,0,80,0
189322,41026460,20,77982383,20,48,2,0,71,0
407343,60358538,20,56724285,20,56,4,0,57,0
135685,73683357,20,51157867,20,100,0,0,64,0
495743,28297794,20,68800676,20,66,7,0,71,0
218790,56572551,20,46887132,20,98,3,0,77,0
92894,44731617,20,35654071,20,37,0,0,67,0
19530,51197996,20,63880304,20,82,1,0,39,0
290143,59901592,20,51893540,20,55,1,0,34,0
40214,57305017,20,51241049,20,101,0,0,115,0
599508,51013351,20,48650081,20,46,0,0,79,0
34072,45363957,20,50394883,20,62,0,0,61,0
193299,67263545,20,53757388,20,45,0,0,69,0
317326,59040119,20,38591959,20,65,3,0,57,0
207543,47356827,20,49825029,20,36,1,0,89,0
488866,40750977,20,61819032,20,51,0,0,60,0
29651,53858579,20,29198717,20,60,0,0,93,0
258325,54581376,20,56168181,20,65,1,0,57,0
632910,75994898,20,62180374,20,65,3,0,51,0
290718,65091105,20,50936846,20,78,0,0,53,0
149582,50816625,20,53118635,20,57,3,0,46,0
10513,60982601,20,39661704,20,51,0,0,91,0
52010,46579248,20,56070158,20,57,1,0,76,0
129611,57295105,20,81365402,20,60,1,0,46,0
204413,41249867,20,47811172,20,65,2,0,48,0
136046,40134392,20,72062634,20,85,1,0,59,0
206804,51930154,20,48721285,20,87,4,0,60,0
93646,68370917,20,43903071,20,36,0,0,70,0
61680,34425347,20,54582119,20,80,0,0,73,0
76879,70630597,20,57025939,20,63,1,0,53,0
84019,62232971,20,67168189,20,72,1,0,70,0
315311,33507990,20,52572222,20,66,2,0,61,0
167292,29700482,20,63880519,20,58,0,0,82,0
482298,64528996,20,43712724,20,68,6,0,36,0
3671,68832548,20,60606382,20,37,0,0,77,0
29782,45502218,20,53673505,20,34,1,0,54,0
84547,37565547,20,45244161,20,41,1,0,108,0
194775,74982259,20,65800640,20,45,0,0,54,0
554704,34570761,20,66673734,20,69,9,0,68,0
224271,47809660,20,54775435,20,78,1,0,66,0
35347,67718319,20,55688682,20,44,0,0,58,0
177251,69329660,20,60611044,20,50,4,0,51,0
482092,38533146,20,68378609,20,48,8,0,26,0
367910,33388684,20,62849151,20,55,1,0,44,0
106151,56388812,20,52348414,20,37,0,0,73,0
201480,51760995,20,57608362,20,33,5,0,81,0
185200,57527387,20,52547640,20,39,1,0,43,0
10510,63248297,20,52087250,20,47,0,0,104,0
208736,40801388,20,40641195,20,25,2,0,57,0
170026,60074799,20,86379378,20,53,0,0,52,0
89214,59445658,20,66096263,20,57,0,0,73,0
955065,69495680,20,60368786,20,73,5,0,69,0
114918,58945306,20,43636102,20,41,1,0,52,0
273953,47609271,20,38804545,20,74,2,0,48,0
34211,67852873,20,63060821,20,47,2,0,96,0
333002,71696080,20,86974651,20,63,1,0,67,0
319750,48192515,20,57530855,20,85,0,0,67,0
90905,54555911,20,73914533,20,70,1,0,60,0
470496,62196442,20,54878818,20,72,0,0,49,0
232961,70075462,20,51771109,20,43,0,0,99,0
565925,59070944,20,40464620,20,68,0,0,86,0
9258,70938285,20,44151469,20,106,0,0,64,0
260267,39598789,20,57325169,20,32,6,0,61,0
462494,39409511,20,55796613,20,62,4,0,71,0
181826,64006551,20,45605114,20,36,0,0,35,0
18343,33148192,20,33584545,20,64,0,0,38,0
305106,55883633,20,59341148,20,81,3,0,103,0
223289,37697209,20,61276744,20,40,2,0,57,0
230125,61973123,20,28981969,20,53,6,0,52,0
214725,47820389,20,46465045,20,75,0,0,59,0
215328,64271980,20,42884873,20,59,2,0,68,0
97962,66807068,20,44478379,20,77,0,0,44,0
84347,39321148,20,61009619,20,57,1,0,28,0
473428,55366439,20,83523120,20,39,7,0,88,0
420500,72914007,20,57753331,20,103,10,0,44,0
29771,43524147,20,47137102,20,60,0,0,41,0
19265,44215738,20,57666054,20,112,0,0,31,0
124567,63552494,20,68177863,20,45,1,0,39,0
261093,78846692,20,78577906,20,74,0,0,46,0
16739,51579892,20,42051036,20,53,0,0,113,0
100446,26507215,20,52809081,20,62,2,0,32,0
330742,41983393,20,49582173,20,51,5,0,58,0
291166,40557573,20,52766628,20,68,1,0,40,0
411083,45387564,20,67593768,20,74,10,0,93,0
331683,59817762,20,61265069,20,46,1,0,49,0
27025,43165614,20,57314889,20,36,0,0,50,0
90378,49239992,20,43119428,20,25,0,0,39,0
318398,32600774,20,40366537,20,41,3,0,83,0
112984,52365422,20,46746798,20,64,0,0,47,0
12403,63852433,20,33410374,20,28,1,0,46,0
66991,43924883,20,36662126,20,65,1,0,38,0
286505,53097981,20,65766302,20,84,7,0,41,0
257552,54413767,20,77768785,20,77,3,0,45,0
110855,58420901,20,54792234,20,56,1,0,54,0
137546,41991419,20,36861616,20,125,0,0,58,0
44553,45492404,20,39519754,20,79,0,0,43,0
72342,62060712,20,59505300,20,67,0,0,92,0
93671,53922983,20,53419813,20,27,0,0,56,0
232330,50181449,20,39511023,20,62,0,0,49,0
106091,41072538,20,46003564,20,44,1,0,69,0
140467,70377458,20,69277182,20,84,0,0,55,0
264182,47433480,20,63371804,20,70,2,0,83,0
162243,51005572,20,53350316,20,41,1,0,53,0
119462,59636422,20,43249423,20,76,3,0,51,0
104195,39266278,20,72292955,20,66,0,0,58,0
296688,54741531,20,58494444,20,52,1,0,57,0
564772,62425623,20,51086476,20,60,0,0,59,0
167515,43181649,20,66326903,20,89,3,0,45,0
313912,39578727,20,81022029,20,87,2,0,63,0
184933,68005725,20,41444015,20,79,1,0,92,0
175291,29973266,20,58494131,20,58,1,0,76,0
94024,49820111,20,49203345,20,57,0,0,56,0
261707,61965846,20,63826176,20,75,0,0,62,0
300297,45790481,20,46479572,20,69,0,0,39,0
692898,57370763,20,61044933,20,75,0,0,38,0
95568,29936443,20,52756546,20,40,0,0,83,0
345798,50808895,20,56649671,20,88,0,0,74,0
413215,43652860,20,52414460,20,33,1,0,63,0
102362,58323043,20,53854912,20,44,0,0,65,0
186365,49209899,20,60164995,20,68,1,0,59,0
59940,46412458,20,46280727,20,39,0,0,54,0
223167,71339416,20,42035126,20,29,0,0,80,0
70891,52942983,20,26135368,20,29,2,0,65,0
40751,45587262,20,52896898,20,62,0,0,49,0
138069,52453171,20,66249990,20,55,0,0,72,0
219884,69292500,20,46800255,20,70,0,0,72,0
159047,49525279,20,73273609,20,63,0,0,67,0
571221,42077048,20,80545583,20,51,11,0,49,0
249534,50204893,20,49625674,20,65,3,0,36,0
303056,67547246,20,58117343,20,66,1,0,71,0
21010,46357687,20,38265896,20,47,0,0,100,0
161630,77827144,20,51031559,20,79,0,0,75,0
169068,51892905,20,49061215,20,71,0,0,62,0
482791,64728146,20,68740444,20,72,7,0,59,0
26722,79469135,20,50259487,20,118,0,0,75,0
558968,68489405,20,66425048,20,49,5,0,74,0
111284,57563994,20,48671655,20,43,2,0,65,0
256691,53443319,20,76550513,20,42,0,0,76,0
169548,50992295,20,41317269,20,50,1,0,69,0
244119,69828475,20,55339532,20,83,0,0,66,0
10308,46051752,20,34860934,20,25,0,0,68,0
15769,38218126,20,67628368,20,53,1,0,83,0
199049,60885757,20,51504600,20,40,0,0,50,0
314781,58394737,20,59560735,20,79,8,0,92,0
177547,74724361,20,34169469,20,44,0,0,106,0
303362,49335829,20,37013494,20,56,0,0,76,0
112869,50650632,20,50042162,20,69,0,0,72,0
158388,48669907,20,46180080,20,56,0,0,41,0
86112,40097834,20,66034583,20,39,0,0,55,0
161068,80533183,20,64363433,20,62,0,0,56,0
11829,56240606,20,44918530,20,50,0,0,90,0
121505,41946546,20,41766209,20,69,0,0,60,0
281508,40247116,20,45720278,20,60,3,0,71,0
161562,39853840,20,44375195,20,58,0,0,70,0
455960,31782792,20,51552979,20,32,1,0,38,0
555315,66732995,20,49960959,20,63,3,0,52,0
5512,62284189,20,28275382,20,70,0,0,40,0
69478,52883990,20,43236120,20,96,0,0,43,0
10156,50296603,20,39005088,20,74,0,0,60,0
136113,91184542,20,59668106,20,51,2,0,53,0
537830,51696253,20,33927335,20,41,1,0,36,0
188692,40427515,20,41275752,20,48,4,0,68,0
72240,48852758,20,51282064,20,75,0,0,64,0
6221,58334167,20,42978669,20,48,0,0,42,0
82320,53324797,20,65471465,20,55,0,0,64,0
592051,50702653,20,70287474,20,78,5,0,101,0
242868,50305610,20,76367385,20,74,2,0,46,0
6731,52451032,20,35291456,20,122,3,0,83,0
184767,47444116,20,43980378,20,106,0,0,43,0
255267,61449923,20,74172563,20,36,0,0,59,0
224212,43836902,20,32888946,20,39,1,0,81,0
335445,41647889,20,51815714,20,49,2,0,49,0
376363,50412614,20,48959512,20,72,2,0,63,0
16177,54697380,20,57536792,20,101,0,0,49,0
262997,53181935,20,55151590,20,50,0,0,61,0
276065,64828489,20,73566633,20,69,2,0,97,0
399256,38084714,20,63546748,20,114,8,0,57,0
90463,38141975,20,45185836,20,48,0,0,103,0
331756,58165308,20,37640044,20,28,1,0,88,0
321225,79584090,20,41803904,20,87,1,0,55,0
297004,53050163,20,39681914,20,31,1,0,79,0
248962,66146864,20,74423343,20,86,1,0,47,0
129609,64085106,20,58449137,20,34,2,0,63,0
98193,70009325,20,40373565,20,73,0,0,82,0
7442,51162729,20,39232536,20,56,0,0,42,0
327973,36154567,20,42565323,20,71,2,0,48,0
137994,60042644,20,57947351,20,41,0,0,96,0
6298,50524628,20,55415599,20,29,0,0,21,0
175337,31869751,20,63959999,20,76,1,0,52,0
179846,55171107,20,56272279,20,46,1,0,71,0
395309,33667452,20,54512168,20,40,3,0,42,0
177022,62322772,20,41724279,20,85,2,0,71,0
164477,47000975,20,63786353,20,46,3,0,45,0
132522,67405808,20,53003849,20,45,0,0,41,0
250380,36216621,20,50681530,20,75,2,0,74,0
404932,48277512,20,67129154,20,98,6,0,62,0
631632,54348258,20,59040004,20,62,2,0,69,0
103469,56965550,20,59716705,20,47,1,0,41,0
223079,48433574,20,68536986,20,55,0,0,61,0
8723,50462244,20,62936786,20,55,0,0,85,0
123427,57914622,20,81537443,20,35,0,0,74,0
134096,52691362,20,37808712,20,53,0,0,78,0
74606,63127620,20,45912841,20,88,1,0,35,0
120739,36118941,20,42729039,20,106,0,0,76,0
185081,50294448,20,46033802,20,31,4,0,89,0
27614,38422991,20,42240988,20,38,0,0,39,0
5344,39971305,20,29412947,20,92,0,0,61,0
254283,54457491,20,65739481,20,50,0,0,90,0
98102,46468764,20,42206814,20,20,0,0,65,0
257086,44268039,20,63839762,20,38,1,0,58,0
436341,69476437,20,75234771,20,47,3,0,76,0
86810,51056301,20,68453643,20,74,0,0,36,0
290233,55168645,20,34327091,20,67,0,0,39,0
335730,34742233,20,56941417,20,44,4,0,68,0
157256,45725285,20,42710469,20,78,1,0,54,0
47732,36103851,20,78787739,20,91,0,0,84,0
165559,66100156,20,44006879,20,55,0,0,72,0
430375,84100103,20,54374379,20,100,0,0,115,0
17402,46954639,20,61656390,20,46,0,0,34,0
296087,46273476,20,73895595,20,51,5,0,74,0
256616,37535902,20,50130143,20,31,1,0,72,0
5044,38202581,20,40781850,20,86,0,0,89,0
172794,54065932,20,52802938,20,50,0,0,73,0
484343,35870399,20,56217666,20,70,6,0,88,0
35466,41602308,20,49308248,20,38,0,0,87,0
359966,49106631,20,61624546,20,22,0,0,88,0
5630,50579043,20,64204991,20,42,0,0,84,0
95054,55871613,20,68330278,20,46,0,0,63,0
134366,53665434,20,66196440,20,62,0,0,51,0
382738,54706689,20,42605980,20,32,1,0,118,0
186679,46537623,20,51583751,20,55,2,0,86,0
478529,52753447,20,60633937,20,84,4,0,46,0
68285,77042957,20,27517605,20,51,0,0,68,0
167001,42354275,20,80647755,20,47,0,0,36,0
25364,66122751,20,38695333,20,50,0,0,46,0
70858,84866408,20,44491122,20,43,0,0,61,0
420791,67574070,20,40669159,20,84,6,0,91,0
16373,55141574,20,42353340,20,58,0,0,98,0
290715,48316559,20,50105851,20,78,4,0,51,0
140822,56965156,20,58644859,20,88,0,0,75,0
8568,67922160,20,52789340,20,72,0,0,63,0
21156,41334489,20,43706180,20,37,0,0,51,0
55242,49974226,20,40437904,20,53,1,0,80,0
38924,62065043,20,51900606,20,44,1,0,90,0
83564,59696059,20,61767416,20,77,0,0,65,0
255985,72924516,20,47571984,20,49,2,0,56,0
93559,60109768,20,59619188,20,120,0,0,95,0
83794,52924846,20,78409401,20,47,0,0,40,0
406940,53098615,20,63868394,20,101,1,0,55,0
473928,39210745,20,45700365,20,68,5,0,68,0
146105,59021640,20,62952440,20,83,0,0,64,0
30746,47832639,20,54993786,20,70,0,0,75,0
109871,57773109,20,46285969,20,74,1,0,45,0
45774,59068538,20,45874518,20,91,1,0,57,0
1440078,72976990,20,65270465,20,67,2,0,66,0
232171,81451056,20,42438334,20,72,2,0,46,0
263381,64608471,20,59730925,20,34,2,0,83,0
432938,44190686,20,36472901,20,25,0,0,45,0
230935,39182716,20,69957920,20,48,0,0,65,0
28906,42856383,20,50546304,20,71,0,0,47,0
63931,53703021,20,66772003,20,42,0,0,73,0
70403,62279403,20,57969066,20,44,1,0,32,0
246381,23962906,20,56637326,20,62,5,0,41,0
403152,66956314,20,33154135,20,95,0,0,85,0
27632,30633526,20,48323627,20,58,0,0,66,0
308260,54390553,20,66234769,20,56,2,0,63,0
146985,46867821,20,53916701,20,36,0,0,74,0
11623,55865480,20,56640851,20,42,2,0,78,0
166596,51530432,20,51048263,20,108,0,0,67,0
157281,35738109,20,51652808,20,34,0,0,101,0
471938,41344852,20,54279091,20,69,3,0,69,0
246528,50083263,20,28456712,20,55,0,0,80,0
416433,38199264,20,35736505,20,86,1,0,56,0
94815,44401773,20,46700931,20,103,1,0,39,0
159675,38132991,20,63283971,20,54,1,0,73,0
526155,45026240,20,40812438,20,77,1,0,68,0
185324,57639918,20,65633815,20,43,2,0,40,0
65927,44810179,20,42323622,20,44,0,0,77,0
113284,40933754,20,55714590,20,39,0,0,54,0
112721,48030537,20,52059040,20,51,0,0,37,0
75439,51474969,20,57819910,20,51,0,0,69,0
346847,36856253,20,48417060,20,42,0,0,53,0
225905,31656803,20,56888227,20,66,2,0,65,0
122210,48652291,20,42336694,20,58,1,0,73,0
306292,97220041,20,46003330,20,49,0,0,108,0
861993,61900416,20,62546327,20,59,5,0,64,0
456395,59020353,20,74858957,20,41,9,0,51,0
38968,58408416,20,59706616,20,88,0,0,82,0
14279,58205784,20,46514133,20,45,0,0,43,0
47203,34751760,20,59802518,20,90,3,0,53,0
3600,48492215,20,54908876,20,64,0,0,52,0
397908,44030224,20,43743938,20,78,5,0,38,0
216041,31750843,20,58151717,20,50,2,0,80,0
35856,64570330,20,43440763,20,86,3,0,50,0
482056,69898879,20,55837408,20,52,5,0,59,0
184299,57594398,20,48422407,20,49,0,0,53,0
149549,56055329,20,34186231,20,38,0,0,66,0
7620,46120830,20,35273219,20,41,0,0,68,0
186821,71710428,20,51187191,20,64,0,0,80,0
396261,49667427,20,46407682,20,98,2,0,70,0
812237,83210635,20,47183278,20,40,2,0,51,0
139842,41218569,20,34393025,20,41,0,0,83,0
151261,69216478,20,64929663,20,64,1,0,62,0
58776,35671689,20,38464426,20,59,0,0,39,0
24923,54655561,20,56492944,20,38,1,0,61,0
316709,58126698,20,42675383,20,102,1,0,47,0
155919,62327455,20,42839134,20,35,0,0,72,0
15708,52766590,20,66984498,20,49,0,0,35,0
150578,52743073,20,61141894,20,72,2,0,48,0
291812,70028669,20,57305570,20,75,0,0,49,0
226104,34275149,20,49665952,20,70,1,0,77,0
380404,48329730,20,53396528,20,51,5,0,38,0
275186,52663560,20,68903422,20,67,3,0,42,0
47636,55345605,20,46165402,20,47,0,0,42,0
66799,57145099,20,39935573,20,37,0,0,62,0
223546,64259472,20,39819016,20,73,0,0,45,0
188559,58134506,20,73822283,20,106,0,0,104,0
111420,59224672,20,65274707,20,87,1,0,64,0
269382,55538192,20,56100813,20,88,6,0,66,0
272292,78042336,20,55912788,20,56,0,0,83,0
174136,41768588,20,46903968,20,32,1,0,61,0
133216,70097126,20,58094694,20,72,2,0,45,0
521677,39774528,20,67691110,20,59,1,0,65,0
238034,62078200,20,81621908,20,58,1,0,54,0
166457,66297851,20,51604004,20,79,0,0,67,0
149520,65280468,20,64887125,20,82,0,0,59,0
54068,37093853,20,61022189,20,66,0,0,70,0
44147,46847233,20,50592181,20,47,0,0,54,0
132667,45328509,20,51364440,20,42,0,0,55,0
122436,74035705,20,63778552,20,61,0,0,52,0
196260,29961110,20,45727210,20,39,0,0,59,0
596557,51889969,20,62243301,20,57,0,0,71,0
9876,59613017,20,37290865,20,58,0,0,55,0
159273,41810275,20,39931785,20,35,1,0,84,0
400239,44930111,20,38495388,20,65,1,0,67,0
379798,59932706,20,51169973,20,57,0,0,46,0
170731,42877430,20,56794320,20,107,1,0,61,0
126157,63088416,20,49755510,20,54,0,0,53,0
354154,60841574,20,54992125,20,41,0,0,56,0
227603,37014753,20,52065293,20,65,0,0,113,0
687599,51787721,20,77765207,20,58,3,0,65,0
195041,49828326,20,48098921,20,58,0,0,64,0
151134,86999885,20,68961812,20,71,1,0,47,0
19136,59988890,20,51664507,20,74,0,0,73,0
395355,45218641,20,61000541,20,91,3,0,84,0
132297,39430482,20,56985563,20,68,0,0,46,0
295971,49437414,20,64945749,20,54,1,0,90,0
47501,35799288,20,63553351,20,64,0,0,62,0
540566,49348666,20,56917112,20,65,4,0,39,0
116337,57295653,20,51991260,20,74,0,0,67,0
476253,61160303,20,33068765,20,83,0,0,61,0
10078,30808985,20,49117892,20,32,0,0,80,0
554363,43072794,20,58740465,20,45,1,0,74,0
169248,67286402,20,44886936,20,75,1,0,60,0
392254,54268164,20,53155589,20,93,4,0,80,0
247875,40651848,20,78415069,20,67,1,0,41,0
261215,53796333,20,86727414,20,40,0,0,80,0
77798,78433926,20,44601787,20,64,0,0,94,0
219115,69268566,20,37235735,20,100,3,0,60,0
305531,76749063,20,64109569,20,46,1,0,37,0
39612,55658520,20,51824967,20,70,0,0,101,0
120074,39558354,20,49324835,20,49,0,0,34,0
26966,51926733,20,50746594,20,41,0,0,55,0
144592,53830741,20,80578288,20,58,1,0,57,0
19608,46788336,20,68704497,20,104,0,0,48,0
103107,98338997,20,50766660,20,65,2,0,67,0
289059,79451347,20,41407771,20,57,0,0,64,0
322052,45840760,20,75000736,20,99,0,0,69,0
424338,40800991,20,44252062,20,60,0,0,65,0
193517,46708220,20,49296578,20,53,1,0,68,0
648369,59156789,20,55200440,20,74,0,0,72,0
337843,48712423,20,44369845,20,62,3,0,106,0
79623,57954551,20,50020521,20,83,0,0,51,0
414261,65914143,20,51759663,20,79,0,0,68,0
147484,40618493,20,39886309,20,96,0,0,66,0
21628,61728401,20,57263175,20,74,0,0,48,0
889965,45115395,20,58660694,20,69,0,0,53,0
319676,45830415,20,33298547,20,52,0,0,41,0
238598,61785670,20,77063320,20,99,3,0,66,0
62820,53427998,20,42148400,20,75,0,0,46,0
317016,62513548,20,66128530,20,65,1,0,43,0
280105,51230003,20,63435695,20,60,0,0,109,0
11758,54812506,20,39201139,20,63,1,0,55,0
8725,58566530,20,55638187,20,74,0,0,73,0
18965,48942168,20,37529293,20,50,1,0,89,0
184845,40020575,20,32768907,20,79,0,0,46,0
116262,58705178,20,54183592,20,41,2,0,103,0
128093,47493111,20,41343252,20,30,0,0,45,0
899085,63217593,20,56255084,20,62,2,0,68,0
241481,43895770,20,52841510,20,85,0,0,99,0
13635,43419833,20,40805643,20,92,0,0,51,0
550345,65835176,20,54428496,20,38,2,0,84,0
90900,38924884,20,53271627,20,46,2,0,48,0
3595,55324921,20,38995853,20,73,0,0,57,0
197101,59004228,20,60544901,20,45,0,0,37,0
453401,27915760,20,72307002,20,86,3,0,68,0
128229,71982889,20,47287216,20,112,1,0,54,0
303748,35281964,20,37889394,20,74,2,0,52,0
203548,46352918,20,34002006,20,137,0,0,53,0
70092,59515997,20,43916590,20,54,1,0,47,0
378932,46436056,20,81054127,20,47,3,0,60,0
114078,60777449,20,53222633,20,74,0,0,78,0
108314,53229717,20,48615559,20,69,2,0,54,0
244597,49438374,20,50909916,20,43,0,0,93,0
35154,50936680,20,30453552,20,68,1,0,34,0
462683,47808612,20,49032615,20,78,1,0,58,0
24933,49984714,20,38401549,20,62,0,0,64,0
104203,48712540,20,52304493,20,43,0,0,56,0
314981,58692483,20,52292833,20,73,5,0,96,0
390489,50347791,20,46749529,20,81,3,0,62,0
229861,56810508,20,55823788,20,74,0,0,76,0
189889,51219321,20,61455336,20,99,2,0,91,0
214137,47689412,20,36256686,20,56,4,0,69,0
231319,43524785,20,51503492,20,54,4,0,55,0
320305,63428608,20,55651362,20,94,2,0,65,0
83077,58566962,20,49081632,20,50,0,0,88,0
311161,61170090,20,41100139,20,54,6,0,77,0
235415,56137256,20,47507553,20,62,0,0,48,0
358053,45111099,20,63773447,20,32,0,0,55,0
25474,41269181,20,51145711,20,56,0,0,76,0
391788,55310942,20,50809981,20,43,6,0,34,0
173730,48742988,20,66744078,20,58,4,0,61,0
8540,48705990,20,35949275,20,43,0,0,50,0
594277,70612269,20,67400262,20,72,2,0,44,0
64733,33646432,20,35672243,20,77,0,0,50,0
580847,67277372,20,50403938,20,64,0,0,97,0
320573,90610658,20,65205553,20,50,3,0,94,0
224259,46910058,20,60205899,20,81,0,0,72,0
128548,42086082,20,36335816,20,31,0,0,22,0
448559,72914036,20,67045930,20,45,0,0,88,0
162521,39788919,20,49604632,20,39,0,0,29,0
101457,58075714,20,52183046,20,51,0,0,56,0
189708,58109135,20,50994750,20,50,0,0,44,0
10852,47020452,20,59898822,20,56,0,0,58,0
253200,50004328,20,52427755,20,46,6,0,54,0
100035,43496372,20,51425696,20,60,0,0,47,0
138795,51900731,20,70968348,20,48,1,0,61,0
110970,57401576,20,37960316,20,55,0,0,53,0
158428,52769490,20,55233732,20,77,0,0,110,0
259898,52440033,20,47470567,20,58,2,0,62,0
43201,38678068,20,44977203,20,59,1,0,69,0
232458,55121650,20,53419761,20,54,0,0,74,0
149925,46745056,20,48324188,20,51,0,0,51,0
267909,48366159,20,46420278,20,73,1,0,76,0
171548,58362666,20,39944746,20,35,0,0,64,0
211019,63023040,20,59431516,20,82,1,0,44,0
418746,54198252,20,44380371,20,51,0,0,69,0
436309,55133240,20,66440743,20,35,2,0,31,0
101964,41332722,20,47133146,20,45,2,0,45,0
452796,53405716,20,51847814,20,59,0,0,96,0
363750,32042390,20,54520431,20,43,3,0,63,0
66792,57446374,20,55288226,20,118,0,0,66,0
18224,36122501,20,44259484,20,62,0,0,62,0
4888,38721070,20,65682715,20,71,0,0,58,0
56488,51066159,20,49527733,20,51,0,0,39,0
