146338
115999
239093
506441
322008
323611
576089
251970
688778
367730
358406
191981
349726
532956
280541
112371
402667
618313
201594
62379
90719
329429
247010
35475
544362
472170
523115
23597
748422
345474
720550
290716
135988
604010
244534
218140
606114
525271
63521
106310
192422
180288
237490
540906
163743
221948
23005
384258
320503
842730
376184
289459
289260
383142
172625
64146
600271
252981
83904
785261
37052
182782
714016
20589
468535
130520
291267
385673
463874
590156
760495
448262
42378
942026
280264
644193
345343
217505
116803
310258
399667
647657
385172
324083
430124
31761
318344
51454
209102
986385
840063
6411
561605
210334
1219156
780024
415832
1165625
236370
540099
399088
274863
438913
38675
35657
514452
406645
186750
224581
750587
10654
455583
711239
707088
292886
170166
309547
182567
111508
525084
180790
18287
17405
742063
267821
148860
216156
187385
86376
188075
70493
15776
292304
1078113
106355
417415
337926
273898
767232
818992
457426
205710
284330
66049
89676
194159
438335
35030
383005
157593
668117
79804
393441
153926
42205
550504
636218
390199
379128
34994
191248
512928
14348
238823
258274
119293
34113
483611
98912
588769
266867
610077
627210
633571
144615
168359
454816
202461
402543
313698
342735
132829
51508
253182
143959
227945
191263
373712
25567
398413
566240
214654
290309
267974
350851
313172
157904
9532
305859
98480
221836
367240
76487
361795
360673
212845
476324
564169
585338
798554
464255
163132
335756
129053
248545
305300
771224
35200
61596
10046
80382
643695
27139
171174
393741
358035
8684
191743
186977
168848
481830
620034
165975
31278
55132
945248
240382
374172
10179
166210
472205
254941
620084
455649
535741
26735
170750
275313
117450
78471
16164
170388
495255
459327
267631
179046
81328
109932
455576
352629
79401
376591
259464
556696
107374
121662
74095
445550
392854
681363
318187
281843
407471
472620
275226
206715
894562
553343
621180
66766
233903
311416
40609
33157
276455
635213
210852
447622
101291
114866
195327
631163
560175
377874
349209
18238
279464
570711
580065
569280
20482
318775
402378
556549
556215
71239
480310
11239
525479
754946
106639
378152
856020
167584
40277
48517
376340
321985
367999
92432
377778
387514
197430
419199
216671
588845
17717
490363
146299
189560
97045
148042
183241
392508
712117
336640
300523
294369
44153
373762
267362
113268
1145927
262493
104921
81338
118650
28196
333476
246763
378797
141663
393183
1353365
534501
283351
39631
753520
502145
721516
180508
158780
363375
197934
254886
203173
557536
148961
723144
335337
705052
890052
234283
43098
107950
373862
27851
632357
222567
25186
923248
174683
319945
389333
592987
131309
217812
334359
316085
561757
255581
677250
690639
231674
123268
18178
333987
167223
730720
208101
16194
199131
615715
192847
160407
655137
505320
147793
645694
219644
379041
814765
203440
156046
229058
252558
360029
206606
199810
266014
294911
135742
278992
711191
451826
453573
40766
561876
10015
314400
155806
464894
137647
1108002
853840
14224
429185
388453
269345
11117
357350
236961
396709
124919
262768
535911
341304
751446
192861
323776
667505
610043
491461
382023
832819
716463
375774
310938
737292
271111
576131
199411
155399
253533
384594
99440
425695
500280
387108
402348
494604
628724
154771
818524
258036
215004
289439
665688
541442
723085
114537
515088
155598
209364
618689
178912
242979
402949
393897
157715
194687
417593
159050
452830
383297
224131
568773
983240
404111
592043
280815
513180
360043
304700
364268
138110
206332
507495
68568
216202
301110
210141
402581
156279
510260
569533
428912
691072
980915
390811
285672
89746
17647
44581
447682
911043
956519
241755
435369
187380
223286
102361
889132
489712
184988
285507
266764
11368
596975
280934
257537
309102
342104
429277
182171
240935
27133
207290
289325
564532
25648
203308
142874
550327
64707
70953
493869
447695
466047
351846
47215
610721
433256
405891
283705
163344
56912
188646
378635
330178
382605
257539
312972
359972
539842
383639
246058
188152
202373
383782
240165
836760
28310
277587
532249
800633
45903
601677
331770
66935
221785
350761
167036
332796
277873
65038
303643
629590
155389
254362
793432
36250
534738
439938
476841
106494
76948
342625
100682
489144
448200
20678
276099
297194
495608
271631
449735
100798
56492
19314
209559
66634
549372
315816
534094
278983
469731
337019
141968
141281
188841
322681
506561
411810
347133
436286
732697
214230
98190
109806
279933
348106
99766
278192
112965
270637
508429
257604
134730
310287
31778
179994
466069
112884
143482
177144
296644
756429
358220
437290
219645
82551
101899
76435
717694
19323
9570
841245
130199
222559
783535
146531
308183
352335
500389
72545
487536
162017
794001
374915
52771
267423
52392
564654
824275
375007
78140
230463
28067
323722
398873
458382
759835
571107
736152
120473
187422
22823
324597
139569
431416
119988
92706
109209
666131
478717
74647
156463
1177470
609720
121084
147032
325812
336042
486819
483745
108580
7978
771550
262276
172785
189994
215347
325814
401829
90298
521350
542835
66158
603007
222421
266413
845484
688087
393772
227065
474140
368482
278275
534833
225017
101147
212183
312698
35842
843261
289837
462876
455340
426764
622625
324813
437178
452245
545033
220745
120136
676758
649198
381405
170442
483379
379185
592666
279343
359935
599967
556753
571630
417166
373255
426938
472199
364319
235787
412609
254051
220279
112639
443646
262178
390351
594632
99865
570002
363102
564809
375981
198815
147788
48436
105027
92455
608332
157133
24476
549106
536941
97588
242987
159184
347669
359987
29702
238409
269627
347850
260932
198817
381746
42393
49714
1101627
242251
820284
149895
34781
94327
92711
509741
64433
47881
58785
55525
425985
80282
552950
420166
281224
505959
791903
242355
442637
84641
456804
402625
78016
427345
241933
911313
537751
196006
341952
908324
434802
457939
195777
157993
327532
266664
533882
267650
371862
490647
466618
396975
95214
602501
44410
761676
688996
271319
574258
430142
178748
289434
190693
325308
274727
728952
195028
91964
12435
427884
489530
541044
77463
151582
745754
540910
149419
524976
139927
513274
872447
267543
187172
864454
505940
194425
807605
46342
311447
812794
446837
119556
473684
109339
382177
247116
217144
319005
603044
135709
103306
393771
564603
613142
414721
306932
410715
570113
9105
457147
654527
430126
613147
188271
397040
203355
8890
406266
179940
191937
306364
271317
300542
206376
925324
123944
430155
713555
372359
425976
446948
212809
821747
338571
371961
45700
151098
34741
238168
279298
487029
128837
16603
335674
267430
119004
465458
20626
144856
151223
584614
637620
130176
627141
374163
258854
321646
54044
33710
178328
405539
654080
264436
273175
264378
160742
407015
231333
624470
210133
298628
536264
349287
208354
221383
130591
466691
29989
251459
289411
303833
342429
148614
368560
365222
642224
126321
111179
370173
770338
59795
551847
205661
123234
140551
472103
