113102
13756
149516
41859
289867
23836
372132
157558
290002
299288
176400
49904
216984
225637
279668
22285
17097
173029
87246
8448
315847
323292
29147
33861
54354
82682
259578
491256
537353
255980
82546
221207
401044
184842
48328
14788
361159
47730
66291
225192
190356
186391
5333
134967
39133
318181
170252
86845
192874
117926
231148
135731
184125
45532
292929
307840
240363
117069
124641
233261
10097
40617
177788
202962
183664
265930
225900
409333
12992
181546
117505
65320
107579
99127
297615
302344
27100
151591
26746
196455
85160
48550
307340
276971
16272
17862
397665
195326
511337
230628
166472
151858
175893
239598
161865
358739
239546
207697
70912
261493
51338
86465
318058
294036
45198
187496
369351
346655
194724
230568
91404
222299
5384
36643
157157
472425
253667
125241
174080
119164
130050
196821
137522
18870
110382
270850
405989
170912
242757
232486
39886
336781
90144
131104
267366
69073
56961
172402
73661
83084
172089
33998
313210
34673
127767
183448
254659
461281
196513
267423
3334
175615
349674
214823
323101
132915
166822
165049
22245
141466
11522
172085
176320
118671
22329
18646
105930
274567
306235
169062
280764
201162
85868
129686
173072
103071
180159
232357
25831
161912
209547
456391
71428
129790
232966
321223
146657
197852
491813
37179
307185
187060
330013
39561
223568
504337
228045
117749
157113
255817
395362
212706
31846
67095
345924
27169
79049
223284
160985
189451
145267
217202
227651
14013
166981
270889
241665
162241
115222
301800
440467
248052
275296
9349
196458
46339
202902
240723
22031
152538
120557
246540
346503
242525
214583
280613
46059
250143
159839
185113
121209
427580
87754
94804
244180
152486
120676
15309
218957
88781
143888
177135
247494
73873
13021
112345
46035
136388
197738
69938
52640
237790
120408
134043
93519
121324
224743
220403
195351
263598
93195
323110
164706
216353
217453
66293
404251
164083
127456
246027
303028
392881
202393
29538
24545
219877
250887
220623
55576
156640
296806
107460
242540
190967
81942
74773
32563
242338
7560
55740
254918
29339
257940
55640
92004
189018
262584
235206
339418
34453
473349
13979
211051
72128
89605
286348
21601
115140
30506
83013
67232
30558
132292
93966
383035
89077
124478
91916
272734
247916
58963
101022
13930
376043
203452
121457
263155
53124
250881
368473
284384
134683
191043
155804
8988
305984
14645
133652
6837
36315
96820
174897
100793
300972
148667
139898
131385
178999
125138
18679
174422
139344
120710
113125
239370
59618
262318
305727
76118
188476
107171
31582
117480
71921
127779
88209
287993
34589
139904
43295
120845
130187
442460
302075
166170
5442
14149
141149
134279
223106
13472
11650
312798
515940
433453
377079
109558
338605
86278
229623
338506
131830
12900
62871
10981
77165
36138
317300
205926
90729
429954
196165
36046
11358
116451
117877
13587
15987
530636
81333
246388
314607
67599
279974
114365
111028
41334
92326
339867
205874
19377
202077
281257
12515
161387
102145
39970
157879
156446
229562
221183
291048
208399
64149
121389
285236
103022
167879
204486
126777
437899
326165
364904
374000
108952
300564
243794
50258
148757
42345
266551
202338
255178
317599
99932
169709
230666
101504
537516
328002
120352
234408
318949
116190
154089
246633
39219
60743
163824
88491
137797
80944
585646
111856
111826
200455
246978
36308
237569
305360
240195
424834
142588
233273
121848
150598
322198
226695
261370
104728
370860
210939
279217
114608
26394
451307
43381
125256
223288
268618
14430
149221
3703
390646
142243
179296
260112
435979
610118
153244
227321
45957
191991
246865
419543
233732
169332
267953
38423
109929
285504
241725
229921
115434
226518
94405
72111
115071
223595
214055
145944
62058
182196
237263
567646
180905
49040
323092
219545
53899
234095
156458
431233
395513
473280
82209
126222
233892
114954
54942
277997
311146
52791
121728
188289
42458
348247
189287
79534
153902
477310
130820
195612
44614
266553
131605
268820
32552
231077
7511
46294
404555
334226
46676
284047
155356
10522
170943
140755
115129
136675
66962
135873
15214
250476
308245
225910
104326
22178
27803
336832
70986
134987
317031
77320
250060
182511
365774
211869
388940
361688
122459
213312
174038
276839
428375
145790
83421
39458
37686
120554
115422
361445
239981
310625
391533
120828
213193
176035
275233
224579
20073
236616
161888
92597
4366
117687
301708
11849
6272
207667
536420
192388
155259
571541
232938
262775
353011
129091
174617
118558
34148
46183
131637
291995
107741
97035
364454
126600
73652
25307
380598
223827
254748
490818
195414
156684
20267
247753
333067
299909
233727
286988
179121
14219
22592
141099
35335
118328
140502
186179
7672
116159
402900
389064
436416
70774
496376
77032
161409
189087
160309
57578
287385
215470
399963
88530
243419
191330
176124
230504
122101
163529
62275
62178
8701
148508
50837
142514
221360
431901
25882
56047
104867
16263
11919
344895
178733
100384
116170
269299
9093
394111
135190
335693
381920
156495
13335
23416
421589
169101
49684
343456
345282
336513
45980
221921
183170
61830
133955
326006
125543
94847
64387
168543
196317
89403
41501
125182
88754
49946
127276
135347
220553
236965
386036
126641
309489
153986
231090
481022
173910
364427
63888
273757
108933
238113
325377
397134
9501
172067
209179
328985
218178
78387
315192
333051
116405
271149
140346
395543
240047
44661
245676
174702
34176
395603
39910
135353
216645
67149
227671
11509
273340
344469
240061
48465
48990
10328
151803
330202
160515
132654
71599
259295
320947
205625
43179
162802
399102
270986
111476
120356
169972
338946
138141
84775
138467
16524
58077
107404
554052
136400
166758
182744
459227
135017
81125
181661
18791
389334
54185
57705
29175
311273
22670
93471
162362
129053
157723
275554
175612
411096
232131
279311
257585
155968
393714
101988
241237
14968
205545
19667
31926
214939
24824
194165
166978
110747
218929
27456
254517
462227
141286
230127
187570
356838
26829
56692
7527
230256
371824
63632
276403
457341
167254
223443
171305
11444
85718
10880
369491
42029
393005
263275
29096
95804
242657
263069
7213
23695
28653
228324
332315
88241
155239
149714
62222
356063
113493
266208
297879
111911
19303
238347
431625
189673
240148
204106
423425
341408
175237
273471
256112
118037
271737
126677
10566
10113
198926
93959
80506
101847
227827
337374
369239
126268
193736
497020
104709
281595
331727
119390
46349
132233
262800
180749
12786
361178
207214
78482
264743
25632
190664
21202
153977
11249
8161
236008
398009
26199
262167
212336
18915
149277
338533
22949
70464
128785
39984
15501
162765
17434
121612
165434
192408
349454
153111
18872
223856
230816
178563
10831
247363
227400
388940
219406
186359
122947
16763
64780
139408
109678
293118
92559
256384
290462
214840
18551
225620
151146
142740
100274
102273
373186
11367
165333
55364
171353
111419
