333532
385486
160098
529279
357315
20119
365709
237497
182984
115380
39370
283229
510306
646392
529476
371596
21315
412800
95231
28476
409831
499322
476743
528254
51206
557478
523605
90700
996129
341966
382940
25477
465722
570462
636885
284103
304488
290928
630040
611979
349260
18020
19560
57045
35991
186226
206709
578566
638841
57663
595930
135122
303031
86187
346853
79884
479841
22975
655977
1008096
194940
803351
149877
379172
180387
630060
589705
322762
303772
25830
536328
245670
85313
260751
21868
815433
868626
485456
715616
285325
194702
281438
545566
59342
273355
400862
55763
705061
86270
324826
143872
392215
672584
171953
69608
109121
1028251
307033
764466
616881
151219
480751
87078
385207
191134
371084
404451
444603
245277
459631
88993
350409
48724
488119
473563
96075
348382
86755
425160
139994
584535
1034472
410665
122852
26824
346012
76528
1153951
169787
405372
457957
705309
223771
678459
171803
266138
656540
890029
158989
146771
749705
235891
673188
235355
117712
568643
419113
158054
176508
56591
305697
191143
128221
346020
629658
91750
503499
63815
465792
493790
110598
893261
104543
998967
57351
844529
132189
69681
393718
246155
480302
18778
105341
544035
11989
85314
275532
37786
224836
418723
656465
16656
812115
961162
831164
166444
730769
200268
36361
339029
85641
12340
520648
663865
107836
72567
894615
20303
25543
847737
762399
584865
88372
695926
194695
300816
707469
567696
820670
286253
588165
281588
150336
332657
385045
919550
315849
12978
159924
634760
682105
207920
645574
205170
164169
272425
708825
286442
412998
112702
952186
949514
358601
737539
369264
954504
1385773
180219
567709
389694
302112
586298
28086
440474
351019
1172196
1226099
243191
152859
264798
230393
367764
644482
295150
209119
22356
327195
584253
343615
153230
689027
294072
558307
348927
582036
12358
1081642
305957
573352
125844
373865
494512
245345
28259
795332
268368
168793
296043
228915
759575
88118
252249
495448
270689
296938
560631
496480
299714
30395
78778
158004
39170
519256
294796
279809
623499
53168
12311
85406
658015
683839
293935
351777
328953
16076
29632
134619
565075
21634
610323
467890
854323
311696
145361
284935
287396
81589
690199
266515
478716
878145
279161
416791
940365
65480
436694
76004
88345
234511
291628
302732
687713
387172
175615
789046
137139
103482
469643
45519
224599
50228
500925
298719
499262
187137
568428
390089
63013
281430
291762
580800
499041
315921
12883
164268
338994
124684
429772
866534
555317
303428
182110
895244
787048
339833
360534
438639
46922
341183
284666
464829
311761
178585
439323
318528
722294
250634
322625
340883
368562
567675
557690
304233
660207
409992
392138
70033
197321
13647
215347
62783
151840
340186
469508
654642
388513
535348
212226
335000
27438
671082
412131
298587
363004
346457
754730
30684
96227
490440
286953
437193
460446
386142
90479
280760
107815
15053
35105
284223
400070
200733
151732
1197042
66731
768569
193157
507776
672405
719154
306357
217814
616754
68688
331853
278153
56065
192403
401837
793391
1124923
321283
758504
742932
565221
473009
1160676
342602
560731
173404
370187
278597
297906
306912
311795
370494
29333
687841
415992
1131949
26029
334288
319444
624124
405826
439149
278509
477985
386340
1154105
829444
66068
81843
998589
180508
494666
751952
374536
106027
451908
911182
586161
293995
153158
387750
82048
271501
24432
306955
267132
176955
144105
173831
527088
157776
54451
24410
388141
577998
374659
142350
576436
124833
303416
216937
295405
498180
39102
172725
61345
74704
206379
282285
425347
61687
321121
89955
412448
605102
622366
444407
103400
43556
91965
421596
428605
724733
237704
300931
1051465
249904
447794
197186
183021
581421
337110
213978
828076
106697
381014
550054
214749
16137
627586
28845
92938
678576
623233
453283
311535
427027
270661
1133763
107185
112267
97321
1039709
431546
300011
201051
476107
724089
91166
231487
111004
650871
809738
299795
433746
102406
269654
635724
763445
84551
58029
487087
230763
633972
291145
19541
457951
26860
722983
301295
406766
851933
807607
831914
284281
656935
379333
281556
89129
164721
233695
474721
129948
85326
89835
51143
399167
567698
36157
789280
12958
43231
726426
9983
46054
141395
372663
337186
120971
18505
161346
657161
199515
143148
402435
139059
1013280
647092
604231
22679
999062
712433
153124
25704
242969
304686
529824
536302
32869
358840
384350
565409
386193
18199
285509
365679
317873
1078160
464926
538826
223175
304949
875122
178358
147074
521864
132508
219740
77927
289590
461792
266636
33499
284313
474049
391240
240950
504345
175326
84473
558548
555843
479664
556244
323820
92089
445874
194053
730113
222853
406170
317373
139087
97871
293421
739663
927599
263535
213297
285188
314620
366543
255005
746479
383892
533116
490614
421688
175984
480017
106572
206053
257020
564299
576270
262023
362290
283126
441874
55390
652910
201259
329057
92361
191895
275047
1127018
163385
424242
401493
71155
301517
142328
97952
69451
427824
255411
656522
867981
339652
119676
548073
157383
188324
533668
831893
1026575
961194
374732
167386
648899
318175
142891
56067
227779
314664
188698
351028
509327
882413
75833
587459
213433
842038
379596
328296
303106
455058
139956
742266
240355
284004
237066
186298
1099010
777389
319039
553620
916367
563061
37051
55440
793851
952966
610112
582312
17740
745592
560999
328642
336749
144306
370487
768017
141314
593537
114225
126658
536602
379936
664343
664877
943666
537162
225152
273060
108848
330487
137246
228190
459130
111711
343753
611221
614211
235976
10790
719841
39441
401431
265778
866688
522754
567326
465350
347564
31865
362713
1051225
285397
720143
639277
249230
546118
352805
127699
168522
443024
160480
444783
407207
329613
94420
196340
754142
379653
398698
311953
595752
72556
327262
644857
154245
275024
321719
240089
225512
322047
579109
42842
120384
400009
658754
410917
132880
106693
32472
13622
422413
271997
286053
173532
286987
37205
142561
35012
308484
835519
153705
632619
20290
45369
225869
346401
377612
633313
142992
470946
258464
561131
300449
704470
1079749
580465
52514
553022
853922
278375
268252
364347
31420
725381
398543
596757
230428
313407
767891
72985
496409
278894
171115
423308
238320
118044
812306
480256
739348
719482
568897
673461
262732
336008
562096
341782
379964
462057
32116
632162
454065
88213
217792
897811
176430
930905
223744
803284
527234
43724
256247
1040071
263301
95767
172981
282372
581904
566480
311457
469831
643768
568029
391930
299699
69276
576473
971511
218324
207713
492088
74824
577959
425604
441871
916513
398891
85274
456046
314102
433533
536643
329211
388039
172804
304750
109113
245418
147445
364859
322705
349525
669219
917894
144354
225239
21151
215544
238888
152852
917151
132020
284634
269585
132535
581572
822277
230191
33234
66455
262623
523494
277671
471827
280289
162334
156828
950348
434227
761518
138216
104335
530910
777771
35890
289333
28469
551839
316584
229681
