215395
290833
438837
54223
169637
142117
303259
718398
920450
300497
560919
466316
38240
519445
406181
230608
47792
16215
154137
492941
264254
27497
278047
34431
352066
172805
257958
96095
896506
295853
508902
539756
1046506
139885
240157
214145
405374
393422
218705
377236
256105
456974
266674
243130
311704
82499
157839
45691
832062
432411
659792
491130
174894
378339
83703
187914
552204
186354
28362
87408
150385
422840
841139
486383
710191
258236
262749
464579
50241
430305
395564
504708
306665
788854
35237
283088
296399
650390
641504
165967
168399
402225
459469
44876
552174
356623
101346
396807
202007
215775
207347
433134
629374
374945
438115
847602
383339
335464
389940
618811
64316
315649
481292
804758
326586
148534
76286
55351
10957
405061
177469
592652
381760
618344
586773
60228
203668
761703
498530
130813
221444
329618
588908
168065
39799
474273
19757
486347
621143
351003
231533
341249
514384
56171
335116
278992
754587
356736
144380
358202
278766
678206
544126
26668
263544
196974
223344
727555
434906
597189
61187
233445
427144
319042
233330
30076
769308
253000
139842
237588
423898
147973
596610
225581
501350
571384
739917
399689
335764
404098
708954
276162
442428
182438
293891
514314
190299
581423
353374
344485
690062
483864
854536
165313
216756
98030
456288
160846
802000
519485
102651
403529
660006
214711
419413
36731
40935
57179
120432
113407
359505
62180
231792
446256
243164
397165
359033
618354
148209
330737
249772
11887
380318
205443
673086
86880
40999
34273
110011
340895
93356
477790
375132
244864
313738
736285
23687
377696
311622
25278
385944
180231
364744
500844
546459
353692
492135
298296
250693
237060
161339
435925
309246
15391
44703
12419
240985
20626
533676
426793
375368
665606
386467
461291
561786
243807
192248
475563
283313
458683
901959
43397
345231
475349
257552
242784
492575
791619
149564
20295
332840
147380
497376
128118
469209
282725
106083
354885
367370
265661
28491
414143
495092
126977
416682
324754
427288
177266
427845
137693
256390
521636
278697
381644
487205
366760
141674
228373
386770
618633
235436
658869
385648
261989
168885
239685
34681
28257
676260
151380
537072
237021
285989
643142
755083
127528
730817
907029
523703
17992
496178
149348
471677
6874
165813
396021
315138
728308
419793
181599
397261
41260
713617
19436
1154438
52235
233884
260905
37587
355559
243814
412284
285203
183813
92596
531603
82197
243753
867111
57492
435266
374074
450481
81241
416825
277695
648608
655032
401713
268878
217740
182044
218182
905855
109886
61849
503954
340908
519780
327340
189000
288871
404793
847999
270663
387572
263570
299244
843216
219823
228312
26599
77653
462174
932209
489730
654775
127992
663329
87454
505358
382483
249133
591567
689514
369159
310281
262035
377276
480837
600121
320594
116984
110418
14101
240456
398742
922738
636395
272377
570613
271413
433953
636703
530799
232746
413828
96866
217725
790818
228730
53863
606829
87197
457482
290523
285647
787305
154587
765867
167447
404031
35250
62079
33198
348471
36238
211580
682355
471111
133603
28778
638294
264550
111995
96323
383880
244432
471450
501842
179327
26094
265063
533653
358923
154903
212362
671452
645728
415409
305444
15793
739828
169576
126089
451580
102055
34031
705371
174613
499652
27196
382153
578716
648798
809668
655069
271711
600984
209842
259973
361545
229319
21393
68950
753601
237220
26893
140996
305187
883995
201394
258365
41425
116561
614121
55719
479895
750357
28740
452409
203606
270515
341856
80318
407957
621836
90488
432082
23550
541540
315948
188482
196883
865626
343363
217824
490988
1027244
530016
525730
968778
323525
81964
280937
250205
758334
461018
1280118
56783
243279
169667
438458
592530
849470
328902
216581
149781
254393
815150
415278
265420
295458
325386
765135
664492
361863
115969
409651
418013
1115251
537261
417578
418030
233375
348909
886673
306158
86087
277691
57515
107476
230009
381317
304435
195620
602736
427271
151693
94476
94933
51249
141732
174014
710018
9720
254910
111319
194160
275352
284114
161397
628308
494331
420531
456735
285056
92153
91497
113673
339544
504308
543506
468776
87641
471369
141477
1008821
309859
634765
485053
327685
428944
356699
508982
370169
455075
385167
237700
89333
343474
227897
634724
381631
662565
469164
666376
34627
269789
283869
11488
444111
368987
518864
83845
66638
209936
472052
156077
512331
426116
101254
683405
174119
16253
717811
227237
56357
539207
404225
792149
764894
466543
37690
144915
849600
598143
498511
178515
635012
479303
424697
636101
674069
192744
423042
340529
86789
474361
451015
408946
361506
219482
81400
559474
217410
598809
40661
94617
861154
760756
595896
138509
74766
238189
226698
355396
40346
94188
150639
401348
504768
430889
529819
125179
301554
583307
310874
219989
346634
316731
67968
555145
447573
820903
478343
468987
392137
358930
424447
280279
456244
692897
15826
210251
747596
157094
296909
81594
76971
41821
737555
229547
712517
430683
172144
527515
149988
467037
691351
380952
729994
920987
166502
1008561
383443
414698
376570
188157
121997
655957
624965
309259
778656
264964
407735
814819
143653
281932
97015
230560
342310
27287
626690
357127
881851
271992
236610
518771
199986
193921
95474
614448
269020
550272
127985
96423
281801
190952
851668
438260
193895
103910
272587
289321
191138
361805
17074
27400
225281
784358
845853
370629
543429
877589
780219
65355
24025
242278
131043
460398
480174
208161
133604
578640
514299
891129
733560
686719
374765
110886
106872
109773
481398
521506
396453
224308
150401
456158
316223
1084828
810843
414088
264684
142023
391839
199147
45801
686678
807165
705580
185966
279769
595900
132684
702465
383982
240242
479130
511451
290297
301768
50909
337185
319183
214459
930114
202687
50258
344014
292209
401032
77759
295418
515374
657996
634409
1264671
109055
120738
28419
609605
614068
22989
586388
36136
464233
502069
73373
131545
410368
42662
56532
79823
289393
352476
50776
40296
253324
303617
581194
224769
595317
345009
899872
175362
889216
359979
571823
659699
20805
508202
287488
309623
152143
24365
107346
677907
65824
652581
466427
610052
163013
451317
433904
371647
295102
437256
146405
550304
203870
762709
274090
322914
537159
120006
11586
541544
126931
436320
394320
220362
382835
432997
331284
1035147
228909
137202
175581
149500
322052
905427
108547
912643
765088
374534
692017
343397
189541
356018
71964
617872
192372
38632
404968
274806
547127
1155137
144540
357926
53570
55098
287471
768102
243794
246154
220854
343778
211831
587806
620167
357523
579078
102029
98946
16918
446169
213854
362406
165297
581578
216151
105987
261817
432232
79555
579482
28844
345768
142463
667752
33567
540380
668118
239322
378591
468487
307220
506882
209320
208534
382525
485318
716206
292306
299431
378464
62970
142118
456969
350368
618281
22585
35396
946056
137450
678881
232524
171171
295457
412514
364405
852999
298015
38799
402187
429881
499095
370690
127443
