151726
197070
125571
6258
144767
30477
71196
184441
157333
127760
332066
153584
129093
265069
412218
568944
18493
392651
237614
326162
272714
163094
7882
17528
15398
233872
312703
490383
3197
96164
188404
296015
183838
167219
468217
318521
294757
223874
141962
153471
209448
382553
6954
229778
131855
56905
203777
169619
20263
255266
83964
295478
100362
250634
71592
208322
139169
217452
270305
18297
157755
185568
73637
215444
150992
155391
240092
204353
604332
146375
184865
168975
235057
219375
151153
12969
275196
176184
203447
183023
208004
457642
49443
211596
24572
443832
135101
292233
22563
551661
221260
402664
320219
113411
99851
314480
39141
194797
50737
151600
123624
21681
131841
134589
32344
157334
155263
252118
173145
44746
13539
235879
344181
570082
258044
167800
270164
394039
78354
219509
126858
394052
486518
200479
306211
254442
138820
190905
139651
20532
267573
153653
85258
113130
44516
308321
121737
59807
277469
210172
179501
215145
36049
333859
34369
288988
89236
139600
65481
102047
157854
51144
279072
307789
732990
293484
355258
286702
50337
205056
196837
187611
406117
151443
129770
151977
155067
156599
296260
32860
411774
137468
245362
255468
264028
59272
379818
170814
148266
180699
489988
58814
183193
174515
243938
125956
110879
206185
266490
213060
275396
308220
88958
156947
427711
202687
231435
31803
389689
269161
100992
332151
159584
218125
29732
294363
183716
56950
308287
6387
226208
202232
286914
28961
225294
355980
155192
424753
301448
66403
443442
179500
376237
28038
401165
521177
633866
50644
183507
83654
25571
313920
57085
203051
485181
156596
64781
172672
362858
75983
58191
4597
245719
493011
159163
502914
548921
34479
211624
348709
125376
452982
192770
253618
92919
123094
58732
42913
311183
201249
267269
211594
64185
176879
52749
333961
7351
309233
49071
221199
362104
86567
285011
304394
204235
111060
328182
358330
174314
280337
320007
321576
816455
86244
172254
403346
277492
8597
502074
118772
298746
163002
389696
306629
204903
106493
269420
43658
14638
234810
299420
338459
363132
459248
7972
336864
286031
55443
42739
318300
174332
235340
4839
252606
173802
8707
69658
4150
43799
119268
53916
393306
52415
173422
29358
307083
27774
168553
250587
3769
563096
145194
698845
603644
220892
23918
172567
288549
193764
41162
229279
383793
155025
68009
85212
119577
13728
399397
116034
278424
187709
46405
391058
251736
83909
588480
7554
140035
385164
84226
215690
68985
261828
54306
410004
142015
157757
320241
227289
334705
231509
253058
194016
174159
238280
70916
147416
172901
374048
500081
225382
53200
105805
154502
385914
222700
36365
303216
197807
209257
541416
75275
53789
253023
408604
93160
206946
9758
248917
268010
158555
187147
303959
456702
143991
95044
376348
170638
18519
63960
433885
41217
211410
163800
31141
409077
37119
23414
184709
95495
304479
163882
161808
209644
299182
415260
69540
108389
299420
181464
69665
50625
7100
169774
128163
45029
10562
14944
241388
79440
123726
103926
152851
378513
133200
26571
76038
295555
48445
84868
51856
149119
145633
177604
77850
210909
70367
92169
14232
12296
173848
11840
167844
69947
19131
212700
13140
166514
5304
278835
43574
32078
34415
29072
169067
99960
252038
58725
10058
8660
232864
58800
470547
239718
420185
418881
26577
282254
167457
14258
380794
130688
57606
32351
252408
164612
374395
94900
63789
257928
11071
25057
289655
176589
226100
226718
351476
456758
27115
277477
181630
224033
9913
225587
29071
184594
305026
386199
457765
102409
299245
197361
78240
123850
249880
336089
302242
175498
179452
173263
418656
115764
5083
140715
146802
284325
171885
71452
148429
534220
121330
92299
190102
305432
264515
214970
85109
11565
6351
23841
77169
54691
494604
401910
191952
212099
36263
437685
158157
25772
186243
264687
68584
410257
396697
163590
154774
168585
549865
178641
348342
146022
207701
388921
247335
279733
150119
591442
233024
373498
208230
223030
488103
113679
425916
18646
394957
80099
367798
281395
134409
13107
86717
279356
74550
349788
185851
119445
30083
439612
43682
124570
39530
80482
9371
145370
5469
148538
372791
366728
258037
406784
116730
280710
151998
191781
104443
29032
212851
137413
49557
490317
161103
325680
16072
131923
185112
281932
100216
83797
254714
203489
291713
71208
163524
533122
104972
194748
391100
147329
200645
85182
570863
57779
297534
155465
226645
17768
168332
83152
107082
92529
97734
99428
18654
118745
156172
21421
153672
99013
68540
35250
37161
120202
54460
185745
291946
185028
258216
4605
195562
436968
264968
291966
646935
37395
272700
279378
345298
156765
195023
162845
35062
180124
21859
164556
293420
258522
87990
7162
207006
146044
27461
191396
284582
169767
80154
62347
25286
304951
198320
423347
220139
258789
20761
13780
20859
22002
98622
167123
101806
221934
12042
29614
115388
93010
176378
76376
321708
84504
263018
176111
201635
120413
347968
361386
9157
9441
58845
230833
286006
6339
21619
139346
250940
347127
133123
273743
321093
444553
579091
34532
358749
31295
254540
17965
23345
51127
208867
312810
74626
183291
205539
109493
31722
315391
91479
106104
251822
300014
10928
224398
220754
431579
170125
356543
154948
30066
161350
380170
304579
284205
382167
169475
105813
282807
402535
279887
85087
327509
85166
63446
228935
25044
139414
267753
9901
315428
172189
68002
147234
2911
31915
184733
184352
17540
270997
300542
171838
70874
138466
91058
188584
431033
266985
539611
298248
183429
159844
176247
360306
258739
138831
603823
151037
387797
277711
262240
95047
108631
136449
120289
29266
137114
312804
33440
168673
354139
109209
299421
81844
220096
40068
310961
214328
134928
407786
121932
27202
348632
351093
36911
106649
144915
324362
64944
284717
108078
511503
569364
406579
31001
81267
26673
215666
350062
194414
66994
525279
81176
182746
351483
16763
127839
127221
200641
115306
180407
191529
177017
311758
216649
149116
134395
76289
11688
46255
230304
185660
168779
27112
154703
64088
150592
335837
212145
200861
125924
102625
104069
195621
201536
335609
225132
87678
194590
224574
143794
60141
30169
37908
88744
9227
380026
148545
144007
231776
48999
225436
17623
181173
18305
122894
14028
9531
336275
432482
171790
344280
294073
285243
7062
194020
17506
137677
127339
96786
151201
73256
12574
258932
77507
144406
542728
271940
141990
177642
146485
79786
77252
71117
276553
120648
260626
107269
294257
187558
329396
16680
9169
19228
428695
6867
275977
282715
507047
299332
154054
397254
185320
112087
24818
25566
396968
276002
71060
198154
145768
149185
136066
278553
290360
226384
146347
162268
32363
610726
98793
248950
11056
311056
187364
568810
160081
211742
285497
299149
577959
166812
38234
10798
175639
137614
305254
33068
470484
93750
45290
170819
277024
