35446
66422
5353
38814
92899
234565
42982
47738
13466
81553
37234
7271
85856
3285
62846
9789
9874
233204
7175
104862
187666
1919
63825
11931
29363
65952
145755
11266
15644
14149
24884
66202
21017
17698
97084
12979
188706
82125
15633
74658
49815
46092
71958
70688
14970
70308
122710
36704
4201
9140
110321
14744
32604
25798
81327
152484
17589
105413
1982
21206
40370
22206
124433
69899
51708
48830
119820
131578
15271
77800
36591
5496
50560
54052
18168
42842
44545
71170
110257
109310
50786
71717
162177
78677
19809
73855
101516
100511
38228
6570
52964
62722
64475
30499
32231
91724
122892
6875
21711
33159
17196
73542
64694
20964
84208
59136
108995
23113
217752
8602
4115
67587
57011
6158
140099
50499
62835
6051
206525
21347
20192
56316
43184
68998
65847
175361
2448
114342
34953
168713
3797
64818
68422
68000
20808
114919
26814
37422
3693
6552
54234
13531
106951
47658
125886
98853
74528
98039
175510
56559
85007
70500
81811
17013
5965
18659
73342
156441
73110
85885
70763
7705
16568
2057
74264
52701
78032
12946
58626
2950
10314
125067
3443
59213
33304
82918
106007
179434
27816
40402
122285
186083
360982
121408
21256
143466
98417
225602
52581
66240
147672
12645
9702
72165
40977
52967
74700
5846
108152
23848
9316
13054
21281
208348
20366
10044
58932
2402
129037
63215
14000
20814
6379
10883
58536
28018
3185
30186
14168
111088
3104
50179
24343
3138
71200
100263
160500
102674
226002
76096
105308
27468
50262
29994
49401
132854
60677
14912
5141
104599
7596
111135
46941
22874
114872
7435
40465
186650
61422
114454
94555
2729
45432
91526
59111
32920
7129
60797
10106
5748
164081
11077
39484
170985
115665
42214
134408
22839
94499
7410
21034
25941
94549
5603
4660
10100
120127
12846
109082
3162
75271
15833
215672
3232
114186
10076
90810
34303
35581
24020
7343
85135
108606
21638
19746
52554
6698
157744
11034
123374
43410
36329
11248
17874
127118
45367
135827
57864
7315
23908
110070
91060
104223
12069
17673
104891
86710
79316
5137
77118
22005
126245
45937
17213
244209
20639
50328
30616
52835
45511
34213
30791
4742
71419
16564
5209
19463
26947
18171
6240
20665
99348
30085
100254
69029
55475
93645
156015
83566
22418
51722
34584
124075
13312
56521
89407
5368
29288
12037
3418
2668
20196
15241
4736
35982
24266
69094
114293
10007
29369
2262
191903
2967
6982
7011
13219
14042
44994
44073
20811
70765
5455
11543
65854
79890
51085
135750
151362
177531
41532
65375
41547
85155
41813
159386
115376
58665
156969
13967
133375
82091
29335
4899
13614
48867
58746
39538
71343
80427
181603
2569
108585
21046
15815
31041
123443
239565
85441
12441
8597
26916
36753
142857
138794
68496
288882
30687
9250
35274
3030
85873
10275
76281
26292
86305
29767
148863
56144
233092
91854
9631
23919
4779
3326
66232
48038
51921
37356
7003
147511
78561
34876
57873
13917
27080
10036
142848
111029
36113
82846
90953
6749
10753
32594
6264
95711
18635
123885
65953
20223
3084
71100
74379
35083
58054
13139
127935
15021
61076
12414
114738
21298
36434
24836
79356
36827
16646
97683
24352
5745
31326
92305
28824
76401
22455
59841
20023
69894
91607
36750
65368
15620
25314
6874
143029
5903
12966
92219
67595
196590
94577
9836
129684
32740
103449
58645
1960
26748
21052
97387
13077
26183
108058
337111
50717
45601
141442
150320
56144
14280
18945
99047
46285
41599
87164
20161
4487
78008
105569
129359
104669
18421
21892
22911
6069
67542
98921
4024
1835
4691
138017
21926
5420
59165
299511
171665
234825
10231
4067
28851
42818
167658
39476
89870
10713
9627
103396
31655
36070
40586
65879
141329
36347
103597
15848
130402
60785
101689
44649
20330
19585
140124
36257
198026
7589
67906
161282
37942
117601
140903
10905
23401
106172
156559
4566
292787
70649
121062
68287
38038
6684
36036
66749
20028
65171
111243
88037
176224
196900
23177
76777
3952
53915
253928
79513
88133
26868
8947
14225
80115
21441
103816
73428
100253
43407
96242
6787
3331
50951
4566
85813
73749
31777
1110
95234
85058
177998
25016
12615
115289
5793
10498
128670
166405
7527
68414
156494
94412
46486
99499
55406
75408
11594
15041
52587
35338
2859
224496
65307
107668
164440
49848
33655
69281
11081
72813
32802
8345
9224
63711
23872
3995
88181
23265
27046
104696
11814
210264
154686
5264
28197
95156
25678
240280
1568
21778
9644
342617
156070
143339
151596
46938
64993
41349
3632
110147
144946
46131
11459
38870
8997
147583
34124
12238
20893
17664
34016
77020
40915
49058
147699
49935
8367
73081
139504
143724
88706
188178
82690
5174
118997
77913
14367
14493
5780
100862
13635
76742
41732
13311
26819
99841
23364
36273
72544
8355
32465
59008
40567
8142
116582
156521
39587
88217
213890
151657
59129
92572
86584
55573
131443
115446
21645
119817
111675
66324
27871
9796
3226
51420
49492
76413
61206
19320
4946
94064
158257
54297
78355
72668
219466
154802
6843
44744
1445
110078
61062
47234
38422
115404
196219
18743
6276
95293
22775
54638
4317
6252
155782
62466
80614
24058
73623
23694
56708
80334
15270
61450
100288
41384
85395
63020
15809
65792
96948
26192
4507
102784
91412
7013
118362
77255
24809
68829
42648
46906
72290
15144
53434
102949
95844
30862
21909
31015
77579
49831
83109
81167
96120
103405
74183
27141
13600
115999
27823
5483
48398
222078
239717
24371
37900
36070
79106
19053
26779
67172
38802
16735
18296
4645
57847
63764
88151
59201
11491
89268
19664
68020
68112
14719
81488
91214
25451
26847
7875
56109
27580
91784
61880
77533
65174
10653
10236
17349
13328
131840
144566
88150
13262
134519
31749
18507
33950
71759
259551
69865
5419
20537
38060
8939
96647
24909
11127
11275
190111
39524
141742
30529
55830
30185
37256
84744
2369
159976
196454
16165
48480
4625
68106
229676
7716
9204
45125
220015
101800
133917
59768
13010
12578
36918
82161
153504
64692
124224
92957
116247
287653
59267
84948
118523
159226
138725
108738
29339
155983
4913
21510
165565
18992
100755
17820
17763
16557
252625
38112
174903
4549
122282
56427
27539
77647
58568
145266
175583
158099
40135
39212
111770
40607
28097
62151
100179
22258
108971
35388
14371
110577
105860
3551
13386
191068
22553
217897
122434
15609
125198
8007
99905
29540
221876
60951
11156
40907
28874
186602
2726
24948
63253
59511
70048
99987
137947
2097
25467
25430
31381
53942
10053
36516
17099
