3096
22426
58816
30728
46686
125217
6449
56549
27748
71984
8927
27079
4939
25002
38079
46706
2670
2157
33155
74133
51203
29930
43487
89343
22361
5653
32241
45120
13052
6625
77719
5021
81604
32734
53108
32887
23159
50946
68836
53612
7374
144269
74624
27416
34116
24223
109858
104492
3972
18314
87403
58656
29314
14377
146735
30275
5307
4594
102072
98120
81403
41845
4117
10414
2793
140875
17435
4852
95726
68141
2876
13164
91326
56416
6386
48779
25652
29043
4713
31277
18936
8722
56393
57469
40865
42211
24666
41927
10653
27099
12167
28471
60992
47225
4565
90010
29585
17121
93531
48341
27793
26800
26911
29070
112580
39790
77935
41105
101041
32954
15853
18549
47606
129763
51551
38580
77857
6952
83306
4472
104872
33232
36226
40167
19400
5253
5236
34957
21277
38476
20120
28873
51021
27471
11246
6748
141729
77607
37276
5124
73772
8391
54307
111670
90070
14567
104652
31550
38329
5685
55593
8192
50244
64498
73095
54304
5630
82358
5548
59167
79488
19798
48931
9368
20262
23035
28498
59608
7253
59246
5118
79801
25592
46766
74470
67672
28273
35128
110875
60726
57959
80715
39903
5510
127235
61878
77355
12662
18477
27596
5066
60222
29664
53647
38645
93528
155121
81314
53218
53242
38896
73301
56076
29541
22223
74513
57491
38939
19479
6962
103302
10143
28167
71741
46532
25381
79413
2128
56300
151127
82185
8176
34301
120460
25134
17006
55891
4057
80030
50880
58810
46761
4890
86632
74246
74698
23130
44708
60181
26495
11906
103259
87428
77497
7784
6084
8805
102378
37343
16772
70389
53306
89654
4348
66634
70959
12153
61883
46559
73400
92495
59159
39079
8781
9281
71675
136145
9808
11481
22223
59355
17247
132100
53242
28387
19358
63826
47148
54415
57931
17505
62241
53507
27742
40726
78167
116270
78385
38978
36066
12692
5027
37737
49183
38049
29947
4727
20483
23308
18106
31687
6069
54782
100008
16703
60202
6707
32713
65548
28906
42411
61692
56891
87290
15107
132540
127012
34544
70562
44325
14490
61708
77143
94173
6102
137706
33875
31841
33541
10716
36811
1467
28561
68772
9816
4213
117197
51957
99317
30043
85941
18068
48188
54111
84170
69441
54162
128019
3180
71554
14651
49441
43225
22844
20163
30565
4255
29676
63911
9771
45430
61456
21728
61905
17032
24036
16180
81420
53365
69599
84284
12420
74626
36934
38149
72556
79616
6453
97155
62719
42063
6975
32185
79152
27057
107486
69032
149143
20912
30993
82462
59898
86361
31471
85019
3769
79627
46019
49350
3202
85895
3578
43499
190535
37269
4330
27294
16707
62674
43233
30275
72329
31676
42538
23299
6442
62918
7355
7147
56780
99523
53994
134495
45323
22097
68714
52247
68710
48391
29627
42114
31667
36516
85181
68218
68139
5439
31033
57166
60761
36505
51650
8391
33000
48785
32105
89620
3709
24255
13704
17569
107699
15619
67324
118062
23996
40354
95493
9488
88818
89140
3321
120451
53659
79310
33504
3200
94469
47231
119841
28198
36280
87685
13788
15727
84788
35600
33551
28973
13955
52476
9146
14473
28982
29827
57717
5278
30690
29222
9875
4625
59580
51664
18396
80509
53459
85490
69775
31632
80239
87830
81236
34106
62146
77004
27397
11461
89792
33836
71224
22029
11964
68865
29648
21296
12090
32931
109250
87713
106045
41553
36898
66006
6432
13902
68807
71268
66138
151314
57329
48814
33570
77571
48752
22310
65638
106066
54284
109629
4413
109103
27671
72460
44461
47326
24276
10786
54361
14856
9342
17758
95594
81935
93928
103400
31616
72801
4602
11337
3942
39410
59254
42188
89700
6898
3518
62326
75942
29799
28313
61147
37095
36980
18580
87879
34691
86497
105277
50482
49718
55311
18965
5197
64791
10109
32451
45570
61363
16861
68623
5676
93072
84531
76570
35726
20327
72410
67104
29836
87645
7263
37152
33753
73784
84106
89618
137241
83853
67205
42987
4654
3211
46130
12181
9720
36680
48091
129149
8868
7093
5733
51870
52325
115062
86587
119517
35707
31454
75264
22086
71285
75430
55561
21197
5663
15515
33785
37584
34180
5624
9147
4925
66563
81616
5208
13008
76653
4770
26529
21087
32464
26824
47757
22848
12443
60880
66721
8018
50592
77461
49578
29101
2247
76452
58766
40165
85555
102041
13806
66485
14112
144151
15040
16547
12581
6453
17086
103955
80737
4609
41236
11843
8855
46709
61631
137498
76200
56855
82384
185260
39969
104652
57098
26332
21994
32735
42118
22958
78648
40176
56981
13791
36636
10312
6493
59200
4962
14082
19488
7806
137125
33413
85729
10669
15715
23995
61172
65908
64552
30882
6440
17606
76740
51242
45581
88455
90671
81482
36863
31915
49548
50276
13085
59685
3703
34046
13179
9287
145730
57577
11563
44506
40099
81700
168141
133831
76563
86808
33660
33869
54645
69858
28035
19910
72351
15070
68660
21377
5774
8779
74219
56176
5917
69513
39613
71610
73166
17631
41152
41084
16456
53527
71478
60233
84071
41930
12157
76415
59955
16684
30769
45831
48725
75079
111076
43532
6413
31989
5701
10703
64228
34625
88778
90796
27711
3733
57750
72575
14051
80640
58417
85316
13776
11920
6201
15318
85365
36936
7466
33370
96037
55730
70682
42905
68353
137725
55659
47957
36608
35572
11693
100393
136823
8510
131833
5156
40425
26319
37446
19052
13639
7764
60765
87133
57336
8987
38837
83745
52944
34683
55862
54329
95339
32156
35332
137136
41991
73262
55575
34067
5881
7424
11595
7314
57453
84892
3812
176347
75296
23933
19798
60523
109174
76573
32764
82200
53120
67578
54123
69895
119255
4687
54794
28802
79826
33585
50957
47853
92246
10551
89945
28644
85507
25057
32797
71872
29782
55485
40651
60441
55918
77921
23717
33250
15891
96083
92231
37634
39938
137009
6794
70908
29165
11703
147442
53502
57644
52163
68399
4549
60008
6113
80236
124131
125788
29638
11290
34791
26678
56919
2352
33668
42905
26973
31649
98119
111035
65895
8066
67703
86945
21824
85784
13584
4724
28130
57164
117354
58300
7210
79948
91208
70449
112844
44332
47951
85332
33301
7380
100945
153807
42044
59222
30901
159346
116646
31596
79221
25194
35222
34470
36362
53718
16497
3729
30974
24584
2530
35382
20429
91853
12970
2045
90850
34354
92276
137342
57522
13723
41371
36205
12978
112431
56420
28866
53813
4886
8378
20672
53451
57844
5584
61121
88893
87403
34401
11858
59748
28388
27786
