4770
15647
3455
2745
13647
12458
5349
18463
14386
16107
2520
1334
1859
2825
9651
2141
6927
2074
6800
4085
5640
9018
1953
2826
3436
2231
1272
17355
6549
3217
11889
13274
3545
8159
12181
24773
1940
6742
4422
7048
1387
2792
1636
8206
14365
2646
12191
14367
3104
8024
10134
1738
8478
4241
14138
12695
2768
1305
2175
10158
6276
7738
11652
7420
8633
5088
745
2020
4585
2435
4702
28133
7330
6083
1224
13253
11394
23164
1439
5813
2632
1271
14019
12219
998
3811
8751
1404
5717
2840
16964
1848
988
3356
973
20784
1843
1254
12942
1771
14258
7311
7074
16364
22979
1975
13355
6642
15930
1352
17241
2357
8966
18617
4365
4458
2862
1269
8776
1236
5545
3410
7996
12673
1150
1256
16392
12365
1679
14851
3070
6120
2122
11897
6877
10266
1693
7587
4340
15720
6012
13202
3042
7347
6304
12447
6218
9694
12584
3941
26106
15606
1574
7074
9949
25988
6302
1317
2133
10445
2705
10604
11522
6444
4731
3006
9200
7180
6226
1860
12310
29942
6979
2594
15390
11181
12181
1528
6253
1315
18018
1941
10864
11196
9031
7993
7292
5593
3834
11437
3794
2526
5093
9024
2347
1370
1984
1950
18210
1963
2687
8931
2086
6706
2028
7433
15568
1571
8974
11764
11549
7289
8191
8915
2079
7675
7590
11039
1021
1885
5150
2101
8428
9115
7974
4254
28871
6459
10584
2453
9521
8232
20647
11679
13389
1692
3566
3852
1514
6861
3975
6773
18117
1598
8888
12127
14829
7890
11125
12308
3151
887
14695
11177
3588
4453
819
9779
5086
2814
5961
18600
2821
16126
6820
1931
14818
2641
16982
3308
5975
11707
22717
3142
918
17223
9573
28143
1962
5536
9023
9180
6372
7789
26667
3218
2617
7766
1491
17958
2984
16635
7561
3705
16977
5344
22078
19127
12973
6417
14459
12509
21413
11033
10118
21256
2881
1809
17688
12456
16731
6341
14830
9478
7532
3099
6234
14632
768
1598
2775
1244
6903
14544
6207
2682
1809
8573
5465
498
13768
1571
5859
9948
3746
25234
7859
711
1619
2419
17296
2081
4095
9649
19567
19208
11672
13489
6494
12490
5137
3495
6554
2549
766
4128
3882
3174
7302
7579
32285
9696
7819
2002
13272
3060
8098
5011
13495
4861
1190
9268
14405
28505
10301
1600
1807
3124
2613
12202
10623
2931
21613
6458
1309
7333
2992
2407
7573
7213
8233
9108
11282
5210
13807
6252
20597
9679
6577
18713
26562
5286
17189
31153
1491
9930
4599
13383
13331
2739
17692
8237
1513
12510
2044
1681
3997
13367
1752
1073
6931
1720
1874
4747
15475
11869
20263
7808
1129
14945
3805
6228
2196
3272
14132
5343
7665
2709
1230
6098
9265
795
15487
19905
2325
1242
6471
864
7922
4737
1315
10119
1821
6832
6914
18796
6323
7390
2991
10741
8091
8164
5716
10585
9653
11700
877
21762
6297
15978
3786
1910
12460
21921
1438
7144
10376
1288
1730
7285
6489
9064
6487
22478
1657
13728
4754
4618
14689
7051
3644
828
6935
21791
2918
11854
6066
10228
9001
1132
6690
2465
1338
11423
892
6851
4413
14678
1521
6160
11870
1282
798
14525
10826
13703
7102
17072
9329
4361
9379
8124
6959
12157
2668
13086
11749
8530
9999
1773
13316
5282
10820
17235
4296
16657
5670
11835
8082
1311
6261
17257
2099
3472
2612
12758
2800
6386
3686
13369
6255
7012
10178
6822
2268
1703
17359
2709
22553
6785
5580
3848
1214
1512
6252
2831
15483
15128
1643
6239
742
5963
812
8528
18665
17289
3627
1740
10471
6640
21970
13799
13055
8977
2413
6193
10380
2793
5442
18229
2015
2896
20652
1176
7840
6263
17583
6692
15408
4461
11501
9457
6829
4917
1986
24898
6296
5322
12197
5730
20060
2134
2508
1741
15301
12093
1244
7228
6359
15703
8662
3542
6445
6534
16067
7288
4860
5958
1525
12233
11393
1015
11559
5284
3480
3631
3278
5507
29432
9752
21230
1551
19082
3220
2232
8212
1034
7919
5131
13922
3530
5328
11168
3376
8824
7529
2851
932
8171
903
8915
8073
4094
5690
1599
4945
10900
3068
12346
2179
1768
5647
7526
2906
12554
3798
12054
16207
8488
9223
23514
3791
27396
14853
2554
4216
5434
5510
940
16740
14261
12960
984
6710
6125
2511
6611
769
11556
5511
10675
5428
9726
9567
7479
22282
2597
10744
3140
1541
2583
3748
6733
3930
12904
8190
15261
5482
9163
5233
2514
3107
14849
12003
12207
6119
1528
6294
6808
1665
1707
9243
1418
2763
5202
5994
2958
7921
11954
883
766
5935
2298
11913
1537
19771
8848
7678
1326
2841
3748
1601
1503
21102
6375
9743
16417
7048
4065
16943
4624
2296
2739
3217
13067
3199
1937
8230
3014
1095
14909
8354
9971
2898
13733
11859
11959
6519
12998
32473
3829
1109
5055
35260
25599
13920
4146
11588
2056
7386
2658
913
1906
4894
3358
2605
13947
12503
3192
5181
9245
1719
1414
2112
8028
4127
8933
8801
15976
9489
12644
4770
12161
11516
17154
5719
9391
2051
809
7377
1769
3677
17063
2265
9006
918
7671
2855
10312
8602
9051
4005
2049
1880
5896
16871
6771
2498
5370
5099
14258
3396
12122
18125
7896
1148
20480
6471
8851
7655
1998
985
10000
9863
7616
6263
11879
1171
1126
6475
584
6650
17735
6502
656
2727
6418
4980
3266
4218
15188
2706
3578
8983
1149
4621
7496
28189
8841
2604
23130
15001
4180
1361
14839
12742
3569
12350
19057
22084
1325
17209
14922
9632
731
3359
15220
982
4495
6501
1611
761
19357
593
18855
5899
4875
23102
6267
1291
1322
4915
12324
3216
1738
1241
13940
6221
5743
7756
10883
8234
9806
1050
6656
3001
2273
16314
837
5400
2651
8360
7407
14695
13112
4429
8638
16946
15280
7716
15659
1414
10536
3870
2626
9911
18298
8610
3292
6754
5874
1596
17050
4096
7659
20586
12413
16209
4385
1393
4917
5150
22779
5557
11555
9841
1009
7181
2487
1729
13782
3562
8547
7759
17534
6240
976
12709
5978
8146
2377
9112
16438
4357
11306
17295
7595
3649
3762
3478
12278
4516
6856
19663
13967
2538
10964
765
12096
4352
