24040
11611
3307
10894
4887
9498
24064
6145
4579
12734
12836
4257
14433
15661
14046
1050
1961
5942
7592
13064
2964
19978
11770
14465
1469
2236
2028
7220
1234
8964
1498
1346
7325
5334
9607
4424
7126
6849
1869
15647
9151
740
5787
5452
22903
9348
7047
10629
16753
5366
15383
2702
1586
11258
17679
10437
25272
3663
1903
21277
18972
650
1755
9317
767
5589
8304
24111
8563
29756
9425
3738
21113
3491
11969
2743
8892
8708
3551
6020
5036
2256
1283
11128
10967
8407
1365
1014
3972
1944
20486
10805
6007
922
18800
5194
1828
874
23786
7236
15498
10874
2343
23428
16056
21918
2750
4696
2970
9798
12146
9117
10020
18487
1354
10927
7867
951
24475
1870
725
2825
6066
4130
1407
5858
3403
11315
6598
7798
6727
17425
16015
2691
12226
8514
8338
1539
4381
30350
5029
22725
9665
1051
490
1475
1289
1170
6933
29748
2201
7433
2839
1045
2191
7416
1521
13411
9636
5651
10511
10548
681
17685
4765
11878
6116
13605
5763
21169
10823
3851
9697
1521
16700
4905
9848
1527
4281
8481
2755
13718
2700
6267
12653
14212
16541
9844
9375
7844
9992
8762
13969
4509
23460
1359
22867
13395
1642
6594
538
9768
1223
13981
4079
8842
1967
1550
4720
2848
1630
16507
17099
4998
4338
16902
6748
5297
15940
15821
18983
2157
8474
10397
19333
21130
10565
2072
1649
12890
39109
7870
5294
4804
26322
10410
1782
16595
18326
2679
15615
937
16934
19223
21586
9001
11237
15483
2745
8669
1992
3736
18775
6613
15575
8657
2936
1787
2978
13636
3949
8098
8765
13473
8472
10796
6485
4187
856
6433
4548
10125
14910
17834
3193
8524
3270
26896
8470
7988
18205
1632
9415
9196
2472
26907
7473
12678
2109
1644
6424
5733
6457
5439
16280
26985
3308
4799
7736
9856
3958
2493
30040
7649
11360
2532
2621
11484
9894
7045
15656
2359
9304
10081
12884
9075
13355
9002
7444
5970
31495
25221
25084
13820
17173
8176
2042
11430
3106
8893
15474
1564
18987
19471
8101
3921
2597
631
20271
32168
8345
7530
3031
13458
14684
2741
10672
1848
3145
3202
3490
12013
2215
1264
9854
7232
18161
6115
20859
9035
1366
10625
7157
1633
14251
635
20903
8785
10349
16990
15596
7447
5901
2311
5590
6243
1910
18163
4860
6195
22137
1647
1547
9053
12020
4025
784
22037
9530
8825
3842
2149
2372
11018
2143
1798
6779
2604
9945
2123
2768
18897
7505
1506
7445
10968
2732
1651
20655
7077
4447
1677
20211
8337
4669
1099
8953
23288
20837
5161
9245
2525
9189
5609
3121
4270
4387
22678
11136
11133
9362
8159
4102
8346
8510
14886
10862
4702
4743
10058
10708
729
10370
16607
16579
7891
1940
17327
4680
16528
7701
9936
2435
1383
9806
5375
2186
3177
27445
3573
4995
2654
16126
2191
6767
920
1498
1462
5438
20492
2470
18986
5755
3044
6234
6100
20416
13029
13973
12196
1520
1514
8531
1371
630
6063
2423
20085
9368
911
1646
1045
1462
4923
10218
2574
8973
14832
26318
22823
10816
16496
20969
11296
4162
1057
1930
18386
2090
2196
14229
12421
9818
8334
784
18924
1440
9155
23426
22695
2468
15756
1457
13340
8378
3327
978
5878
1503
7683
3607
2414
3939
3330
8153
18985
5004
9973
9967
4858
20211
13985
17998
17593
1532
8053
23863
4916
5331
2454
9831
1735
13924
9600
9743
1661
22514
11518
3395
3732
17457
2578
5322
3503
13673
6384
7330
3239
12478
16173
11264
17198
15694
3605
21529
13723
2298
26114
21190
18107
8703
15884
23505
4800
1220
16672
8049
1459
3564
17472
21509
10581
6528
1021
9544
16250
1292
1460
14960
1694
5881
1974
16200
9427
2970
16982
2469
3628
9611
14955
4988
2126
849
3916
14335
3324
7331
13674
2710
2931
7664
12474
4643
9327
15046
15723
17568
3231
1541
10590
1425
8260
4834
6730
15677
22835
1869
19594
1728
1756
15220
1560
11683
1363
7513
16530
1212
4527
1941
21438
29841
8041
11098
15829
5368
2843
10254
3773
2848
8548
2682
711
869
12450
2786
14335
5184
15881
7667
14016
16615
7338
3611
2062
11183
7131
7454
9584
10135
2469
3960
15644
624
21869
7918
21463
899
1720
950
18396
3710
3447
9035
1890
18063
19706
11597
8047
19452
4472
8069
3301
14146
16119
2234
18715
3052
8649
6806
8362
5276
11192
2961
5971
750
9512
7168
20012
754
2873
11425
8951
3011
25854
13637
15569
5781
1152
4882
9407
6277
11264
10058
1706
10636
3107
1630
1473
5431
8184
9237
3829
5261
615
2211
504
2643
9930
14222
4437
6514
12681
3138
1188
12567
1749
11229
3056
3173
1200
3004
2919
16894
2062
18534
1771
950
1180
1540
2465
19810
12933
13401
16095
6353
8610
739
5154
15878
17880
3899
18082
2187
1388
22273
1075
7892
1478
6236
24062
23123
1553
1956
876
7748
4267
24633
946
14073
19628
3424
6747
1686
9002
22771
16771
12114
1101
10646
1261
9477
24656
2092
12570
1488
23331
25324
3252
22079
19068
8989
5458
4655
20294
2249
5949
20645
10945
3406
7723
10209
2550
3890
8273
16540
12683
9811
15702
15833
19249
6635
2895
2987
14711
11291
7987
7266
2544
6697
6399
11984
2905
8861
8644
15880
3191
477
6754
9844
983
5899
20193
22999
6781
24785
9037
16673
7399
10277
15814
21345
8940
5052
6464
14035
23813
1532
2418
2526
16368
11732
1071
1103
8924
768
27255
2674
30591
3279
14896
1039
16462
8537
9717
5325
16398
13434
6861
16486
9049
3167
25784
20091
4138
16566
11930
36677
7185
4354
2273
3932
14880
4620
23402
9328
16202
4960
4925
10797
36210
5869
3492
15516
25076
17738
2681
16305
9599
1385
9176
3573
4866
14498
6906
11369
831
23908
12579
22493
3507
17974
11089
11853
6030
8697
3572
2385
10674
2854
28143
12368
3409
27978
2159
9247
1555
12009
1944
6180
16162
15561
1454
4134
26931
19872
3822
9139
4351
10574
30825
8516
4128
2389
24141
13694
19377
2601
28381
1553
3915
2934
8829
9206
19007
4038
1792
6054
15951
22960
7356
17897
10871
1319
1647
27991
986
3485
10409
9847
10801
