122474
29899
7715
46197
128389
71751
2047
7725
18884
25018
130286
49921
74470
100287
106713
10002
28247
59543
57222
19930
104516
43152
46639
88491
35121
79230
58538
73282
137130
87340
130754
6877
8320
69166
7785
14785
15034
18157
64600
141969
41741
44756
7404
86853
27969
29583
22025
3609
44135
7896
135875
11454
55097
76974
39706
32748
74727
15845
185425
7924
35377
27072
10089
149860
5742
14424
9805
15558
53372
10958
18132
49697
8078
72644
47437
68023
9509
46025
85136
21323
91618
40191
126586
39371
88543
66378
15745
58019
6695
11875
56220
45936
70317
12380
47660
20630
128437
26261
5212
41476
131534
124101
70184
83805
9084
8718
129720
120246
4699
5782
13787
16165
7981
37261
69268
2686
8046
38846
27012
16797
7343
61525
71631
6598
90446
49108
5418
50185
183031
73766
83638
74378
13101
47225
92993
28802
70856
3576
78154
106818
70904
92470
17025
49787
101172
68658
61766
70651
11615
91706
93680
15427
66031
19231
100904
95997
107358
20214
92365
21524
49420
3208
16505
79613
2503
13397
9922
6566
3398
102509
7394
132727
57646
71654
115193
76558
88725
46615
44179
49470
61494
47593
10508
101057
11689
1840
164858
37845
14061
54608
75820
113606
86957
41424
47285
49752
5924
111229
134028
99264
140222
19842
3126
8052
4003
146588
67883
99880
67274
75817
85994
2758
3187
58221
45159
122041
19902
9039
135145
163844
62819
11686
174875
49090
89034
28194
45666
30853
55358
32841
70266
4996
70880
83638
5842
79902
75881
99278
81283
61956
6053
52044
68582
89964
52349
4980
3601
53166
59675
46794
91220
28036
4039
127665
86665
24044
45532
30762
6681
48779
110031
2100
50653
9927
129054
21538
108719
44843
91741
75736
32583
65438
121986
6636
85899
207269
64811
46340
137808
47455
7454
49347
50922
7581
31925
62064
73402
122428
70645
17825
16296
52804
102924
3225
44399
72409
43241
5593
68386
6774
56833
46840
25318
49238
95626
46154
39985
17126
185175
138648
90059
71697
63345
82909
75523
52609
79482
57588
4317
40497
23833
48351
33389
4368
61207
205106
78354
10950
117028
40348
14200
77154
75647
161824
9970
52989
39716
48494
92462
16389
37731
37947
49359
125066
39007
99787
22870
7196
64191
5118
47915
103476
46653
21245
88333
88144
92669
85414
58517
87665
85056
47262
35403
3626
50259
128626
95792
128077
83618
15205
17269
25257
4295
31666
76197
143186
76468
106778
51501
52703
2772
135715
145105
44567
81834
129785
35835
17432
41185
80148
55168
12298
174041
122548
46191
12123
114890
129537
56201
11924
8238
68525
4020
96201
69850
96889
28122
126491
71938
10949
49693
8253
22415
72574
95987
71362
16143
91707
97256
60517
4285
73965
66295
48037
7506
41266
85238
115059
83789
40047
101242
114880
93647
95013
46828
73628
72872
90107
6016
98284
127904
145073
32569
54684
52868
59984
38492
8597
54824
7303
2667
65451
106098
111775
88668
109142
41652
83964
113854
89170
4513
74268
87336
66971
42430
14102
46951
15782
40605
34929
9198
35008
46304
4448
5133
70865
56664
23941
5185
19392
70342
7936
52389
83538
84927
49862
125781
82654
41379
32409
132074
172964
9353
130984
42372
71967
83847
6453
75803
52442
63856
13335
46372
27592
29592
29048
93120
38207
44275
20497
67474
5880
170624
9880
58727
63146
13738
42985
11823
38587
29094
81695
37528
21934
4212
20614
39232
36041
57192
72116
51163
40137
10793
18746
10530
100335
43522
51845
40595
60781
124048
8248
23372
61896
35745
56106
20271
29001
106050
68574
70585
47047
90270
12319
125534
73202
22468
28383
69257
47723
25536
156342
6959
123168
71692
69415
7440
7476
66597
23877
51381
48554
26651
112922
33032
105884
85782
11339
82543
35164
94668
3186
14777
76627
7031
86128
28617
48231
8601
17962
7450
42560
21715
30397
46905
40430
7064
120582
47530
78227
4577
55824
63178
56502
24908
19153
120648
39970
131985
35009
52197
66641
19670
30971
126522
67883
42300
96032
133549
29684
47500
143587
62152
50239
2985
58023
63058
25332
26876
35945
48944
11073
18942
53482
53966
89447
54972
124458
171174
80565
33855
7398
10792
97558
52797
17299
74366
7439
20615
55900
47706
86334
69582
12858
33610
6147
105109
52381
71377
98258
4711
9474
24219
10250
12054
74987
110025
42996
95068
26526
73621
108859
45652
8908
15252
70138
20100
77024
105009
2289
114133
45331
61538
57877
6176
44920
124216
14483
33785
28536
22580
115151
126647
26055
13994
12661
69924
11487
47055
55437
5908
10652
54065
79994
68475
2493
43738
2743
46423
20097
136137
39238
50959
26770
92058
33356
1786
15498
58312
70564
4686
60058
80377
58185
58479
101975
90432
72511
83813
48097
3514
42474
25261
107291
63128
62354
96832
24192
166604
22555
19976
36459
51543
28437
211530
9718
25644
10701
5370
70580
29246
72736
11910
66760
103888
37566
6819
86585
34504
45172
131992
12542
103215
28861
15951
37844
85303
72045
37180
87569
30921
172741
8724
89972
84742
175565
146956
214917
65016
20807
4977
87597
47176
111566
17005
12946
18644
37301
51489
35886
8083
93129
26993
37111
52026
90267
177897
38937
44928
5737
87146
59700
104936
90067
89044
20089
87700
11347
86392
42042
18028
150239
86352
39131
82967
30993
27929
18081
8235
124531
3721
87803
123588
47638
90856
11152
19258
5128
57709
2953
135645
95379
67278
11611
111584
9856
12138
20662
56999
3100
89112
64762
25367
67432
17109
136796
83681
47891
62510
25261
116341
3884
62763
100089
59543
9873
14864
24414
44544
10373
91754
10771
53628
26972
7710
60391
8458
2665
6102
40151
200166
57769
23945
54062
75046
18277
59796
117171
156096
34862
44337
74542
68670
99430
29094
52112
36720
181248
149286
60095
42397
150698
58295
68821
41212
23718
64929
41289
29997
112509
46318
10185
58839
10993
29607
113471
58675
64146
38256
61815
47216
3717
74789
43446
49149
11159
66247
88717
82336
21980
35081
8131
154342
1568
64216
66460
105858
77023
60748
104107
27527
168588
40695
24952
2534
52753
84650
134765
5744
73760
80190
47073
93598
83596
3609
20375
99130
10164
20503
3068
31195
8752
36334
55632
47913
32834
13197
44924
115454
79100
19605
15761
119691
20471
87426
7986
56323
3201
86423
3162
32192
22421
27985
63352
135525
7676
20286
3837
6810
77750
7466
50850
8056
48917
73652
7977
109664
1594
12706
32272
118372
42132
131445
132760
2911
70506
16837
84837
7023
33261
