24614
7463
22533
14362
11345
22425
15770
1659
3290
1560
22464
3030
1414
8254
28858
25179
5873
17029
22187
1284
11927
4985
11968
32431
5845
10894
7576
1203
1524
18092
13213
2633
14164
11461
12703
2559
1783
2671
19716
440
1269
8193
1186
8312
21668
3392
9005
2072
8581
19219
4646
722
14031
13199
7810
3291
3926
665
2640
1023
23635
3159
1580
2242
3363
6151
17312
17093
1785
56672
23929
1112
888
2995
4081
3554
2913
19599
16308
14748
6172
1293
12403
8339
25109
1731
3714
9064
18449
6629
18865
8504
2407
3865
11795
4856
14910
6519
17508
8619
15915
1575
17600
4858
2230
8446
27818
2321
42046
3999
8345
5431
4393
1058
2702
6592
13757
2774
13764
5290
35379
1594
16540
8559
3538
22470
12133
2683
4810
4633
4840
1756
4943
39822
934
1316
11363
8563
3441
36348
22382
6754
3910
1769
1755
4127
4980
2336
1234
6237
2369
1839
10915
30137
9723
2225
14250
29321
29863
12309
13696
5628
2335
27131
28068
1928
1451
8647
8015
1926
1271
4252
3703
28958
35369
4130
7098
11687
3375
2653
6244
1780
4058
13095
1066
2283
7660
2771
7597
7264
1677
3499
3392
10706
556
937
933
1653
6106
2956
13888
1422
13580
2774
16862
754
13507
36931
1327
4207
12100
2832
4181
916
11487
14286
3621
2264
49008
2843
1811
4465
7421
14746
1935
778
12162
11165
20303
1963
10143
21726
25149
1549
2099
997
1106
16563
8943
42170
3771
36559
93163
8012
16743
10285
33589
5102
5399
32219
3334
4813
5401
1762
3568
6574
8444
562
5133
21154
6847
13794
1667
34498
14600
14681
16966
4712
13901
10781
1807
19243
12536
21539
8715
31959
6925
5066
15783
38891
3712
3593
8078
2045
14214
6801
19627
13710
749
6738
1071
10452
5990
12980
11079
1355
3749
4296
6010
5751
27716
16019
5854
2003
2486
4725
15844
38933
7996
1773
10924
10431
12397
27476
13392
10800
22069
4576
2118
13098
4412
4366
1129
7949
26158
9210
1959
3113
1337
2616
16857
6302
12223
6817
1320
11705
3174
892
5871
2887
9459
15843
3590
1323
3052
2275
9337
14177
6214
17768
733
11611
19472
16707
3364
5093
30186
15138
4222
7048
10988
27207
12905
14359
21016
1935
1469
6323
3503
15975
2213
14999
4400
7717
1245
3309
2409
10634
14143
3600
31403
10769
3875
5080
7672
15551
55705
8998
9305
3948
6045
5674
18884
2654
5324
36084
3244
20584
20984
1768
9146
47506
16749
1467
48189
13396
2362
4174
12566
8605
8668
6689
3479
1682
11394
20818
18149
854
2870
15115
4898
24859
12545
2965
14328
2683
8953
23770
8282
26093
37836
43984
14785
4754
887
10871
37711
1793
8849
1979
14985
13810
16329
4408
3097
964
9866
6652
10311
27589
2664
9791
23289
2325
7342
1278
11009
4554
7891
1175
7866
30567
9456
1840
1232
18576
12697
20325
17446
5468
20438
7219
2634
29320
11518
8768
2862
4658
13642
1511
11801
22810
16719
1765
5519
25809
5582
17430
9410
5122
42065
40387
3055
25277
9180
1376
3986
5629
2359
10816
23019
2416
9960
15539
2075
23250
14926
3717
2012
946
28402
17025
7389
4939
3278
4917
14788
3871
23584
9866
738
13420
1631
9467
1781
14317
5097
5326
12431
23497
10340
19127
5976
8438
10057
9898
922
13894
39315
1804
36631
37813
23939
2556
9703
17256
18026
12726
1546
15426
3869
1154
859
23146
2503
34800
6438
24875
1538
8818
1073
8603
20779
4920
1633
1547
32576
17832
17610
13456
7828
7061
8250
21542
1871
926
15554
4354
28911
22456
37695
25968
8042
4041
4110
453
6628
3960
1876
22943
3751
5770
1821
54620
18668
1512
2270
1766
1503
12333
10886
3139
1614
1647
1260
21784
10568
4610
34496
1553
3167
11974
2227
8288
19144
8844
4005
2340
2655
16062
6770
6379
3543
30836
13695
11068
14503
1371
12716
31052
16850
17270
11937
1563
17279
2855
8320
17375
2081
6361
11559
3658
38328
9212
2062
32284
684
8100
6744
1674
10804
2333
15213
12217
48763
3475
13603
1514
2925
3708
20001
23811
11473
12200
1740
8623
10420
2873
2684
15194
1577
32030
12509
4772
1472
2621
12129
3713
26145
36836
14668
1774
2915
1234
13214
12696
7926
12223
5410
9165
43057
950
3728
4882
14847
72340
16010
8072
2853
1058
16726
7048
27614
60986
20351
1402
11764
1425
18166
38953
18574
10754
13368
1961
35315
20201
6531
17269
1088
832
2500
3844
10935
6641
818
28605
4068
3903
28999
1840
34780
21809
61345
8781
1279
4930
5196
2328
13069
3590
1815
2974
9152
34537
21607
3999
6234
1045
22095
21479
31236
20565
7985
14379
6499
5408
33668
34664
1759
4454
8648
3763
4017
5264
1274
1574
2004
3924
6070
3328
7512
7784
10023
3336
5743
1469
2353
5710
3582
4850
3821
9780
1003
2619
10785
3275
29544
10087
37619
3186
12970
11443
16124
25539
6302
12893
1675
2722
32715
8098
24004
9326
11177
32449
10569
19426
1370
24772
44271
2817
2413
26782
16721
9633
16840
10475
10824
2077
25522
2074
8418
1787
4692
4031
23986
11537
29942
9801
14737
23153
1413
1802
1722
11306
3383
45856
838
8403
4147
5076
11422
18801
17213
46960
26514
2688
1757
4733
23212
6437
11982
6111
19699
12075
9756
18034
26059
12381
7058
19380
5530
1111
19422
30709
15929
4816
33462
1239
31681
1350
1128
1938
3326
5833
1644
8754
23631
17086
31156
11468
26880
30526
24748
29844
13552
35950
1114
6048
11080
6728
6180
20205
17609
6949
3052
4361
1211
8500
16168
14230
2240
2322
26402
16892
15546
19278
16670
3212
2680
1362
4188
13100
8967
10715
10895
8496
16766
7510
64048
13179
956
18127
1043
1411
1598
1002
17728
40919
4366
22621
38658
9641
6671
16981
896
1567
31808
7181
18089
7807
27070
19655
18487
887
30521
1180
22660
5086
1322
16028
29150
1201
648
35976
977
2566
27218
18105
3014
5537
21092
20944
16403
9906
13510
1706
12226
23076
24488
18205
727
13592
2297
1635
17519
10018
35623
1532
2057
39270
13433
3402
3388
1684
13379
1762
14539
1748
3531
6580
4993
2014
3758
54339
817
1977
1027
6155
1863
30764
