97626
47351
151390
86091
9108
144944
284156
261565
144797
50756
217370
75659
187054
309663
185456
240145
103234
87314
203656
186797
156656
16366
565397
167181
51248
341836
72739
37038
118707
191003
463412
289852
49865
92971
137119
380627
82137
346571
548595
274430
24468
60074
163794
11923
8513
293039
241144
50290
38843
368205
77802
283957
219693
146249
227598
86939
144375
80252
89680
418584
52948
318934
21523
256619
221246
172648
232146
131690
179107
86164
112645
305579
200696
240536
407594
218670
9400
48823
193139
103137
257621
38680
5166
303791
10614
89595
238967
206634
77259
215842
454618
315055
362239
288428
43028
284415
151106
148774
563365
111222
259241
66875
84308
226358
77307
19432
122813
124033
66150
281111
18931
196426
161105
104357
151645
523390
451776
22021
294385
290051
223201
229644
261414
17362
136769
190803
408112
90861
142947
149532
112085
33206
282794
128979
491452
311126
223097
388257
85725
150519
14101
25038
21581
10104
190508
8903
314917
120292
73797
84881
160749
419074
140988
162277
333280
197098
103738
182408
180335
51416
236531
38217
125453
199310
293346
104452
298978
255070
210572
22186
190249
86240
52792
9801
39972
102132
339667
33836
17494
176137
74137
111469
212498
75655
123608
133212
114490
211111
337086
145452
171416
269970
58154
368898
215760
245413
228220
257686
167479
248480
9811
138972
186089
215012
222127
168503
148965
128085
548283
366312
302339
8623
219498
211431
235427
107155
57905
36028
114729
22209
154139
97936
6588
18345
378667
322298
75151
502148
145320
454017
155623
461921
92940
156787
210730
292178
150564
57275
85527
182329
9408
295906
257620
301160
169729
370473
223091
364970
436597
520140
8354
29463
580119
241406
439923
294540
41016
144151
68583
12279
206948
19472
197303
335398
436966
325384
5111
222309
226416
257161
69449
198568
101194
326017
98499
69973
155821
155100
89587
195927
221787
346958
199478
188865
159073
35307
119325
384347
221969
56249
260794
293797
211544
25114
58896
274478
197076
224492
62284
131755
47071
189333
47804
57936
309432
160984
60013
227810
445147
162194
220450
162704
280132
382069
10260
237475
16743
26664
9770
148814
57297
317748
347015
299360
122494
142859
234223
189021
172986
3934
9390
565820
99264
360791
153193
255513
156099
51371
212728
208202
262720
372841
290376
82505
108127
79058
723642
285825
222582
369651
202267
148351
229998
336173
39570
51438
366846
208229
301632
56237
227083
159635
37532
215792
218410
49568
453150
54084
4548
338992
156678
302921
337801
141147
14735
224354
55899
108711
20294
440370
148227
94543
488004
70997
18613
16984
95658
8288
53424
130157
99017
183333
273998
159538
63701
94137
228848
7336
450749
493333
53594
393680
182708
176090
177376
157583
103425
200988
149095
363773
69004
203593
341399
10938
263340
71610
17443
167291
344937
196566
430460
235285
315837
84073
128680
322677
296317
293782
160782
210304
67063
39720
265398
453834
331457
8577
78684
89481
222821
196564
101791
411814
21449
506687
960334
294945
578431
287147
154922
207293
291132
99128
413171
104285
87374
350452
99173
11181
213473
290814
334631
108363
232115
333626
198702
380002
23246
309380
148851
39056
81861
352968
13661
160588
312930
63737
209790
24789
221832
433281
26534
254395
138946
438177
9849
248021
151698
7942
172746
232434
77034
317317
236105
11498
308264
178220
146584
132023
173205
172715
306545
213333
507485
16343
126479
57687
256465
126948
168315
125150
401015
18154
317328
312178
28955
31611
382423
49567
320079
169315
473924
84790
55877
34839
275522
496427
391906
9342
331731
35750
403771
242728
326501
121170
355473
125154
187870
37753
159415
263651
78521
154704
39737
190418
197968
184315
327540
207358
145519
12700
38459
26161
995680
59935
166924
134504
336916
357425
148561
119948
5465
194635
190668
187208
270092
195995
330427
28029
327260
433447
298716
522001
53427
403057
214165
170330
280562
158241
354680
183652
609640
165958
222119
435989
109537
88147
276628
170562
122608
35598
219625
56027
25320
89757
138689
286429
45122
36524
121423
303345
122533
14286
320007
262402
5637
364840
509236
74701
221824
138530
217775
9133
12213
193766
233013
207272
8319
226664
483316
181279
174514
27552
319165
309185
12633
408181
230890
183988
383115
490715
231382
78947
103990
51431
82038
174740
285096
314678
168469
356611
107349
237438
174936
53536
204518
219384
174909
140644
177269
151632
222914
59723
223647
458788
78297
112528
7338
500229
31546
12757
96263
49948
252089
160524
169317
343162
94852
418053
162609
12038
227141
151136
351694
268309
218918
110729
375415
678859
244063
347149
278022
6865
124528
9630
164504
156488
30682
40546
160776
448754
2276
93709
505696
200535
381021
178833
211432
55392
141101
32446
193764
332883
114474
21032
385036
91913
301171
145264
407472
349123
37614
340586
309268
188166
316019
387170
341607
312720
442451
182372
169109
40761
638184
384146
16888
152447
100664
19538
105434
86855
163989
306111
30034
368904
175735
76342
489003
93495
523677
242594
226448
35444
330829
89942
153288
10991
218245
222904
50523
102494
81033
16013
76937
279541
143762
164074
31953
145741
166550
25761
72842
88886
285693
76307
206922
150283
421635
104659
216609
76789
13595
450148
41166
64640
197080
160098
234050
24198
294211
289779
258058
230218
70614
458712
124881
181609
84886
323928
22663
85360
4762
197425
308536
251605
235786
262785
322722
157071
22776
250982
50917
210323
93030
307177
10015
101430
67333
593671
295100
167143
302576
248742
383692
145837
416487
298413
357108
147282
533216
86877
242888
184540
62370
12315
97336
460971
476025
92923
328801
248757
40756
330944
178042
110200
116867
212346
96350
133396
228282
148927
387034
398383
20275
333526
358780
362343
168645
435550
238214
70341
195323
12098
10452
499651
85403
476409
260984
138533
178518
339579
92927
153145
405283
176696
273448
77740
198476
339305
83994
23366
155837
15394
5741
248141
271309
145136
168243
15478
65903
169757
54112
376895
279871
140034
63354
256691
162223
739505
45198
484385
425594
148846
105173
263648
156384
142057
267763
22091
313331
196712
158209
22700
146384
88403
287794
159752
149910
156009
506946
105782
74584
107143
117079
65485
31009
50997
181843
130147
67737
124149
105923
403714
51121
237334
249019
89142
98179
219014
115679
349015
298492
56475
186020
15114
211820
384628
275910
170232
310490
134068
106589
38965
251410
80407
251752
141284
264018
411393
122615
33594
16670
378874
175047
147263
9309
134327
108488
242776
205617
104601
306360
10896
19259
13412
116881
59442
43496
24876
92868
359423
248718
293069
289348
95232
257082
230134
47361
39345
9205
325079
299942
121358
123079
144751
384886
168809
334987
209737
97830
243232
20837
355555
390770
39478
114454
169578
7699
205687
337050
255485
