24519,20512593,20,9804534,20
50320,15900922,20,14894166,20
18957,10586184,20,11050373,20
3218,14809162,20,14120921,20
55804,9087752,20,13876641,20
62081,15350334,20,13503555,20
20889,12168621,20,15820888,20
71563,12837088,20,12912767,20
2568,11620937,20,12808160,20
5023,13228650,20,11255976,20
77858,14740237,20,11488897,20
7061,17215813,20,9580246,20
142930,16110071,20,16493391,20
7777,11686158,20,8013696,20
36005,13646388,20,16264385,20
76751,15902092,20,9392415,20
102003,18312348,20,12372303,20
17335,10585210,20,16883416,20
20867,16139384,20,13246690,20
64511,14056900,20,20068376,20
23562,15602438,20,14413355,20
15679,14705823,20,11019294,20
106553,13487575,20,7540477,20
21637,13232225,20,13742499,20
4470,10945583,20,16875447,20
144228,10982496,20,13769483,20
22711,13058911,20,12518664,20
13038,13329229,20,14487089,20
1975,11528091,20,14293322,20
3032,13267183,20,9982167,20
143233,14954159,20,18081128,20
7885,9981954,20,14347013,20
22636,10353307,20,13171836,20
46643,12110954,20,16838184,20
101722,15323368,20,9428186,20
75923,21602684,20,14601203,20
74382,13443075,20,13916689,20
40534,9668914,20,8682843,20
75498,11521697,20,14573426,20
2430,17248139,20,14919699,20
67818,9541683,20,10076455,20
90700,15504357,20,14304322,20
175965,14876437,20,13948332,20
96654,10357438,20,12037522,20
5243,11722114,20,10422515,20
50768,9975984,20,11109381,20
167820,14592803,20,16444736,20
65813,11173977,20,13505805,20
75475,19051438,20,11850588,20
14484,17424568,20,15982638,20
88298,13546477,20,14252520,20
38395,10035665,20,11500026,20
12101,14744475,20,13530177,20
28307,10732108,20,13667955,20
28504,14633163,20,10609606,20
24963,12565057,20,14486825,20
24011,12613661,20,13263616,20
39239,17248345,20,14518205,20
53715,14834076,20,14295974,20
65107,12399449,20,11764101,20
6755,15566317,20,11273857,20
170982,11762905,20,11787387,20
83183,16347040,20,8838826,20
16600,14152609,20,11555933,20
131155,13744443,20,11699401,20
183227,19799510,20,13076610,20
40890,12436338,20,17490227,20
2163,11779673,20,9395131,20
76018,15383884,20,11090847,20
55875,12744554,20,11347279,20
121313,16042902,20,13588815,20
56933,9297738,20,12339134,20
158187,15107792,20,15401566,20
11847,10402232,20,13717325,20
21255,13613346,20,12082287,20
33535,12691563,20,16411252,20
137766,16492698,20,14052259,20
17406,11490839,20,6961714,20
1597,9657572,20,10584913,20
29352,13738832,20,7905722,20
70180,7685414,20,13167075,20
3283,10112398,20,8396621,20
52638,16644133,20,10544564,20
50759,18949454,20,13052821,20
19167,15582867,20,11897973,20
118373,17059124,20,18961901,20
13395,13194413,20,8803291,20
58045,10761864,20,16017691,20
20733,11233210,20,13680353,20
125832,17844237,20,12024097,20
84947,17843291,20,12053441,20
95203,12050397,20,10376463,20
131874,16941455,20,9371519,20
27432,11067761,20,14304134,20
77894,13084215,20,17140734,20
64879,14067643,20,21249307,20
104347,14374213,20,13959798,20
57384,11582297,20,8291641,20
121681,13903793,20,18957328,20
10417,7341519,20,11847370,20
10334,11213377,20,11917053,20
79022,13313037,20,15723709,20
144091,10348112,20,19821292,20
89129,14235300,20,17271751,20
16136,14231408,20,12059379,20
74828,15761596,20,15888164,20
14564,16880587,20,10775569,20
125904,15742313,20,12818371,20
57501,15699472,20,15179637,20
2230,8060653,20,13626211,20
8083,10365514,20,13129361,20
59532,21084359,20,12800271,20
20268,10753203,20,15856868,20
10165,14223976,20,10917799,20
13562,15469447,20,13056366,20
11756,17133340,20,9865281,20
94708,15334798,20,13790746,20
40330,13114012,20,16407431,20
103369,16039584,20,11545838,20
60065,14301997,20,20671794,20
24066,6016677,20,11975733,20
57303,12503778,20,15721213,20
25744,8342532,20,8150239,20
4546,10841365,20,9889558,20
40699,13399471,20,18853871,20
34438,8724256,20,11253645,20
17486,10617863,20,12284120,20
52087,12865273,20,10778568,20
30762,15738035,20,10995726,20
31789,17447227,20,12833440,20
31819,13920106,20,13426351,20
17070,12098180,20,16603219,20
61383,12614990,20,12013307,20
51054,12872611,20,14221862,20
7490,7390342,20,14153983,20
41378,9214030,20,14153180,20
60478,15774198,20,14481150,20
38495,9860920,20,11350209,20
3472,12113324,20,12706402,20
121849,10531836,20,14203533,20
119934,13307056,20,15032587,20
10446,13078992,20,10204687,20
6071,14134647,20,17358229,20
26159,10984066,20,16244062,20
23087,18172683,20,18020373,20
19911,12810861,20,13655247,20
32037,14349627,20,14001320,20
127372,14572407,20,13436536,20
35871,12378079,20,14349575,20
26017,9659632,20,10400882,20
86302,7405990,20,11938990,20
66094,11474415,20,14572474,20
2799,12553444,20,13212861,20
147344,13799095,20,16895743,20
27921,12568603,20,11866230,20
154241,11127773,20,7233311,20
96604,19357734,20,9900038,20
2676,11533960,20,13527624,20
3929,11921666,20,17971843,20
1968,9155624,20,13167250,20
219046,16363717,20,18346153,20
5779,13095527,20,14907218,20
4159,12965132,20,11349920,20
116859,16743704,20,11937609,20
10476,14869217,20,12675480,20
111905,16414815,20,10841674,20
16911,12139415,20,11426155,20
33087,12603692,20,16051604,20
223155,12988180,20,16451063,20
91834,13164356,20,10024070,20
9531,14407376,20,15315566,20
48934,11156887,20,14797815,20
2623,16413633,20,12921539,20
3857,11093492,20,8225575,20
9311,13104670,20,13237781,20
82408,9221941,20,17436617,20
15242,10341059,20,14216993,20
82480,17120779,20,14373088,20
30683,12922514,20,8638514,20
4449,15633164,20,12121818,20
21187,10916615,20,21230364,20
7116,11325292,20,9861311,20
53579,15309407,20,11273030,20
58209,15833461,20,12149302,20
100081,8439481,20,9895010,20
28871,14178902,20,12934452,20
19396,14660748,20,11775312,20
14014,14148918,20,20209982,20
33072,15470812,20,9218206,20
32594,9238397,20,11029290,20
29002,9572989,20,11577636,20
142647,12533790,20,15553791,20
62599,20550647,20,14338415,20
92138,15856640,20,11114188,20
70397,7574131,20,9974090,20
105264,12351087,20,18433453,20
23164,8951819,20,15457008,20
41063,12937080,20,10970517,20
8015,9049273,20,11762311,20
5055,12328208,20,11538180,20
115622,21413312,20,9482240,20
11745,15282733,20,14255811,20
10934,10105135,20,12914920,20
113194,13405692,20,15585872,20
15453,10361495,20,10020321,20
3073,13373561,20,15443980,20
90312,17929179,20,15744501,20
62565,22192553,20,16346573,20
2389,6519878,20,16456176,20
50798,17316246,20,15266314,20
5316,9437040,20,19181418,20
26405,16392039,20,13554407,20
103243,9925866,20,15005384,20
5542,9654474,20,12300686,20
29127,10545347,20,13541871,20
16606,9809035,20,14791589,20
57116,12404145,20,13753417,20
17366,12242931,20,14224170,20
52972,13855893,20,12402625,20
19046,15141445,20,13330778,20
5185,8796628,20,16837272,20
14789,15035251,20,17793958,20
55265,7528146,20,14107898,20
18821,17745542,20,9400632,20
2308,10006198,20,17792592,20
118361,13004071,20,12664177,20
45462,14742694,20,13060037,20
31419,16162185,20,13235183,20
76012,12053787,20,12927558,20
171884,17353383,20,18685161,20
62529,16743367,20,15636427,20
56909,13112921,20,14380610,20
35615,20686489,20,12800256,20
14164,8483057,20,7976870,20
38215,12642918,20,10851928,20
33737,15776965,20,16991388,20
18929,13887405,20,11185563,20
12895,8757809,20,10491363,20
126224,13397096,20,13844434,20
3820,20651472,20,11694447,20
138087,14984854,20,17993784,20
54162,9872348,20,12463524,20
17675,9109726,20,12609921,20
166165,14098541,20,16352009,20
6621,16830807,20,16544015,20
51442,13611575,20,11294633,20
10736,15113398,20,11505860,20
103889,14174455,20,14413395,20
19878,17577871,20,15986605,20
42999,16537823,20,14672257,20
2834,19205581,20,8359288,20
34179,14516210,20,12923702,20
5800,8263115,20,11260112,20
3537,12748754,20,13596807,20
32518,13568604,20,15543051,20
88049,16007622,20,15679011,20
48023,7862330,20,11336635,20
12499,18855428,20,14093579,20
24842,13369163,20,10100459,20
51960,13044085,20,16468205,20
22915,12557591,20,13572045,20
9376,7798496,20,9393957,20
20357,10900789,20,11065385,20
88740,19256686,20,18501984,20
119130,18287569,20,11936398,20
13066,10660406,20,19736685,20
29001,10512614,20,10112475,20
9458,20140680,20,14121214,20
6663,8325549,20,11421651,20
45309,15095739,20,11296715,20
29158,16089191,20,14509288,20
118558,13795609,20,11847159,20
23562,12772389,20,9407041,20
13582,13928131,20,11859130,20
15098,12204482,20,12636964,20
2200,17421437,20,11850829,20
49552,11398710,20,19986446,20
211846,11458062,20,11955665,20
12370,17097749,20,13505268,20
49433,15680687,20,10166812,20
61610,14696436,20,16725763,20
1135,19234465,20,20254784,20
119138,15109699,20,20762267,20
5354,9477568,20,9890260,20
28179,11700719,20,12274348,20
17791,12874682,20,10670031,20
4042,11593273,20,11335288,20
92064,19561188,20,18633319,20
26305,15087774,20,12195420,20
13378,8188429,20,14085104,20
51572,14153497,20,7028372,20
119514,13505480,20,15525400,20
3231,13227112,20,11159827,20
66938,11963828,20,12050712,20
80278,13916827,20,18088436,20
14814,16065153,20,13278313,20
73428,16620791,20,11709472,20
38150,13972623,20,8898248,20
27089,14120641,20,11723417,20
31985,11253682,20,15088469,20
7771,12506106,20,8418160,20
26202,11199166,20,15328649,20
40083,16158527,20,9678208,20
16027,12052734,20,14989049,20
5834,15157162,20,15560708,20
24407,13226389,20,15812883,20
49827,12930178,20,13121352,20
52249,10196195,20,12569433,20
2851,15091685,20,9865752,20
20909,8761685,20,10394350,20
33230,14283876,20,23121885,20
47150,13566441,20,8901645,20
23962,12125867,20,11962679,20
34889,12961349,20,12080080,20
93601,15066303,20,10907498,20
36982,12500453,20,13819031,20
45547,10807734,20,12851329,20
32392,11259496,20,10739893,20
48099,17635480,20,9360490,20
10225,17832923,20,10873140,20
28184,12021561,20,12932941,20
1559,11607463,20,14465504,20
28977,13744955,20,14031591,20
57523,13945195,20,11993737,20
53087,7773150,20,15656266,20
5345,15416933,20,8122961,20
39139,8187766,20,12419714,20
6642,13274590,20,12677003,20
49472,12214506,20,11681119,20
8615,13278381,20,14632254,20
1841,10312493,20,14566471,20
34243,7166895,20,9699616,20
133236,12342398,20,11881629,20
94324,11115746,20,16746537,20
14452,20942979,20,18545459,20
40650,13819668,20,12889046,20
7906,12629566,20,7239825,20
46258,13747746,20,16562311,20
61241,10970261,20,10465835,20
67490,13667479,20,12040024,20
6027,9751255,20,16006689,20
54562,13218816,20,14245449,20
13609,8386834,20,8655390,20
78847,19499291,20,21846339,20
64194,12423341,20,13873930,20
4971,9388983,20,8314188,20
19956,14770598,20,16219633,20
107043,14241275,20,12446176,20
14653,13597473,20,10267527,20
10982,16112508,20,12305032,20
126238,12273676,20,13883684,20
40634,10064583,20,13322396,20
32583,14554636,20,8037971,20
10185,12144537,20,10964458,20
52584,14633813,20,18115551,20
171963,13946853,20,17700143,20
86960,16220015,20,10950261,20
22721,14465967,20,11280607,20
61383,16001154,20,13848057,20
26571,14169268,20,14309150,20
2642,8513513,20,12023822,20
16075,15138911,20,16999709,20
60934,14115993,20,18991862,20
17543,9032254,20,7670388,20
5624,11675731,20,10184904,20
49329,15104587,20,12735627,20
10815,13482899,20,11862993,20
26941,10671107,20,14221240,20
25250,14712644,20,11057864,20
8213,13182513,20,14511719,20
117933,21433551,20,14832488,20
14131,16352368,20,17029165,20
14142,9945733,20,19294700,20
29920,21165374,20,12316644,20
18310,15271865,20,12007574,20
111189,12030865,20,10916625,20
29842,13055460,20,19261891,20
38692,12059110,20,11355556,20
54555,12347712,20,10094103,20
100656,13788030,20,13637653,20
5101,16271354,20,13238694,20
49903,10870073,20,11971306,20
13301,10439018,20,9456350,20
6910,12169803,20,16461026,20
14929,13442687,20,13080784,20
102584,15402676,20,9716948,20
90416,10157878,20,13255961,20
22634,11837332,20,12866566,20
137257,16872433,20,11355344,20
10829,13080251,20,13072171,20
96419,14396264,20,8141915,20
48239,15210025,20,13530891,20
125749,16137988,20,13707044,20
8509,14891715,20,13512263,20
6886,14049381,20,17549697,20
25831,23682292,20,14203977,20
50868,11722947,20,11694220,20
13518,13449305,20,13417881,20
31171,12969792,20,16572731,20
77888,10864585,20,14201802,20
34992,10098387,20,13431652,20
43717,12856699,20,17307166,20
24616,14772893,20,11352828,20
131432,13736087,20,10092532,20
10998,15092265,20,15801905,20
3019,9265130,20,13159289,20
6147,15153791,20,15066900,20
96536,12039055,20,11132690,20
44262,12284567,20,11350673,20
54023,15617699,20,14711596,20
4436,11849039,20,16149841,20
34998,14188532,20,11996036,20
83522,11723199,20,15094390,20
14205,12371733,20,14099574,20
115238,18307939,20,17647743,20
35688,11573966,20,10126857,20
12765,17855622,20,13459738,20
7473,13231152,20,10751730,20
89108,9486435,20,14095456,20
44714,10723822,20,17149883,20
29407,9047944,20,10877037,20
6180,13747987,20,12685577,20
108569,13841559,20,10286524,20
25861,18038300,20,13954337,20
46560,13028676,20,13721295,20
38366,11030577,20,15746558,20
89260,16083210,20,11665425,20
183801,16171539,20,15956673,20
31275,10721632,20,12565787,20
11564,17613597,20,16020155,20
19446,11879926,20,13445679,20
35810,13229608,20,15937489,20
35579,11096825,20,14253369,20
63827,7162782,20,11439047,20
24982,14174532,20,10696753,20
35333,12030353,20,15927753,20
31571,12057222,20,12202930,20
22784,16444889,20,10097999,20
8010,12978646,20,11256754,20
124747,19382648,20,13226053,20
27133,16687899,20,9919721,20
30304,10970191,20,12300655,20
51684,18896014,20,11214750,20
89971,15511797,20,10664265,20
11169,11193684,20,11658520,20
1986,14233596,20,15686723,20
15584,16899438,20,10896340,20
120600,23548177,20,21050423,20
27653,18444104,20,14151023,20
24337,17263507,20,12112779,20
3643,13252815,20,15546625,20
60177,14812206,20,15380838,20
12254,12399469,20,9242556,20
31882,13560381,20,19475137,20
27757,15167260,20,9730623,20
16331,7670449,20,11599684,20
61152,14374235,20,11918539,20
72077,16277335,20,8031697,20
292216,13748428,20,17197893,20
31426,16714795,20,15164219,20
4927,14704182,20,10025112,20
50980,17365901,20,10604379,20
126298,18385522,20,15225099,20
86949,14777097,20,17290753,20
72311,14308652,20,18676311,20
5130,14460204,20,9609963,20
231183,11741777,20,21140420,20
102060,11468837,20,11217248,20
14730,21108851,20,11508696,20
8145,19597813,20,11422525,20
65403,15510192,20,12721685,20
73589,12911016,20,13760793,20
44376,12298498,20,16031119,20
109248,16474091,20,11704739,20
8508,9038397,20,14906409,20
17240,17461654,20,13952547,20
9555,12954940,20,11744669,20
46025,14143146,20,15140735,20
110877,12751320,20,18601411,20
72502,11657169,20,17010058,20
113860,13623041,20,11065783,20
26817,8712757,20,10683942,20
96101,17257225,20,17876524,20
124950,11660607,20,20270567,20
275382,12315461,20,16969002,20
131988,12173024,20,14444975,20
4181,8927357,20,11983679,20
2962,11332042,20,17542071,20
2816,10896541,20,10298248,20
80860,15696009,20,9297524,20
14739,10022471,20,9617837,20
17833,10696455,20,14751405,20
87677,11011686,20,10510530,20
8664,14559930,20,12350235,20
30689,11255160,20,15617908,20
58422,19173481,20,13318249,20
30492,16424030,20,14878851,20
54717,16191126,20,12610689,20
19605,11843568,20,14002115,20
11938,16809067,20,7650865,20
64914,11292127,20,18035238,20
153507,13486346,20,18841270,20
38075,29085572,20,10464377,20
29071,9293646,20,13775839,20
56104,10667625,20,13669016,20
43287,11166436,20,13604095,20
38487,11911667,20,12359498,20
93684,9621984,20,15443131,20
86408,15435761,20,5279740,20
8065,15688936,20,11355591,20
25742,16234308,20,11279270,20
72226,15115834,20,12877675,20
3111,9159076,20,13238631,20
57416,11678572,20,13848544,20
97885,14793360,20,12824534,20
45787,11553384,20,10740794,20
14551,11232501,20,9084229,20
78569,21484421,20,15973025,20
23883,13947610,20,12239799,20
110748,16519429,20,12746134,20
8347,12757225,20,15816585,20
23188,14301945,20,7631116,20
119304,12316018,20,18679135,20
85318,19734283,20,14298615,20
5200,14234228,20,12134019,20
7882,10424172,20,8888246,20
144517,16662789,20,20385341,20
74502,14761507,20,11791619,20
48286,16838853,20,9919983,20
148784,11469123,20,12095363,20
34447,12979884,20,13349010,20
93779,13237429,20,12797601,20
53457,13704814,20,16121774,20
22221,12164823,20,12690641,20
136855,10881727,20,13413080,20
4088,14957014,20,14623282,20
44313,12910796,20,8343809,20
32841,14742900,20,10727575,20
4096,13624262,20,7986582,20
88768,19218829,20,9117707,20
78244,14153860,20,13131344,20
140308,20302747,20,12824899,20
27105,12180231,20,12771856,20
7942,15783255,20,9766876,20
71563,13492165,20,14455647,20
63776,17723635,20,12076211,20
17565,16033113,20,9779595,20
36028,12613051,20,13010692,20
5381,12571190,20,11625148,20
28923,14727024,20,13753310,20
40698,16160044,20,14515710,20
36019,9017810,20,13411546,20
67171,14079055,20,14927775,20
125483,16855315,20,19300346,20
105533,14009282,20,12622913,20
7784,14362340,20,13905403,20
22715,18448415,20,16649380,20
111609,19130878,20,16694542,20
8017,7119237,20,12620312,20
31174,15627987,20,10485032,20
6835,16606258,20,9527598,20
17669,12493440,20,20583384,20
56020,10717450,20,17072146,20
96014,12274073,20,14137300,20
107670,19118808,20,11954773,20
97553,15069096,20,15482949,20
51521,19075384,20,11912503,20
107351,14197874,20,14475851,20
31219,10756216,20,17292983,20
43863,13357131,20,15671296,20
14053,12547012,20,16938188,20
17429,16307556,20,22586798,20
59196,12737091,20,10724442,20
7100,19660643,20,12759538,20
40370,13655394,20,15268365,20
9058,9371157,20,12787729,20
1731,12687315,20,14409854,20
72043,15842652,20,11295132,20
46748,16640194,20,14184370,20
3819,9594598,20,9669228,20
37053,10591860,20,14400254,20
94445,18258147,20,21919387,20
18406,13028147,20,16000377,20
60005,17394400,20,13009359,20
39662,9546848,20,19052334,20
14520,16659896,20,13260131,20
47624,24927920,20,18068553,20
8167,11187599,20,16848211,20
17304,8949217,20,14142928,20
108932,11161325,20,9641544,20
29775,17001724,20,15290640,20
16102,13567279,20,8395330,20
62270,10259592,20,18484613,20
5024,12493158,20,17160999,20
11479,11490628,20,14688685,20
18105,13449611,20,14264574,20
138503,20577663,20,11448830,20
91450,11518600,20,16814608,20
3551,13429972,20,8636006,20
6440,13896125,20,14496039,20
39305,11645690,20,11302900,20
40555,15383013,20,15187455,20
26577,12740654,20,10856886,20
40119,12684360,20,9377747,20
132653,20854559,20,14885535,20
17182,10946467,20,16619198,20
22067,11788538,20,11554642,20
70803,19414697,20,12515919,20
67458,13146182,20,17636356,20
50521,12348977,20,17539531,20
4074,14871623,20,16021720,20
2397,14573837,20,18125447,20
11093,12507986,20,11882472,20
16681,15034154,20,12662172,20
29262,17189551,20,14088299,20
112130,15078401,20,15554275,20
70541,11532122,20,20302959,20
15435,14166222,20,11116923,20
17996,21559479,20,7138522,20
1946,13944374,20,14053407,20
66680,17540189,20,11706381,20
7864,7757164,20,10338114,20
102336,20464615,20,11334891,20
34353,15531310,20,14462489,20
5201,11002860,20,16524803,20
116038,12790871,20,16002251,20
71564,16937546,20,11758160,20
75664,10116651,20,11550420,20
2469,13157810,20,12624784,20
15708,11685609,20,17923506,20
70933,19697421,20,13500890,20
2911,14049547,20,16474085,20
142740,10776727,20,12421081,20
81745,9471048,20,11621785,20
60190,13948218,20,8539810,20
15794,8600652,20,10346439,20
51968,14620074,20,9009129,20
25780,12296823,20,22174073,20
7809,6694268,20,9302051,20
35054,16767709,20,9127832,20
33173,14397385,20,11668336,20
41649,11374688,20,9165521,20
40302,11321316,20,11328209,20
45397,14519423,20,15044476,20
54866,12734591,20,17546958,20
58350,9713842,20,12124083,20
131166,12731413,20,16044615,20
66651,11777790,20,14617280,20
3069,9908094,20,12305355,20
121369,20773009,20,14159655,20
32239,11175201,20,13180723,20
85610,21123710,20,13621133,20
282818,10479694,20,18292635,20
59771,15398371,20,12622223,20
2843,15059849,20,13003041,20
17481,15676808,20,10440671,20
117903,15084914,20,17783828,20
10780,12564650,20,13082142,20
5869,13426415,20,17975224,20
38780,14088805,20,17711540,20
32010,12092930,20,13128957,20
63838,16892961,20,21539709,20
141109,11973887,20,14973723,20
92057,13716575,20,15543230,20
19479,17851545,20,13122818,20
40112,14258513,20,11722444,20
2607,11142389,20,17371012,20
51800,9894111,20,10360837,20
29809,10256768,20,19029736,20
35050,17924908,20,10421181,20
32335,12713791,20,15031609,20
2159,18785895,20,9599231,20
51305,13513107,20,11383528,20
90234,19825143,20,11580118,20
22883,12820144,20,12345961,20
23692,10877629,20,10675919,20
11717,16641205,20,9317104,20
116360,12041213,20,12097167,20
178716,13784476,20,16161399,20
145811,15686931,20,14306232,20
149394,14123511,20,12419358,20
28128,12035389,20,14370775,20
4862,15155856,20,10751733,20
10155,12333661,20,17997002,20
4787,17746433,20,9405902,20
76712,11289884,20,13890060,20
41417,15378837,20,12982095,20
3216,12408692,20,10878225,20
73171,18687856,20,14985412,20
68746,14582861,20,12487780,20
40990,13929212,20,15761723,20
20691,14982781,20,15675068,20
71803,15736438,20,12334182,20
6294,12370341,20,14531787,20
71601,19787368,20,10353458,20
60526,10518665,20,14756803,20
12600,10562732,20,14746942,20
35090,17919157,20,11622883,20
55777,13691751,20,11536987,20
21719,12791400,20,15113295,20
141377,17326087,20,14256752,20
121202,11362694,20,11071932,20
9256,12654855,20,16688218,20
2500,23581514,20,16440278,20
27269,11404614,20,14059480,20
5536,13358340,20,12502130,20
56126,10764919,20,12321510,20
8509,11009773,20,19551029,20
54674,11580016,20,9611900,20
95380,11294025,20,15693412,20
140018,18005661,20,11154515,20
58351,19544863,20,14177491,20
55204,8449741,20,12989931,20
94161,12701781,20,14245282,20
54328,16203481,20,6874205,20
48971,7921000,20,14780817,20
33034,9523506,20,19831580,20
36700,14865610,20,13567700,20
179257,16543502,20,10597872,20
109788,14765313,20,12061675,20
3524,19201049,20,17535070,20
47111,16653593,20,17409494,20
20068,13274731,20,12280002,20
102557,17718172,20,13039710,20
154111,10272179,20,11912514,20
11544,14212130,20,9888793,20
3525,13540062,20,18524791,20
128759,13917194,20,25701405,20
66669,10719647,20,16825090,20
6165,10823923,20,18311994,20
32393,14925118,20,12528621,20
63902,13088376,20,10052542,20
40572,13212917,20,16502901,20
22657,13642495,20,12921137,20
259735,15326308,20,10259703,20
4936,18096302,20,12129833,20
13948,17846519,20,14028932,20
4489,11547897,20,14244904,20
217922,10032579,20,17944118,20
4516,15635180,20,11105111,20
6573,13545715,20,13931402,20
138997,17998615,20,11893023,20
10085,9009484,20,12214635,20
71440,13618657,20,12882632,20
32714,11336786,20,15535760,20
34899,11382794,20,15769621,20
3714,10277592,20,12938330,20
26661,11629776,20,13704808,20
70528,12798610,20,21570054,20
32212,11172402,20,14891974,20
34992,9740705,20,12112355,20
102662,18394508,20,14948980,20
93325,11889559,20,12330459,20
29714,17081874,20,17051878,20
21872,10195491,20,10104847,20
14774,13716806,20,18200144,20
39896,18148686,20,11399221,20
25997,7581013,20,11828851,20
27289,11064797,20,15898083,20
21187,15787583,20,10396532,20
206378,23058800,20,15536156,20
34643,13748734,20,8244274,20
24580,12273707,20,14894847,20
41550,16652803,20,13253332,20
105097,11497680,20,8872502,20
33814,7429222,20,16612043,20
60310,12804704,20,15498940,20
3352,9447350,20,18967592,20
159766,14626860,20,24206338,20
10828,10058763,20,7738075,20
5848,16964663,20,14564056,20
8105,14597517,20,11091564,20
43454,16240965,20,14357205,20
35045,12769196,20,13852168,20
38002,17561755,20,12334662,20
32410,15952370,20,11070573,20
57413,12041753,20,15487632,20
164880,13890997,20,12205070,20
72705,13797321,20,15171583,20
52012,12637424,20,12565969,20
90496,12939694,20,14802058,20
22617,13467701,20,14247508,20
43928,11763326,20,7997597,20
29047,12733448,20,14375108,20
12624,14645234,20,11999337,20
109391,13577688,20,12103989,20
117365,19111991,20,19391260,20
3290,14150163,20,17798937,20
7629,13717228,20,13424500,20
141253,11258264,20,23855875,20
905,13548695,20,12873660,20
109775,25364356,20,10489951,20
1426,8499139,20,13596905,20
65067,16942505,20,11063859,20
31690,16530072,20,14821553,20
37247,10477023,20,8699281,20
39598,15740312,20,8112952,20
83062,13833420,20,16385322,20
89671,18444590,20,17426970,20
61206,11662579,20,13749378,20
117963,13325203,20,20036891,20
38409,8431671,20,13497031,20
97186,19624873,20,17206974,20
31112,15697120,20,13091633,20
53050,12024904,20,15137928,20
15005,16983929,20,12574612,20
71477,13484643,20,15263237,20
126062,17276635,20,13526747,20
207259,16108447,20,12809486,20
9598,12885695,20,11429266,20
35290,15551384,20,9442674,20
2721,19632225,20,7500398,20
4974,10887037,20,12517229,20
76147,16582504,20,11926059,20
81148,8752833,20,13760369,20
84899,13231625,20,14345749,20
34397,10774998,20,11511155,20
124602,13860414,20,18139174,20
114438,13409278,20,13071623,20
45539,11722542,20,12564998,20
104459,15471080,20,13838058,20
152574,12611802,20,14402684,20
54698,9461035,20,12893191,20
61055,18094017,20,13453675,20
18684,10001642,20,17159331,20
29041,13416039,20,12596767,20
198750,18331524,20,13220161,20
11830,16127481,20,8445469,20
3937,13838551,20,8112966,20
49448,13288660,20,8074582,20
27545,11819482,20,13384967,20
41863,15035493,20,15593792,20
37304,15520198,20,14373975,20
14964,8825183,20,15170197,20
42084,11338379,20,14382823,20
52383,12774543,20,16624957,20
24362,9301142,20,17546021,20
18025,8265553,20,10198510,20
95791,15922096,20,11730097,20
6562,14691390,20,9532932,20
55415,10397325,20,15264385,20
35490,16777863,20,18933368,20
56265,16671858,20,14119224,20
1879,12883070,20,6991810,20
26500,11690560,20,12600896,20
60146,16199868,20,12343157,20
29283,9398919,20,15283655,20
12509,11073393,20,21044187,20
87591,11149396,20,18241125,20
5924,15542983,20,12175936,20
3282,17299793,20,14565007,20
42511,10220248,20,8715793,20
2375,10013900,20,10232370,20
4272,7687275,20,19012532,20
86193,10553427,20,12747351,20
3787,19003783,20,18313646,20
9605,12167772,20,9855807,20
5196,11074653,20,10995073,20
83545,15916020,20,9729375,20
134279,9624798,20,18305092,20
5780,10099391,20,16515653,20
3965,14127150,20,8385946,20
86660,13355605,20,14484914,20
4528,14638304,20,12826561,20
2208,20094894,20,19934175,20
35309,20320943,20,10007325,20
56857,15801799,20,18330276,20
25145,15336368,20,19060871,20
58650,9281112,20,17263735,20
64714,15643009,20,13965073,20
43526,7795142,20,11506382,20
9567,14325649,20,14085471,20
65669,14595244,20,18483417,20
75514,15375550,20,9271885,20
78148,15664213,20,15173442,20
85725,12604725,20,17603230,20
108635,12811211,20,15686666,20
10949,12023298,20,10792487,20
11275,15192175,20,11469800,20
8363,15256830,20,13167422,20
10922,11743120,20,14845878,20
10334,10943734,20,11626311,20
26282,10303335,20,9961141,20
32390,8529061,20,13905431,20
13080,11263423,20,12991524,20
70065,21174973,20,13187269,20
28529,10951405,20,18228079,20
1436,15955060,20,9078242,20
3906,12381890,20,11714913,20
5327,15009579,20,14342364,20
45362,11310972,20,14823514,20
104217,11008578,20,14614390,20
11406,10657431,20,13705177,20
3681,9852798,20,14068962,20
8306,12288690,20,12619902,20
52981,12492566,20,15561110,20
25336,11852867,20,15256482,20
71985,15792144,20,18526450,20
143306,14313893,20,19429200,20
43999,10576077,20,13874239,20
32720,12644350,20,16156085,20
102073,12026040,20,17113274,20
34031,15120778,20,13640231,20
60121,20688546,20,14553978,20
32747,11538612,20,18002273,20
198323,15076749,20,13327128,20
19312,11280978,20,14683487,20
130307,12055580,20,13449737,20
47868,9344513,20,9123248,20
13883,8895874,20,10560606,20
3861,13059492,20,10180787,20
78608,15816701,20,20397004,20
31699,17266294,20,13927869,20
41465,5871320,20,11489975,20
80785,17076391,20,9245786,20
10142,14054926,20,7079093,20
83061,15506038,20,20680975,20
23359,11179220,20,15392584,20
58578,16444801,20,12593991,20
127400,14650666,20,16999208,20
30637,12884939,20,14009107,20
71032,16491428,20,16414623,20
64405,17515709,20,12054671,20
32116,12669944,20,11425746,20
99568,15846078,20,16095193,20
25509,7042029,20,14619805,20
49804,7895008,20,12998128,20
50363,13520657,20,11036675,20
151072,16978313,20,12171454,20
101675,15693853,20,10996845,20
112897,22310757,20,11415250,20
71287,13615347,20,21600194,20
58335,22023104,20,19760509,20
73447,11709657,20,6619687,20
179058,14322400,20,21049226,20
65823,15788016,20,15150720,20
16991,12052976,20,11390698,20
11160,14519935,20,15155570,20
103712,13281152,20,18612078,20
9814,17810212,20,10932782,20
36154,13058009,20,13469353,20
22676,9726655,20,13215252,20
48394,14745587,20,14968906,20
86147,14049678,20,15390523,20
69194,15647251,20,9836906,20
71868,16261175,20,18254611,20
19040,15112709,20,15566554,20
47693,16877338,20,13479477,20
49512,12264152,20,16945777,20
61430,16622537,20,12357731,20
16553,16900500,20,13845823,20
53838,13709760,20,12200512,20
32198,14734469,20,14052471,20
31647,11358237,20,17150919,20
80845,8660768,20,18031211,20
24498,11187957,20,10934458,20
40249,13215523,20,6462244,20
116492,11127284,20,14281561,20
22907,17561458,20,16378483,20
121261,21261805,20,12437983,20
40800,21244587,20,13418968,20
5128,10085312,20,16169213,20
1928,7315465,20,15303246,20
66131,16548567,20,10681001,20
21186,13132199,20,10837007,20
45608,14294029,20,10005909,20
34525,13343817,20,9548817,20
63388,18209367,20,12174178,20
6139,14086552,20,17972001,20
18103,17737395,20,13643055,20
23203,10633750,20,16170477,20
18137,21019408,20,14490884,20
2300,6659940,20,9857619,20
10156,11694983,20,11772387,20
52113,12189061,20,16235116,20
10911,14174171,20,14362029,20
100221,11200650,20,14485794,20
39574,16934255,20,15840281,20
20023,12210373,20,13759261,20
30232,10651640,20,12621211,20
44337,7598206,20,11478104,20
98280,22957755,20,15363953,20
11899,14627964,20,10277011,20
1491,13878082,20,20614157,20
40413,11985138,20,12570168,20
22271,13992108,20,12947801,20
23785,15275178,20,13975281,20
36189,16253793,20,10871057,20
7480,15489073,20,15005211,20
66613,13367270,20,14781357,20
150830,15439625,20,16778450,20
22869,15021987,20,12535196,20
32848,12969661,20,15261835,20
6425,9609806,20,12114036,20
28007,12826528,20,11060550,20
137158,16632013,20,11566689,20
3613,13589595,20,12746301,20
2554,11734333,20,15371345,20
31915,27023392,20,11965023,20
15595,12240938,20,10414895,20
