285238,32887599,10,35420850,10,64,58,0,55,0
139284,21216100,10,21028323,10,42,23,0,70,0
34191,11905767,10,10758625,10,33,14,0,19,0
432860,18384955,10,24987851,10,64,26,0,49,0
289714,16317846,10,31439640,10,57,30,0,29,0
418478,22065461,10,38626870,10,46,25,0,38,0
1044597,11583326,10,37503415,10,25,30,0,35,0
31864,27843054,10,24203145,10,39,38,0,89,0
252538,23582908,10,21585456,10,34,29,0,43,0
294896,28428278,10,19157881,10,26,40,0,50,0
108120,23167887,10,24987223,10,59,24,0,29,0
444271,18120219,10,32602768,10,74,49,0,38,0
668285,16974426,10,39766157,10,75,39,0,33,0
272626,13418047,10,13798118,10,12,5,0,18,0
493832,16324749,10,27845072,10,50,18,0,33,0
133862,34556828,10,38167634,10,65,14,0,42,0
577357,15006379,10,31067065,10,87,30,0,28,0
453347,34070785,10,36064407,10,57,58,0,47,0
806568,21785394,10,22844962,10,27,21,0,47,0
13418,10658181,10,17611475,10,10,8,0,14,0
58887,13538934,10,27525776,10,57,50,0,25,0
279952,34079718,10,25779949,10,28,32,0,86,0
1019352,13241661,10,38281595,10,67,49,0,23,0
60735,23193902,10,20689052,10,53,25,0,47,0
25427,20416957,10,24843972,10,82,23,0,49,0
388750,10764091,10,17848192,10,40,24,0,22,0
272123,19575871,10,7501346,10,22,13,0,63,0
515538,22230319,10,30447969,10,63,17,0,24,0
481412,21921816,10,24915718,10,86,10,0,34,0
365275,20335487,10,19778955,10,19,16,0,49,0
1253332,30688529,10,26190318,10,52,37,0,38,0
745793,13078292,10,27884681,10,50,16,0,13,0
372479,14032742,10,38388140,10,58,39,0,30,0
54569,16553829,10,13641873,10,6,10,0,42,0
158198,17357328,10,17340852,10,21,20,0,51,0
308262,25110814,10,22960926,10,73,34,0,58,0
145551,16759144,10,9693233,10,30,16,0,45,0
16096,22187797,10,25479203,10,31,24,0,26,0
147352,22313833,10,22173933,10,25,12,0,66,0
126637,13048865,10,25460469,10,54,29,0,32,0
4134,13128063,10,17667759,10,10,15,0,43,0
125805,11030429,10,13756423,10,41,10,0,24,0
863336,23534258,10,28704123,10,41,32,0,27,0
97152,21971496,10,14909274,10,21,25,0,52,0
338692,28727620,10,26413635,10,21,25,0,55,0
65753,10068104,10,31234250,10,30,22,0,36,0
102440,25614298,10,18499124,10,33,24,0,72,0
338986,26899636,10,12308935,10,26,15,0,86,0
214410,20993326,10,30581209,10,62,19,0,23,0
861229,20702440,10,28338029,10,25,20,0,18,0
876817,18142367,10,37411897,10,52,31,0,22,0
765596,23642929,10,32871382,10,33,40,0,18,0
761723,26085560,10,10929535,10,5,9,0,46,0
120019,25970936,10,26689525,10,64,38,0,53,0
688621,17646228,10,31973246,10,79,37,0,37,0
441042,20030778,10,36410051,10,40,43,0,53,0
415731,29921541,10,18915401,10,17,16,0,41,0
859673,22572212,10,31528498,10,27,33,0,45,0
19655,22405667,10,18586056,10,31,29,0,38,0
869788,11139901,10,35864391,10,49,20,0,28,0
108912,20016300,10,24383133,10,62,34,0,39,0
167274,28041179,10,22599808,10,32,21,0,41,0
33225,8599093,10,14006251,10,4,13,0,9,0
180870,20817282,10,13681594,10,27,15,0,56,0
34966,25771002,10,18887015,10,67,5,0,57,0
806431,43578878,10,21490909,10,27,19,0,106,0
444865,15573610,10,20439098,10,30,28,0,56,0
297315,32162781,10,32008873,10,114,41,0,47,0
145497,17211046,10,16981334,10,40,6,0,56,0
230587,10262046,10,29482910,10,43,22,0,31,0
206814,17858642,10,29187638,10,113,14,0,41,0
123705,25703032,10,23921861,10,69,41,0,68,0
522478,17624440,10,15477751,10,45,15,0,12,0
389430,20801691,10,26987552,10,22,23,0,58,0
449662,24988314,10,25981450,10,39,47,0,97,0
699962,11428496,10,31270477,10,36,19,0,37,0
179597,18146108,10,21129942,10,55,26,0,60,0
595632,20726985,10,23161552,10,26,14,0,25,0
396211,20993261,10,24903811,10,38,38,0,55,0
157348,22949608,10,29330138,10,31,23,0,44,0
176932,18478740,10,35027774,10,79,65,0,24,0
295104,9287759,10,26122935,10,57,28,0,12,0
114596,21394437,10,27323925,10,64,33,0,80,0
321583,35696794,10,23545614,10,37,35,0,57,0
378875,5471800,10,18217616,10,24,13,0,12,0
38215,19654072,10,29923154,10,42,57,0,44,0
657527,13557775,10,42575943,10,85,40,0,24,0
177000,12587461,10,27926532,10,56,33,0,24,0
128403,11479277,10,24786944,10,25,50,0,40,0
59545,16081457,10,22090810,10,41,31,0,64,0
309167,30017557,10,19870534,10,45,35,0,71,0
178211,36765419,10,15421673,10,26,15,0,75,0
89928,16416069,10,20776427,10,19,21,0,30,0
646363,10876974,10,25104526,10,16,24,0,18,0
298008,15547384,10,38957738,10,43,42,0,18,0
115949,14624889,10,23046231,10,29,23,0,15,0
457564,26259484,10,30763920,10,13,27,0,77,0
381398,16347707,10,21062669,10,28,21,0,29,0
209757,27533942,10,16440070,10,43,15,0,23,0
591610,29050176,10,25755304,10,35,45,0,162,0
106726,9167424,10,29259184,10,91,18,0,32,0
29469,9014233,10,16840158,10,24,10,0,16,0
242836,19089343,10,12329846,10,39,8,0,34,0
13808,16895485,10,29234775,10,88,23,0,20,0
66816,17030023,10,12030902,10,24,10,0,28,0
21798,37715850,10,13748052,10,12,23,0,53,0
208306,12552661,10,21798617,10,41,23,0,39,0
76150,18566861,10,14549955,10,50,7,0,19,0
63735,14473262,10,17712373,10,61,15,0,18,0
856473,26416235,10,30808516,10,36,50,0,55,0
92369,15055586,10,24978991,10,26,29,0,42,0
240628,31715825,10,20959287,10,16,17,0,73,0
735298,21299303,10,40491606,10,34,46,0,31,0
141104,31418989,10,31171586,10,96,26,0,39,0
52760,26037358,10,28395012,10,32,26,0,45,0
261341,21504301,10,36963854,10,66,44,0,50,0
905159,31080637,10,31690924,10,57,44,0,73,0
176231,10918561,10,15610419,10,27,23,0,39,0
170792,16663183,10,25975869,10,54,14,0,25,0
645720,12139461,10,27900168,10,49,32,0,21,0
663861,28769404,10,34979545,10,62,61,0,42,0
38850,22974477,10,27138654,10,28,29,0,45,0
153969,13589418,10,10528942,10,35,10,0,17,0
525304,27261414,10,27014036,10,71,32,0,58,0
284035,18880297,10,11319272,10,26,8,0,32,0
734738,17184048,10,28467848,10,39,30,0,21,0
270042,27204221,10,20805676,10,72,34,0,68,0
750846,29816813,10,15023886,10,15,12,0,19,0
10643,16052477,10,24016851,10,24,17,0,42,0
274829,17982288,10,22447516,10,14,24,0,40,0
659002,20850463,10,23661319,10,22,39,0,43,0
6000,13867981,10,21531240,10,72,30,0,17,0
278238,20634729,10,14105579,10,47,19,0,41,0
22918,14531868,10,23128110,10,45,20,0,19,0
396453,11836796,10,24225742,10,44,19,0,23,0
231744,15973890,10,32383435,10,23,24,0,53,0
670402,16229863,10,32487452,10,57,61,0,29,0
38190,15441194,10,32163922,10,48,22,0,30,0
420691,10236247,10,25824436,10,26,22,0,29,0
323095,18494625,10,25490132,10,32,30,0,59,0
528837,14783990,10,25458374,10,58,32,0,39,0
670178,16080524,10,24472193,10,78,13,0,51,0
1338175,33944550,10,18528617,10,16,20,0,38,0
285072,14070489,10,43782832,10,42,67,0,49,0
107967,9349105,10,22939754,10,50,26,0,25,0
394164,10916391,10,14372069,10,32,18,0,11,0
351139,21538427,10,12884334,10,32,17,0,48,0
17531,28346499,10,13427632,10,56,16,0,31,0
138910,18428729,10,12441828,10,11,9,0,26,0
261966,16208856,10,28265601,10,70,30,0,50,0
49326,13005123,10,18515091,10,73,22,0,26,0
453342,14893507,10,31076527,10,47,26,0,18,0
174342,17340867,10,20432887,10,27,19,0,36,0
79748,14851978,10,19789913,10,14,26,0,42,0
623816,12153553,10,15633755,10,10,17,0,29,0
119345,26113947,10,23948370,10,10,26,0,53,0
162054,7445678,10,29617280,10,32,22,0,13,0
138699,23295599,10,25865814,10,59,17,0,65,0
7772,18170927,10,16927313,10,32,21,0,25,0
178097,16428536,10,11503037,10,9,23,0,43,0
147454,19721497,10,14117041,10,47,15,0,62,0
176174,23610155,10,21887691,10,40,19,0,52,0
143946,26810655,10,11988895,10,11,7,0,44,0
1088966,29041788,10,28891899,10,75,19,0,48,0
334268,24800442,10,27277423,10,45,18,0,46,0
322235,9144457,10,29243507,10,35,19,0,17,0
189225,28551375,10,30826779,10,71,19,0,34,0
837243,27911914,10,20750595,10,40,32,0,68,0
865874,25229077,10,18875779,10,22,24,0,39,0
679751,23544788,10,20399255,10,24,15,0,52,0
1105764,24575307,10,35992218,10,41,32,0,34,0
995071,24715597,10,25614344,10,86,39,0,36,0
392291,31167481,10,18324388,10,50,32,0,97,0
359005,22602583,10,13803774,10,25,19,0,54,0
570999,19658148,10,15859280,10,16,16,0,31,0
7569,15447410,10,16683377,10,15,16,0,20,0
203577,9510421,10,13178612,10,36,9,0,28,0
584497,30479350,10,33277423,10,58,44,0,78,0
654145,28724333,10,23293314,10,34,22,0,33,0
396749,18072307,10,18238130,10,29,21,0,40,0
547740,12791038,10,22267929,10,30,21,0,49,0
115826,14826221,10,16526697,10,18,7,0,45,0
201107,11045753,10,26156325,10,80,43,0,33,0
641528,19434535,10,20105256,10,26,13,0,32,0
15272,21127628,10,19936477,10,43,17,0,40,0
101763,20760432,10,36272725,10,81,47,0,40,0
733069,30577175,10,19709764,10,58,30,0,40,0
1213991,26518286,10,27853148,10,47,27,0,49,0
248419,24611317,10,34508548,10,45,50,0,49,0
100082,14103929,10,26074335,10,19,15,0,31,0
89260,14968440,10,27418263,10,58,32,0,29,0
573410,25019978,10,29321736,10,87,29,0,46,0
37566,29242912,10,25369854,10,31,40,0,45,0
497139,18044247,10,36768979,10,37,13,0,25,0
281864,16450297,10,21510156,10,34,25,0,45,0
80334,18684514,10,24602330,10,64,27,0,44,0
1200232,14557256,10,35987469,10,55,33,0,34,0
379655,16872814,10,29128126,10,61,52,0,36,0
305161,17536043,10,33631735,10,51,20,0,36,0
229943,14858357,10,30777947,10,76,21,0,33,0
189251,16695175,10,15097298,10,31,11,0,28,0
602389,20755449,10,26994145,10,61,36,0,27,0
313521,19606135,10,30134090,10,21,26,0,38,0
158257,25267918,10,40315744,10,67,25,0,49,0
568707,23411967,10,14917281,10,26,48,0,59,0
8634,8468363,10,20796775,10,42,22,0,20,0
538415,24021467,10,20574837,10,56,15,0,74,0
169890,19450487,10,18962480,10,35,25,0,46,0
1100371,19439422,10,24874977,10,42,19,0,13,0
281060,21854817,10,29728137,10,23,43,0,28,0
429549,22973300,10,43679279,10,112,54,0,100,0
158774,18988263,10,20294241,10,49,21,0,32,0
9218,14654216,10,22702325,10,77,29,0,41,0
23450,15185889,10,24470550,10,29,18,0,22,0
191573,10756251,10,28733900,10,76,28,0,25,0
253089,12083167,10,16854323,10,28,19,0,39,0
500703,24206830,10,25888913,10,55,41,0,48,0
113370,27200070,10,27020251,10,59,29,0,46,0
25431,9614179,10,18019647,10,11,7,0,37,0
228012,22427770,10,16436749,10,43,24,0,34,0
833828,19210006,10,12467683,10,40,13,0,46,0
1125514,12302413,10,35742103,10,61,17,0,28,0
272085,19032777,10,18969274,10,46,17,0,47,0
137504,17196919,10,16467755,10,42,5,0,25,0
1086124,25441278,10,16595118,10,26,35,0,44,0
118725,20751225,10,12783908,10,23,2,0,33,0
968761,26114114,10,18186240,10,40,11,0,47,0
673538,24239690,10,42116838,10,94,25,0,41,0
445054,29337242,10,32203686,10,81,25,0,27,0
334199,10808516,10,23519407,10,47,25,0,44,0
1457866,12444228,10,28903757,10,37,21,0,24,0
947422,16961811,10,18365917,10,38,29,0,34,0
430652,10413002,10,36432823,10,90,37,0,25,0
589850,19538097,10,18418517,10,47,25,0,40,0
50443,21211658,10,14477421,10,18,19,0,46,0
286738,8032341,10,33629826,10,39,22,0,57,0
383423,15522930,10,22664182,10,72,21,0,33,0
606421,21047996,10,22245182,10,67,16,0,23,0
487355,19231550,10,22105274,10,16,17,0,49,0
116831,16400826,10,25783518,10,54,34,0,36,0
94159,20496307,10,29810202,10,36,39,0,55,0
112882,33532467,10,15484773,10,31,15,0,69,0
67610,16574116,10,23958013,10,43,19,0,36,0
768388,17606743,10,34357839,10,75,15,0,58,0
89011,19138690,10,20367716,10,51,23,0,45,0
378904,23469206,10,27232799,10,42,20,0,26,0
429194,33985080,10,22006816,10,37,21,0,51,0
253734,16774221,10,16951462,10,40,13,0,53,0
151715,18250670,10,23184813,10,27,32,0,63,0
106854,17252142,10,19203170,10,21,17,0,23,0
677309,21714709,10,23029643,10,35,20,0,23,0
533856,27907974,10,36708676,10,30,69,0,61,0
1386782,18928146,10,35933222,10,71,43,0,39,0
402351,16515605,10,20349969,10,49,25,0,29,0
100982,40320670,10,33028361,10,38,27,0,78,0
38133,21012913,10,20133240,10,36,17,0,52,0
515959,13198386,10,17579383,10,15,21,0,21,0
1120106,20593713,10,26105416,10,27,50,0,59,0
515335,14862554,10,25315571,10,89,10,0,44,0
405680,23924793,10,31018132,10,71,22,0,46,0
380843,18907488,10,28150644,10,24,30,0,19,0
178946,13471951,10,37092801,10,85,39,0,28,0
246771,19435098,10,17654599,10,27,20,0,32,0
33196,14456261,10,10016560,10,24,15,0,50,0
228937,13193388,10,18649866,10,55,21,0,22,0
491826,16287214,10,21404538,10,47,38,0,55,0
82769,11488573,10,30125831,10,68,19,0,56,0
722788,19629220,10,26594169,10,56,33,0,19,0
148127,8815026,10,16086655,10,28,15,0,12,0
866347,15368426,10,14533921,10,40,9,0,31,0
1152551,18547146,10,24742428,10,63,25,0,35,0
473868,23859750,10,24909967,10,24,29,0,40,0
749060,14622223,10,31419332,10,30,18,0,37,0
68325,14484135,10,8544920,10,12,6,0,17,0
69913,12178572,10,32536752,10,67,23,0,32,0
12657,17974724,10,28140320,10,110,33,0,55,0
190866,30171381,10,22397900,10,28,32,0,101,0
709919,22828029,10,24363418,10,21,21,0,24,0
525463,25660573,10,32364680,10,60,48,0,44,0
334628,28277263,10,30513404,10,64,29,0,58,0
763102,21960636,10,29646859,10,63,18,0,35,0
919975,19099934,10,23976465,10,23,51,0,56,0
139785,10358496,10,18476982,10,43,19,0,44,0
23287,32775919,10,15855670,10,43,16,0,48,0
195508,14323704,10,27716033,10,41,41,0,29,0
64756,18275871,10,14168776,10,21,9,0,40,0
75996,34012534,10,17491361,10,41,18,0,59,0
5576,11408479,10,38388458,10,83,35,0,22,0
448083,23684491,10,27723824,10,69,22,0,51,0
230712,9509261,10,17016804,10,28,17,0,31,0
289395,17246756,10,15654482,10,43,13,0,39,0
133467,15911421,10,24714009,10,57,17,0,23,0
387701,21458755,10,29655632,10,43,39,0,49,0
233799,13312653,10,25538791,10,25,49,0,30,0
43442,24232438,10,26777761,10,28,35,0,47,0
126372,12420549,10,14847034,10,29,17,0,28,0
182777,17052652,10,22699164,10,44,21,0,37,0
696974,12527154,10,34423659,10,50,31,0,38,0
173232,10398660,10,19357437,10,43,19,0,27,0
526641,28371134,10,21517456,10,22,22,0,60,0
380955,18965261,10,28694368,10,47,18,0,18,0
316020,21197137,10,20366159,10,17,19,0,57,0
116971,10673823,10,23099899,10,66,26,0,17,0
862988,10730337,10,30820017,10,46,16,0,20,0
175359,29161135,10,30277739,10,87,23,0,49,0
505402,27578032,10,28186465,10,32,22,0,68,0
501415,30411450,10,31949174,10,51,54,0,40,0
541153,13986985,10,13137814,10,26,11,0,20,0
156490,12774936,10,31656505,10,64,32,0,42,0
338444,16562323,10,17207099,10,21,29,0,61,0
736486,23834233,10,53407901,10,62,30,0,28,0
486126,29083996,10,21632644,10,36,15,0,32,0
274243,27929999,10,23584464,10,82,26,0,56,0
394125,14149788,10,22596368,10,49,28,0,24,0
70629,13760174,10,21790181,10,13,16,0,39,0
214508,13679475,10,16762849,10,53,7,0,21,0
587910,29340669,10,17360993,10,18,32,0,41,0
1617190,18726616,10,31699775,10,44,46,0,45,0
607815,17177061,10,17336630,10,71,22,0,21,0
557931,17284692,10,20018524,10,45,29,0,55,0
396971,31683730,10,46364202,10,63,70,0,67,0
47858,17734023,10,23612327,10,63,23,0,44,0
133785,19434122,10,18793794,10,29,17,0,40,0
335830,19238326,10,37063689,10,55,53,0,29,0
184772,29169923,10,11468966,10,17,9,0,75,0
80329,10816866,10,32543341,10,91,23,0,14,0
11593,18816259,10,17666503,10,18,24,0,84,0
143282,16012483,10,19647995,10,13,15,0,35,0
655581,24380368,10,28506013,10,51,30,0,25,0
126907,11631916,10,15842081,10,27,18,0,24,0
121764,13046185,10,32792838,10,47,12,0,45,0
22069,17869452,10,27713468,10,78,31,0,17,0
673093,21620846,10,27903733,10,27,39,0,45,0
339087,17534772,10,21569528,10,41,28,0,36,0
428455,34630583,10,22939214,10,14,12,0,52,0
129941,13889396,10,20136070,10,47,21,0,27,0
73711,28404835,10,22950355,10,29,44,0,45,0
251288,18512417,10,17751196,10,35,17,0,46,0
238935,27173188,10,21886297,10,55,11,0,37,0
81555,20078040,10,11335059,10,36,23,0,41,0
678872,29365605,10,23045871,10,69,28,0,44,0
919247,37440211,10,20171844,10,43,26,0,57,0
190209,12392741,10,29758498,10,42,32,0,29,0
18483,9524117,10,34672559,10,40,46,0,39,0
238930,38730685,10,11569652,10,34,10,0,68,0
262097,13767974,10,23059552,10,47,28,0,27,0
1007678,19506219,10,23869259,10,39,17,0,33,0
606377,19600749,10,35076726,10,61,46,0,45,0
344691,17957325,10,24128333,10,33,27,0,30,0
202380,17781662,10,22836144,10,51,33,0,75,0
911693,20304406,10,31277705,10,95,22,0,13,0
44929,10072197,10,26080277,10,37,8,0,18,0
228548,13747302,10,23453619,10,61,32,0,48,0
243244,18835936,10,12794503,10,33,9,0,36,0
621327,16844796,10,19039650,10,39,21,0,52,0
539412,24454267,10,28971878,10,43,35,0,67,0
462024,20316049,10,23438422,10,7,15,0,31,0
12971,11149923,10,14158493,10,19,23,0,40,0
301702,16535848,10,16157928,10,32,21,0,46,0
546188,19279308,10,19551220,10,38,17,0,36,0
235566,30387178,10,26076686,10,58,25,0,71,0
13516,24782608,10,14731251,10,32,20,0,43,0
207482,35089315,10,23470283,10,41,16,0,74,0
428439,21880145,10,28777258,10,38,55,0,45,0
151654,13831141,10,20786142,10,54,18,0,28,0
324565,14104447,10,34379316,10,55,38,0,16,0
332610,25873572,10,12937705,10,9,16,0,44,0
28318,20309510,10,11721316,10,36,18,0,33,0
462741,19227946,10,26328164,10,43,16,0,57,0
73497,37188560,10,24188418,10,115,22,0,61,0
129410,9198412,10,22405053,10,38,15,0,14,0
138758,15834787,10,24225942,10,64,26,0,20,0
150130,18015943,10,24485000,10,54,29,0,24,0
309404,26091057,10,13015223,10,17,8,0,51,0
345593,13736428,10,37926146,10,109,47,0,35,0
400858,18482261,10,31084191,10,70,22,0,46,0
558198,23256302,10,27377556,10,39,52,0,77,0
78755,18095703,10,24727738,10,23,13,0,19,0
890084,21422149,10,25708341,10,65,42,0,82,0
201758,22110963,10,16067284,10,59,14,0,42,0
206489,22107631,10,18818111,10,42,23,0,75,0
172056,13054441,10,18537517,10,17,33,0,27,0
335016,12599969,10,31892452,10,87,37,0,19,0
193317,20354395,10,56864802,10,156,84,0,41,0
249516,14733289,10,36994926,10,102,19,0,28,0
1970532,29052243,10,36335580,10,84,40,0,46,0
370695,14538474,10,23296158,10,42,31,0,27,0
260421,26538378,10,28681788,10,60,34,0,44,0
317440,18718881,10,31329012,10,34,26,0,61,0
764352,11542921,10,38201881,10,55,44,0,14,0
610932,33858685,10,24036671,10,35,34,0,39,0
138380,18158032,10,18424533,10,5,10,0,22,0
495234,17309086,10,21305760,10,32,17,0,32,0
632113,19932466,10,22824403,10,50,41,0,43,0
471503,17428097,10,22933806,10,36,26,0,37,0
138743,17321564,10,21283172,10,69,22,0,33,0
299694,17373288,10,15568905,10,27,11,0,31,0
230309,34105643,10,42630048,10,91,47,0,72,0
111456,14660543,10,18452088,10,31,11,0,22,0
500751,27631274,10,25881748,10,34,24,0,57,0
331770,16619337,10,21707449,10,37,22,0,41,0
350871,13755832,10,28528939,10,35,40,0,35,0
3853,15423782,10,18857446,10,15,15,0,36,0
18319,12126326,10,48192363,10,86,33,0,26,0
882237,21810764,10,33348116,10,80,46,0,61,0
333106,8942775,10,26563547,10,32,16,0,28,0
332735,18018747,10,18477806,10,30,16,0,21,0
42027,17825553,10,23717417,10,70,48,0,37,0
824234,25725503,10,28241511,10,75,28,0,37,0
220990,25927227,10,32086705,10,52,28,0,57,0
158205,18469624,10,27869031,10,39,39,0,24,0
402597,24543310,10,12460327,10,29,14,0,74,0
423276,28072313,10,14357164,10,17,17,0,56,0
461818,22258738,10,23681808,10,39,31,0,40,0
178739,18997552,10,25538903,10,66,19,0,27,0
996563,19135780,10,16541825,10,29,17,0,44,0
600601,18373722,10,26697289,10,43,42,0,41,0
756847,28836161,10,19936410,10,64,11,0,23,0
1155648,21603753,10,22684638,10,23,31,0,96,0
227973,29394514,10,31418597,10,49,17,0,52,0
34590,14499126,10,21065365,10,45,25,0,23,0
71950,16987140,10,16816736,10,20,15,0,23,0
798113,30456728,10,42891923,10,83,62,0,39,0
36006,12633343,10,13289773,10,20,12,0,38,0
207077,15578472,10,17325843,10,36,22,0,29,0
762595,24003295,10,22108882,10,52,32,0,34,0
1570132,25003886,10,30603370,10,51,32,0,65,0
264520,14759272,10,30194041,10,89,27,0,18,0
195398,38266766,10,21099267,10,23,32,0,93,0
339610,26212441,10,19429222,10,24,11,0,27,0
99500,7978458,10,31695169,10,34,15,0,20,0
1492319,19785478,10,40306778,10,69,43,0,42,0
20397,23927777,10,39124981,10,66,62,0,62,0
148431,30491689,10,13751084,10,17,13,0,54,0
638855,16046136,10,20545020,10,34,15,0,23,0
405591,17503086,10,13914206,10,11,11,0,25,0
9557,9660656,10,23475403,10,28,25,0,11,0
345961,19942315,10,15652354,10,17,8,0,21,0
338907,11661427,10,23227798,10,36,20,0,23,0
123258,17771086,10,13747019,10,31,15,0,38,0
495207,21659834,10,20605175,10,35,18,0,23,0
529450,19051001,10,16996533,10,19,14,0,27,0
183564,15240777,10,23986460,10,53,24,0,41,0
132033,13877830,10,12023405,10,7,19,0,53,0
111463,12721152,10,8532507,10,14,6,0,24,0
620610,33784544,10,17966057,10,43,26,0,64,0
32005,23468914,10,20901481,10,39,24,0,58,0
86288,21834952,10,16032112,10,44,15,0,35,0
397386,22272093,10,38890999,10,122,58,0,48,0
329496,15578597,10,20834094,10,19,14,0,24,0
294246,27809820,10,17565084,10,31,24,0,58,0
14737,33460010,10,13798673,10,51,16,0,74,0
95394,17342964,10,23809439,10,30,20,0,58,0
677116,38988076,10,18940123,10,32,25,0,78,0
417767,24496624,10,25799609,10,48,32,0,49,0
90399,14955495,10,30131302,10,56,54,0,35,0
486063,18434041,10,22003108,10,50,19,0,28,0
355932,14257113,10,36937151,10,55,27,0,43,0
561046,9693207,10,18162241,10,53,17,0,34,0
1102733,16658512,10,15029196,10,22,21,0,62,0
994050,11358754,10,25364543,10,21,24,0,20,0
529536,27894054,10,20817654,10,67,27,0,55,0
320189,29032984,10,15519536,10,68,20,0,49,0
339182,22513873,10,29117424,10,37,31,0,30,0
83538,9433790,10,15479820,10,35,19,0,49,0
5972,10902555,10,28743060,10,48,28,0,58,0
341965,22440584,10,23077880,10,49,21,0,41,0
35517,9572385,10,27363231,10,47,30,0,40,0
395377,30737967,10,22946721,10,26,35,0,64,0
122266,13645811,10,23313041,10,46,20,0,27,0
271767,14372770,10,28315912,10,63,13,0,16,0
69943,18973532,10,18971278,10,25,17,0,20,0
111503,17354602,10,17027887,10,12,20,0,31,0
284880,15497244,10,29322645,10,47,27,0,35,0
37958,19171344,10,18364999,10,27,11,0,22,0
183298,32785857,10,26904098,10,45,50,0,62,0
55181,23742322,10,16790247,10,41,18,0,32,0
32389,15375926,10,21625857,10,44,19,0,26,0
377462,19203056,10,37906724,10,77,38,0,40,0
118819,35001958,10,26252777,10,46,41,0,80,0
524688,22859970,10,20897508,10,45,23,0,50,0
185394,23606821,10,21313317,10,31,22,0,48,0
238585,24338286,10,34381188,10,107,33,0,63,0
173352,14012478,10,11053381,10,5,15,0,34,0
224188,15301164,10,28429815,10,41,19,0,16,0
115381,21103639,10,13330826,10,21,30,0,53,0
465852,22420418,10,31076188,10,25,18,0,47,0
789785,18214912,10,30823526,10,46,19,0,18,0
700386,24463065,10,12981920,10,10,12,0,29,0
220050,10700380,10,16779604,10,14,5,0,17,0
505159,21580395,10,30526044,10,80,31,0,17,0
500871,20188507,10,15907457,10,11,10,0,21,0
94360,26830436,10,27145640,10,29,21,0,35,0
418141,24319478,10,23943011,10,13,44,0,53,0
625605,10461959,10,42320501,10,50,21,0,40,0
216532,12359650,10,30746975,10,44,27,0,63,0
187635,20693389,10,24113616,10,43,33,0,68,0
127387,20451236,10,28942329,10,76,42,0,52,0
1001269,15940096,10,44677963,10,53,60,0,24,0
370379,20263636,10,20899899,10,57,23,0,63,0
77591,11832362,10,24455523,10,11,19,0,34,0
20430,20707924,10,24356677,10,39,14,0,42,0
746136,10015367,10,25624941,10,24,22,0,17,0
99400,8370630,10,17696905,10,22,17,0,46,0
177913,15163112,10,18683427,10,49,15,0,20,0
83517,12712048,10,21898631,10,22,23,0,51,0
774917,25717121,10,33169438,10,26,34,0,29,0
133669,13860759,10,21843660,10,35,17,0,37,0
186151,15520081,10,20112970,10,50,24,0,47,0
87613,14540794,10,19753578,10,40,15,0,45,0
373209,21563388,10,14639722,10,21,17,0,50,0
755135,21825073,10,18469967,10,56,48,0,48,0
1151338,31375630,10,23611629,10,26,31,0,59,0
305875,17300086,10,42466919,10,76,69,0,38,0
296191,17331737,10,19381102,10,25,11,0,20,0
453662,16461876,10,20188914,10,9,30,0,20,0
667597,17333233,10,12907228,10,29,12,0,17,0
419385,18530074,10,25379212,10,38,21,0,11,0
480952,19407669,10,24026517,10,36,21,0,20,0
170382,13414216,10,25601986,10,33,34,0,19,0
105268,12886550,10,20214657,10,47,22,0,45,0
420242,15387954,10,14702960,10,15,7,0,20,0
444738,14809607,10,25032780,10,73,26,0,51,0
669306,22723837,10,17762733,10,30,22,0,28,0
311681,13064763,10,18937397,10,30,17,0,46,0
606084,15622744,10,34331695,10,76,54,0,38,0
558870,24448282,10,23053733,10,28,23,0,47,0
350641,27692070,10,15687953,10,22,4,0,38,0
588415,20034521,10,17616430,10,24,24,0,20,0
807091,16410747,10,27162994,10,35,28,0,40,0
731581,25168121,10,18254697,10,23,21,0,53,0
157161,25713839,10,15115441,10,32,29,0,53,0
152564,23903483,10,12136545,10,21,12,0,17,0
163418,14572469,10,11953857,10,40,21,0,39,0
100253,16188855,10,22189658,10,42,44,0,32,0
114828,13492421,10,23214326,10,36,17,0,29,0
171992,19968171,10,13153338,10,32,10,0,40,0
54540,29269294,10,31499837,10,51,29,0,54,0
349500,26578489,10,29943355,10,74,18,0,32,0
958558,22757627,10,41776500,10,116,40,0,58,0
648750,36235435,10,27017779,10,73,48,0,93,0
414273,14709190,10,24956686,10,47,19,0,33,0
42622,15670241,10,17259394,10,18,17,0,48,0
218295,23963328,10,13449028,10,31,20,0,30,0
438581,22507690,10,36595751,10,93,33,0,39,0
89411,24563518,10,22900046,10,47,21,0,68,0
965902,30459447,10,53142792,10,89,57,0,63,0
324651,16996170,10,26473099,10,43,13,0,18,0
95213,13090339,10,23868693,10,41,9,0,41,0
67396,23559375,10,24441296,10,17,18,0,43,0
1064891,21798518,10,38119089,10,42,32,0,64,0
58330,25540120,10,23016309,10,35,38,0,50,0
160534,28396834,10,13823128,10,28,12,0,83,0
86910,12096626,10,30515828,10,40,39,0,27,0
616712,28075531,10,22469234,10,17,26,0,71,0
74452,19620518,10,24599566,10,36,33,0,39,0
235484,32371757,10,21148045,10,17,21,0,34,0
637472,24294038,10,34957658,10,100,47,0,56,0
116073,17984847,10,20412677,10,21,14,0,63,0
366688,29974321,10,25326045,10,60,29,0,74,0
769786,21187247,10,38670631,10,64,41,0,26,0
152860,20475059,10,28088311,10,76,40,0,38,0
154073,23847181,10,18985374,10,36,14,0,59,0
320196,23090495,10,23047228,10,54,17,0,34,0
202074,14286234,10,11438132,10,19,14,0,35,0
408072,27528404,10,14923414,10,17,25,0,52,0
8018,17908381,10,34481267,10,81,28,0,22,0
225069,16742495,10,22400025,10,85,37,0,66,0
235284,15003924,10,25541898,10,24,9,0,40,0
637880,25326307,10,20677199,10,14,15,0,35,0
784698,19044722,10,27927987,10,48,23,0,14,0
107871,16854940,10,25771175,10,104,27,0,45,0
88499,18113967,10,14828406,10,29,19,0,43,0
20232,12382898,10,25675062,10,104,17,0,40,0
156848,22540117,10,26998398,10,51,50,0,61,0
8282,25545410,10,16597581,10,9,35,0,50,0
1284142,24101998,10,24760335,10,27,30,0,35,0
405287,17919556,10,17432542,10,32,11,0,50,0
213349,19082346,10,18080482,10,79,25,0,15,0
100239,16858561,10,18276258,10,80,18,0,21,0
5704,14006351,10,20598959,10,16,26,0,61,0
16798,9940467,10,33017454,10,98,18,0,5,0
556504,14436542,10,25476707,10,56,22,0,38,0
789569,20785612,10,33725188,10,84,41,0,18,0
68053,15916819,10,26714952,10,36,37,0,19,0
371233,11222585,10,35126417,10,79,27,0,31,0
397845,21134064,10,20056244,10,15,13,0,36,0
226191,11747962,10,22523813,10,76,42,0,18,0
702218,29507430,10,22962190,10,31,29,0,54,0
92062,16233391,10,18737027,10,44,26,0,32,0
303108,15686497,10,39233618,10,95,51,0,32,0
773891,20198081,10,29543763,10,65,23,0,27,0
529855,17171683,10,28041761,10,57,46,0,31,0
511603,15667012,10,13922062,10,10,5,0,28,0
151452,17886005,10,18068890,10,44,11,0,36,0
18186,20360698,10,14441839,10,34,13,0,16,0
306730,16039175,10,27615108,10,31,40,0,42,0
69717,17853428,10,16453357,10,19,14,0,29,0
34777,23978291,10,14863918,10,38,12,0,69,0
444984,18613068,10,30927502,10,37,48,0,27,0
94933,17077633,10,29245565,10,61,37,0,54,0
341533,10584784,10,23894211,10,33,9,0,17,0
15283,14506530,10,11028907,10,12,14,0,35,0
509387,27421815,10,38875135,10,88,48,0,59,0
439842,20316999,10,23817012,10,42,16,0,64,0
184915,30733033,10,16043137,10,30,9,0,47,0
175592,18585615,10,16374240,10,81,22,0,25,0
671755,20751578,10,24053984,10,20,27,0,41,0
93522,12086126,10,42003732,10,142,101,0,34,0
289448,20310853,10,30514863,10,33,31,0,42,0
1202702,9319218,10,32534357,10,27,18,0,33,0
108654,20330453,10,27540946,10,68,29,0,79,0
401396,18899850,10,30397575,10,60,19,0,25,0
235318,15572470,10,28430899,10,38,25,0,48,0
351509,24343357,10,24893860,10,55,35,0,14,0
282670,22343467,10,19710777,10,46,34,0,57,0
273995,28404057,10,31785644,10,60,39,0,86,0
1440920,33926226,10,34507991,10,23,40,0,104,0
226925,17592549,10,30963853,10,36,37,0,14,0
184190,24839972,10,31517901,10,65,44,0,69,0
60292,13909182,10,15634735,10,30,32,0,44,0
94677,21063341,10,26403061,10,19,23,0,44,0
418494,19884683,10,21643918,10,55,27,0,36,0
307339,16887062,10,29270349,10,48,34,0,27,0
209274,16452471,10,21396378,10,67,21,0,40,0
315076,16593247,10,20319926,10,49,15,0,23,0
17601,35005922,10,31588608,10,53,69,0,128,0
257242,13740670,10,18648472,10,32,15,0,35,0
258068,18198007,10,16458255,10,37,9,0,47,0
267843,14952488,10,24321722,10,42,27,0,23,0
433386,22836907,10,23610935,10,48,29,0,44,0
411971,16817108,10,20602798,10,15,13,0,41,0
28239,24529318,10,25039791,10,10,17,0,37,0
755074,21156260,10,29306887,10,59,21,0,41,0
1292739,17874841,10,22469564,10,29,27,0,29,0
223365,24563514,10,20979276,10,19,21,0,26,0
329171,12726208,10,32992127,10,27,25,0,29,0
680005,17138527,10,18943172,10,15,26,0,33,0
22946,10199688,10,19737146,10,26,23,0,33,0
140660,21007571,10,18819404,10,17,18,0,34,0
131989,31154652,10,19758943,10,38,12,0,26,0
502000,16978493,10,19938021,10,67,14,0,25,0
337082,8346441,10,33881875,10,55,51,0,23,0
38863,20897766,10,27896661,10,35,23,0,26,0
497438,26152355,10,30735604,10,40,29,0,30,0
64816,27067006,10,31231690,10,34,32,0,51,0
267661,20082657,10,36826379,10,65,32,0,33,0
367405,19715651,10,26652692,10,37,21,0,47,0
230525,17547733,10,17507798,10,41,13,0,74,0
550279,28461498,10,25068987,10,57,39,0,42,0
121850,34547159,10,17040286,10,47,18,0,30,0
197726,20185195,10,28941083,10,67,32,0,32,0
198581,20861614,10,35252676,10,45,18,0,12,0
519672,22013676,10,25075845,10,40,16,0,45,0
562683,25290406,10,32184900,10,34,28,0,58,0
582971,28374302,10,30370957,10,35,32,0,57,0
5508,23800002,10,18099392,10,47,11,0,46,0
569201,14862890,10,14401802,10,42,18,0,24,0
192605,21675324,10,30679754,10,79,48,0,18,0
843270,20955495,10,15950041,10,19,23,0,36,0
105259,18273113,10,25136008,10,68,22,0,25,0
279313,17149554,10,21366714,10,38,25,0,61,0
635261,19999910,10,29533884,10,33,47,0,25,0
422954,19117088,10,26308786,10,33,33,0,19,0
263912,13327334,10,27524843,10,55,29,0,19,0
78147,28745266,10,38756639,10,53,44,0,42,0
66409,13607988,10,23100853,10,35,13,0,26,0
782909,24245029,10,19393636,10,27,46,0,31,0
645422,20080739,10,21328876,10,37,21,0,33,0
395104,21256192,10,29379966,10,77,14,0,36,0
604672,24004263,10,24629396,10,24,38,0,45,0
49989,15720357,10,31624105,10,97,27,0,29,0
951245,19719991,10,19757650,10,68,13,0,36,0
235080,7239533,10,23247272,10,38,17,0,7,0
284531,26311645,10,23184593,10,25,39,0,34,0
387465,19724616,10,25049517,10,46,32,0,55,0
1086161,22019465,10,44967868,10,41,48,0,18,0
654937,32735312,10,38678340,10,87,41,0,69,0
228657,20863808,10,19460988,10,43,21,0,35,0
1134163,14886021,10,28968297,10,69,24,0,24,0
783028,22888415,10,29784755,10,39,20,0,35,0
236867,17544833,10,23690415,10,28,14,0,20,0
152951,28629651,10,10879390,10,13,7,0,56,0
351634,11071513,10,25857149,10,78,13,0,19,0
255325,11095720,10,23092529,10,35,31,0,44,0
361604,13029050,10,24169465,10,34,43,0,30,0
61315,30108745,10,12199928,10,22,5,0,66,0
166809,18790423,10,21004934,10,37,35,0,32,0
130737,13687511,10,25217708,10,37,23,0,25,0
221002,20058681,10,13134935,10,55,8,0,48,0
186414,11356968,10,23446327,10,21,27,0,19,0
400964,37786521,10,19325852,10,14,24,0,72,0
29064,18424955,10,22129151,10,61,25,0,37,0
421147,25958381,10,24794244,10,48,41,0,43,0
427631,36177121,10,25829778,10,79,27,0,37,0
336141,19612322,10,31406643,10,40,73,0,78,0
436064,20783784,10,28146645,10,26,43,0,52,0
324055,19864067,10,32457078,10,45,39,0,46,0
374659,29362800,10,13285353,10,27,22,0,52,0
7804,18169983,10,36589393,10,55,51,0,30,0
540112,18350241,10,20210854,10,31,29,0,35,0
433147,37514872,10,19902489,10,40,11,0,95,0
321656,20941232,10,25643518,10,39,44,0,32,0
424591,25586176,10,19662327,10,43,18,0,27,0
51803,13439188,10,14949836,10,30,16,0,31,0
450244,9880690,10,30905628,10,59,41,0,39,0
88039,12348518,10,21594922,10,25,30,0,17,0
349648,16858381,10,18748459,10,52,13,0,46,0
751983,26835586,10,20751948,10,41,25,0,83,0
231564,23952369,10,22631449,10,26,30,0,43,0
313307,18574510,10,27378916,10,69,34,0,31,0
589261,26877856,10,20016504,10,21,7,0,43,0
1021202,43001775,10,17014062,10,25,22,0,71,0
158872,21200775,10,31234146,10,32,23,0,39,0
328459,28401795,10,20293558,10,51,24,0,79,0
641309,22761357,10,17629085,10,34,16,0,37,0
611131,18429377,10,36645009,10,85,45,0,39,0
259170,17210795,10,46058703,10,47,38,0,19,0
260603,15424680,10,34756753,10,105,60,0,65,0
718958,12177908,10,31807917,10,42,31,0,18,0
15506,17376055,10,5255887,10,13,2,0,41,0
94841,7728515,10,26113505,10,47,15,0,27,0
37313,11407116,10,14301256,10,25,1,0,22,0
40834,20793001,10,20382545,10,15,26,0,24,0
173475,16770367,10,12348647,10,26,7,0,51,0
808870,17728553,10,25224720,10,30,34,0,70,0
276023,13424822,10,31953228,10,24,23,0,21,0
890586,14233063,10,29446484,10,31,22,0,16,0
113926,16802486,10,13776219,10,14,9,0,17,0
216581,16146558,10,16463955,10,20,16,0,52,0
403089,12618116,10,24898325,10,36,21,0,22,0
34427,20950156,10,21150237,10,44,9,0,38,0
346431,24302150,10,27441073,10,40,25,0,38,0
169999,12084907,10,21967297,10,37,21,0,41,0
25989,21413396,10,24767331,10,113,33,0,17,0
380919,20714378,10,20835318,10,41,26,0,34,0
19006,14651358,10,17378219,10,26,28,0,24,0
447939,21069686,10,33543042,10,45,38,0,59,0
228992,12881401,10,45409293,10,56,59,0,46,0
148025,8616022,10,18819065,10,51,27,0,31,0
172212,15744027,10,21627906,10,53,23,0,22,0
393856,22641700,10,21410525,10,69,21,0,23,0
378457,18689119,10,40667835,10,61,27,0,33,0
397150,21273988,10,44070796,10,165,44,0,74,0
178312,18863973,10,35016743,10,38,35,0,28,0
1094617,18514665,10,21623001,10,27,23,0,36,0
233252,20863829,10,30601345,10,35,29,0,37,0
286974,24881711,10,37047800,10,42,54,0,34,0
536847,21981362,10,29441609,10,39,46,0,31,0
496761,29825056,10,14835609,10,32,19,0,38,0
109140,19566978,10,11324602,10,20,8,0,29,0
262769,9087444,10,22603490,10,28,12,0,25,0
167985,23447261,10,32840859,10,64,26,0,60,0
789999,21875136,10,39530739,10,122,31,0,32,0
393919,10038036,10,35112366,10,47,27,0,31,0
194203,18701507,10,19550243,10,43,20,0,51,0
643210,20630960,10,15163492,10,32,22,0,85,0
117053,16439504,10,25919105,10,50,30,0,34,0
110979,27460209,10,40430111,10,86,49,0,47,0
12694,17746260,10,16065447,10,26,16,0,63,0
588664,23314242,10,19901502,10,41,25,0,38,0
10066,20030899,10,17674066,10,33,17,0,30,0
1183521,18289354,10,33798414,10,47,37,0,36,0
127555,20155930,10,42069393,10,73,57,0,26,0
596131,19074723,10,26875912,10,59,32,0,43,0
533154,12585697,10,35211001,10,79,39,0,29,0
35155,22021566,10,13451557,10,35,10,0,24,0
139500,28868116,10,28055147,10,52,28,0,31,0
725650,12976250,10,25208734,10,62,33,0,23,0
184356,27995782,10,23789303,10,18,24,0,43,0
67784,27492887,10,32672551,10,48,72,0,69,0
271536,19101585,10,20895653,10,32,8,0,20,0
136067,14465601,10,24700043,10,35,12,0,25,0
105010,25179167,10,16866450,10,37,17,0,39,0
89959,15999192,10,21256214,10,32,16,0,26,0
107413,18997401,10,28738090,10,73,19,0,24,0
166699,15280777,10,29829128,10,70,30,0,32,0
181551,16276531,10,22713081,10,64,22,0,17,0
125926,16305388,10,18055771,10,46,15,0,40,0
64877,25665487,10,20837760,10,34,17,0,37,0
573421,21600247,10,15030506,10,49,10,0,51,0
45962,24306051,10,26998267,10,46,14,0,50,0
273648,28954597,10,25003131,10,47,29,0,48,0
542777,11687760,10,25398499,10,46,20,0,22,0
330871,13611042,10,12692478,10,10,10,0,24,0
482237,18975076,10,22918563,10,81,38,0,75,0
546809,21588217,10,29464593,10,42,68,0,97,0
195662,17292178,10,20666030,10,42,30,0,42,0
244648,7560359,10,22639301,10,38,34,0,24,0
100932,19976279,10,13930810,10,32,6,0,18,0
104211,20172678,10,17459651,10,48,20,0,50,0
67390,10105936,10,20774868,10,37,9,0,14,0
244828,21698619,10,25130719,10,70,11,0,66,0
49637,29087659,10,19972726,10,44,26,0,52,0
811956,22553011,10,27217505,10,85,19,0,37,0
380383,24197440,10,24576597,10,52,61,0,90,0
164858,19913945,10,25427178,10,70,36,0,25,0
339873,36416305,10,24669808,10,35,34,0,90,0
215235,16762136,10,21149216,10,65,32,0,38,0
563467,18563881,10,23989878,10,26,13,0,40,0
255221,20575824,10,19348995,10,33,16,0,52,0
84441,13345740,10,28222492,10,50,42,0,31,0
277672,23088278,10,20605293,10,11,17,0,42,0
26679,13009839,10,18446026,10,20,39,0,35,0
289968,37168917,10,8079134,10,9,3,0,63,0
848013,17590367,10,25785144,10,14,29,0,16,0
227552,7385166,10,30778873,10,99,19,0,20,0
88147,10471446,10,18624014,10,32,10,0,36,0
71355,29091637,10,22675004,10,29,20,0,36,0
594534,30122058,10,26951920,10,41,38,0,57,0
56581,7529446,10,25199437,10,33,17,0,23,0
311210,22139503,10,17593858,10,52,24,0,36,0
15491,24275972,10,22559633,10,25,19,0,24,0
126846,20617232,10,22378487,10,61,11,0,49,0
622511,11428882,10,22812818,10,43,7,0,30,0
421547,24897221,10,27110667,10,19,27,0,41,0
156475,15642749,10,31940648,10,68,33,0,17,0
340897,21999910,10,36602009,10,41,28,0,32,0
380876,27124832,10,18735875,10,16,18,0,82,0
17813,14705806,10,10471929,10,58,9,0,53,0
738925,19437473,10,41880496,10,85,63,0,72,0
719853,12058290,10,24197779,10,37,22,0,33,0
477441,15730154,10,22533156,10,22,19,0,9,0
51276,14003773,10,15869177,10,54,20,0,8,0
17377,18621129,10,21788097,10,61,26,0,66,0
1654864,33315806,10,26852938,10,67,30,0,46,0
345803,18778079,10,32112032,10,46,45,0,65,0
222564,18639841,10,10172351,10,18,18,0,32,0
4148,9854661,10,30530454,10,41,30,0,8,0
325508,19034484,10,22141274,10,70,30,0,38,0
554794,21940343,10,13464108,10,24,22,0,65,0
457439,16256974,10,31344892,10,72,34,0,27,0
431106,38098698,10,20094778,10,22,22,0,62,0
695565,18573188,10,33113470,10,48,32,0,80,0
660085,24768277,10,31764920,10,29,33,0,45,0
206963,12931950,10,17659005,10,41,15,0,45,0
420876,21463259,10,29724031,10,34,24,0,42,0
191566,16427835,10,24088154,10,39,27,0,36,0
185856,27515797,10,27483750,10,55,41,0,62,0
1204108,23171986,10,36190044,10,82,53,0,43,0
130627,11330227,10,26661887,10,30,18,0,18,0
110838,6598288,10,21120143,10,52,7,0,41,0
331028,9672175,10,21970647,10,26,24,0,30,0
240617,21050559,10,12101619,10,10,22,0,33,0
113354,18748774,10,26306748,10,43,16,0,35,0
15525,19217579,10,22747137,10,41,26,0,26,0
305972,17956214,10,26502653,10,73,39,0,49,0
293133,18816115,10,33550867,10,46,20,0,24,0
194448,20144472,10,38151748,10,61,41,0,36,0
340304,16795798,10,28302377,10,27,15,0,25,0
689114,14894310,10,20408616,10,25,26,0,40,0
377025,10355210,10,21080185,10,59,28,0,27,0
337656,18236223,10,18762891,10,53,20,0,44,0
11228,16878066,10,20277269,10,24,17,0,20,0
866751,13449120,10,26153076,10,45,42,0,25,0
458455,10649189,10,15099295,10,30,11,0,57,0
190908,22254525,10,18142733,10,52,21,0,78,0
880967,24232927,10,16168947,10,90,20,0,52,0
1167785,13853743,10,42084068,10,45,25,0,17,0
664534,23211050,10,25668540,10,35,34,0,38,0
131097,15785793,10,21735355,10,40,33,0,22,0
612765,11671523,10,27490206,10,34,30,0,34,0
111479,13854818,10,24492893,10,47,21,0,29,0
23357,23166783,10,8578043,10,35,7,0,57,0
891656,17478251,10,21361736,10,57,48,0,47,0
528534,36385833,10,18834489,10,24,22,0,59,0
106677,30235379,10,25202738,10,90,24,0,98,0
333081,32212752,10,32961509,10,74,27,0,56,0
374840,31133050,10,14787135,10,10,8,0,63,0
499549,25162536,10,18410118,10,18,17,0,51,0
241172,27251991,10,32223073,10,81,28,0,30,0
824525,14049675,10,32232526,10,28,17,0,14,0
563237,31744528,10,33541815,10,70,58,0,82,0
317074,17490199,10,22220983,10,52,8,0,55,0
82727,21334310,10,19508450,10,15,15,0,9,0
508833,24843579,10,28961741,10,68,47,0,35,0
203642,16553192,10,17372529,10,9,25,0,37,0
118881,15474289,10,15639474,10,41,15,0,16,0
554473,16918358,10,47763999,10,74,36,0,39,0
58393,23600491,10,7798243,10,26,5,0,33,0
493666,25319601,10,26914167,10,44,30,0,82,0
25068,20615084,10,8562197,10,30,12,0,70,0
168754,9461033,10,14070078,10,33,14,0,52,0
243213,7823637,10,14644482,10,44,26,0,22,0
145757,16320384,10,24310365,10,25,37,0,30,0
452693,15767048,10,35953175,10,98,23,0,13,0
469355,21720782,10,32029728,10,30,43,0,55,0
227472,15239429,10,26483549,10,99,41,0,35,0
331900,18554457,10,28874923,10,41,21,0,27,0
270346,22597584,10,30516636,10,61,29,0,32,0
34443,17477384,10,32734797,10,43,46,0,24,0
116270,17485570,10,28342660,10,99,55,0,51,0
324356,13775976,10,21794798,10,30,25,0,37,0
372344,21511955,10,12887551,10,39,14,0,39,0
285382,17188906,10,13310408,10,29,4,0,43,0
86568,12330140,10,25357030,10,54,13,0,22,0
481818,23460334,10,26203726,10,57,19,0,34,0
722122,18269144,10,27261316,10,39,38,0,57,0
886268,36491968,10,28077171,10,48,46,0,69,0
152914,19563045,10,28322788,10,34,40,0,51,0
783270,23556247,10,39187033,10,46,43,0,122,0
643599,20341307,10,31494569,10,71,44,0,33,0
138812,11205054,10,31689257,10,26,27,0,32,0
204480,32633490,10,25720666,10,41,20,0,36,0
240748,25960436,10,30032183,10,35,13,0,29,0
447318,12813315,10,25834483,10,31,11,0,34,0
179540,36413207,10,30233741,10,77,23,0,54,0
420263,19246351,10,19479779,10,46,32,0,20,0
686453,33473806,10,22735806,10,23,30,0,57,0
467258,14915842,10,24624370,10,69,45,0,53,0
768040,15044464,10,18216905,10,22,14,0,45,0
694590,19128975,10,22797632,10,34,22,0,17,0
406171,21779484,10,33267205,10,95,52,0,39,0
109735,10736902,10,16537172,10,20,24,0,25,0
245410,13559269,10,25283987,10,46,15,0,29,0
25688,18829472,10,18692737,10,15,7,0,26,0
442467,12257239,10,27107965,10,27,14,0,13,0
51868,22875780,10,15540285,10,31,20,0,37,0
926772,19399504,10,32317636,10,63,18,0,24,0
15678,15127633,10,19157838,10,16,18,0,68,0
738767,27031065,10,27100433,10,59,22,0,66,0
9286,16811268,10,20225075,10,38,27,0,34,0
361723,12356917,10,28359517,10,81,49,0,77,0
414953,17405040,10,15550651,10,35,9,0,26,0
632229,27817528,10,33493975,10,45,22,0,76,0
325827,19557601,10,32116710,10,33,22,0,31,0
425034,28911754,10,17395022,10,58,13,0,43,0
195958,17815506,10,28790515,10,44,36,0,38,0
13696,16868201,10,20104587,10,36,22,0,39,0
405670,14359348,10,20800601,10,47,29,0,17,0
313871,19943037,10,23964618,10,58,21,0,42,0
1167056,17505486,10,51979416,10,115,38,0,22,0
450071,14580712,10,29980397,10,25,10,0,27,0
99272,15313998,10,45852527,10,74,61,0,42,0
244152,25960333,10,21706846,10,24,25,0,47,0
83528,21251153,10,11928084,10,32,18,0,40,0
260687,17050604,10,27408090,10,82,32,0,48,0
561863,29167589,10,17717086,10,33,27,0,35,0
255388,7955740,10,29342171,10,27,31,0,22,0
430980,26301791,10,18621946,10,27,12,0,38,0
347760,21165196,10,29355135,10,33,16,0,33,0
31005,17502252,10,28340536,10,48,31,0,40,0
117561,23910922,10,23585235,10,41,30,0,25,0
197156,22060669,10,14466972,10,16,11,0,39,0
634428,21608450,10,22522866,10,33,21,0,45,0
356551,13904000,10,22172145,10,45,23,0,19,0
500254,26946709,10,26509766,10,36,16,0,36,0
133158,12859778,10,23382985,10,48,25,0,30,0
79246,15447789,10,21666235,10,22,15,0,16,0
783623,11424165,10,20812686,10,73,16,0,27,0
255688,23000963,10,22067597,10,46,21,0,38,0
50535,12900737,10,14823570,10,24,15,0,29,0
109164,25135891,10,26116402,10,68,38,0,47,0
445823,20778438,10,22439960,10,23,26,0,29,0
159704,7312130,10,36110201,10,53,41,0,14,0
477565,15094202,10,12491798,10,10,22,0,30,0
829310,31951908,10,25160165,10,44,28,0,61,0
1146448,10342555,10,33408222,10,78,32,0,19,0
1038784,24981591,10,22559591,10,56,19,0,66,0
276159,15253890,10,33272246,10,40,37,0,48,0
163627,15584598,10,20611191,10,33,23,0,37,0
121604,22000896,10,25391449,10,40,20,0,28,0
767579,14603115,10,26762732,10,34,29,0,38,0
181039,24889506,10,23362036,10,66,27,0,43,0
843139,13381909,10,25356985,10,52,27,0,49,0
1191532,23243647,10,42929672,10,90,40,0,58,0
16740,14537859,10,20608846,10,24,14,0,21,0
80890,15060683,10,13021382,10,43,25,0,14,0
290022,14883563,10,26610685,10,36,28,0,25,0
48356,17070531,10,23425714,10,63,13,0,36,0
92882,8828628,10,25870366,10,46,23,0,23,0
144397,27861443,10,22776856,10,44,25,0,56,0
1108455,21628167,10,37000729,10,38,49,0,23,0
120083,26657061,10,31606471,10,56,76,0,117,0
9694,27324593,10,12751125,10,5,11,0,62,0
445166,24915510,10,20329597,10,84,64,0,49,0
8438,29212925,10,15844950,10,21,34,0,40,0
533115,12301897,10,32039157,10,70,48,0,44,0
7171,11332100,10,28502413,10,56,16,0,17,0
185181,17935309,10,34273265,10,71,44,0,21,0
258875,30634328,10,22238960,10,46,19,0,62,0
37517,13626907,10,37984986,10,37,15,0,22,0
11096,21616225,10,26218427,10,48,15,0,26,0
404590,11211091,10,25965213,10,49,28,0,69,0
311014,26979428,10,23370556,10,61,35,0,66,0
110913,18423410,10,12236307,10,29,5,0,17,0
363691,23391350,10,41054342,10,81,59,0,66,0
358041,32557205,10,33998807,10,54,56,0,52,0
422276,23048271,10,16790661,10,17,9,0,49,0
525102,22314548,10,18703600,10,32,14,0,41,0
262715,21677388,10,39761048,10,39,32,0,19,0
68564,15552465,10,37729938,10,49,55,0,27,0
130054,15941149,10,17797111,10,38,21,0,38,0
399345,18396378,10,16924590,10,25,27,0,74,0
468347,33114362,10,23082176,10,59,18,0,66,0
315488,15639694,10,21147838,10,15,12,0,31,0
17916,20404527,10,28172382,10,61,25,0,42,0
687318,9827042,10,29928786,10,70,26,0,13,0
1117620,33878454,10,15429445,10,16,14,0,98,0
942030,15845919,10,35735534,10,71,47,0,43,0
