377205,32795725,10,29643044,10,54,27,0,40,0
189849,29373568,10,19538922,10,17,17,0,33,0
297237,29400820,10,33904444,10,55,28,0,41,0
166173,31735623,10,26711760,10,34,23,0,51,0
90012,35672531,10,25140437,10,37,24,0,30,0
1034300,20938944,10,36068798,10,54,31,0,31,0
1020807,17026286,10,39750196,10,37,32,0,21,0
1079563,28752060,10,69776559,10,70,85,0,66,0
831680,79528786,10,37844254,10,26,49,0,95,0
975206,32208478,10,29245059,10,46,29,0,78,0
1338562,36329049,10,28526304,10,59,25,0,54,0
681051,28675336,10,44622894,10,61,34,0,35,0
1497460,57081101,10,58618525,10,56,46,0,72,0
859228,37809680,10,33430044,10,19,27,0,99,0
1198605,79085509,10,35233828,10,48,34,0,79,0
1317625,55134963,10,41868373,10,42,37,0,86,0
41222,26371467,10,31527138,10,18,23,0,36,0
543606,12118090,10,67517988,10,97,49,0,17,0
313456,30838715,10,38720995,10,36,20,0,34,0
228894,21050388,10,33084448,10,32,32,0,26,0
120722,19912432,10,27078332,10,43,31,0,35,0
2342548,31615222,10,36380746,10,55,50,0,32,0
329876,34433872,10,47381681,10,65,34,0,26,0
592382,23594610,10,50096469,10,43,20,0,20,0
361974,36840103,10,46101755,10,38,36,0,50,0
533227,34368207,10,57083772,10,74,57,0,50,0
447491,31704078,10,16261309,10,25,16,0,30,0
458869,24507966,10,42352348,10,44,28,0,35,0
1675243,30029778,10,40674855,10,65,21,0,28,0
856468,45327367,10,64487395,10,118,46,0,35,0
290077,18081074,10,58501146,10,66,38,0,39,0
1061816,31196220,10,29519258,10,23,27,0,50,0
103666,27219217,10,33840507,10,24,19,0,25,0
628816,21232511,10,41309261,10,62,16,0,32,0
546174,23359323,10,46139343,10,44,22,0,13,0
317571,28809121,10,33262179,10,38,43,0,61,0
1657151,22103483,10,69756897,10,72,23,0,30,0
413139,34232444,10,37270655,10,29,36,0,82,0
521546,40248056,10,14297631,10,14,13,0,65,0
394965,41884207,10,24625631,10,23,17,0,50,0
121184,52953666,10,13727486,10,24,6,0,32,0
15364,15789039,10,24225737,10,51,7,0,9,0
638391,23344933,10,52104647,10,52,42,0,37,0
340547,38200137,10,52782967,10,51,52,0,52,0
491679,22147516,10,24443341,10,22,7,0,13,0
422440,9423366,10,31329417,10,12,17,0,21,0
701851,55395409,10,49383138,10,73,58,0,47,0
2221669,36287144,10,65503230,10,101,79,0,40,0
103353,25150849,10,46898286,10,35,27,0,42,0
1365057,45622378,10,69478915,10,77,82,0,63,0
1708795,53277782,10,63258439,10,96,15,0,44,0
1128091,29864028,10,50092271,10,45,53,0,42,0
232080,39637157,10,57237340,10,71,74,0,56,0
171648,23723838,10,43897250,10,64,33,0,33,0
763363,38273290,10,45746818,10,52,27,0,48,0
1661829,41508873,10,38235681,10,90,55,0,63,0
580900,33514395,10,35708886,10,48,41,0,49,0
562732,22132633,10,25339719,10,46,23,0,31,0
824133,17985163,10,52061626,10,82,13,0,9,0
383104,29356658,10,33914015,10,54,27,0,26,0
248848,35038167,10,23540922,10,43,22,0,41,0
902439,29949205,10,48843612,10,78,18,0,51,0
312742,29753828,10,46824461,10,49,19,0,30,0
300602,33956949,10,24242097,10,53,14,0,44,0
948400,26870656,10,39645018,10,35,19,0,42,0
889850,36587683,10,31789815,10,27,36,0,45,0
704178,57854553,10,57741839,10,71,73,0,47,0
383311,47844370,10,49511066,10,114,46,0,26,0
1115406,37505941,10,23715390,10,31,13,0,57,0
1092863,40843018,10,48800899,10,60,23,0,59,0
2434565,66548476,10,52757281,10,108,50,0,128,0
63537,23554308,10,38992135,10,53,14,0,39,0
1282876,44560472,10,53409343,10,68,48,0,61,0
439260,25472074,10,40759659,10,27,42,0,46,0
811918,34558155,10,30742126,10,58,22,0,68,0
1150229,38006366,10,37337404,10,55,28,0,40,0
446981,20902888,10,43850369,10,32,13,0,21,0
148529,18997810,10,20244759,10,31,32,0,57,0
1543005,30488764,10,36322201,10,34,31,0,45,0
125080,40040023,10,54795250,10,49,85,0,49,0
606288,56723332,10,45993258,10,47,27,0,75,0
335794,34514816,10,30819266,10,46,16,0,65,0
36140,38667320,10,58245655,10,84,40,0,59,0
505675,44192895,10,54199579,10,45,40,0,99,0
69438,35380891,10,74091471,10,69,40,0,43,0
82915,30959459,10,30189837,10,24,23,0,23,0
858374,32916539,10,62612696,10,64,48,0,26,0
17317,32918479,10,52552667,10,37,45,0,47,0
1104751,35719891,10,44157563,10,43,36,0,62,0
249813,48039827,10,51635533,10,41,57,0,47,0
210981,38346580,10,36089482,10,55,29,0,51,0
192347,31114863,10,15829628,10,28,7,0,34,0
13575,39675622,10,32513414,10,35,23,0,34,0
362991,23070097,10,27152545,10,14,14,0,49,0
279833,34793281,10,35539643,10,64,35,0,53,0
774379,24181497,10,26258829,10,32,10,0,9,0
2254241,36816747,10,62658610,10,41,37,0,22,0
2273537,44834802,10,36868850,10,72,44,0,55,0
61060,40529331,10,35249869,10,40,30,0,58,0
2685590,41744646,10,66315207,10,69,59,0,83,0
615646,20203672,10,30770087,10,26,17,0,19,0
224679,15841254,10,59030938,10,126,66,0,18,0
1209636,64047498,10,61661608,10,62,76,0,84,0
14723,27635524,10,44324382,10,51,28,0,40,0
854593,31099747,10,38303866,10,46,33,0,69,0
922371,27747208,10,42651237,10,50,22,0,43,0
730326,18438343,10,43619405,10,15,19,0,40,0
1165294,46019499,10,32079416,10,38,32,0,79,0
876303,32176008,10,44603691,10,126,33,0,40,0
501801,37432853,10,74668003,10,70,35,0,51,0
638415,32704967,10,27170866,10,16,43,0,53,0
1066536,34020241,10,36962224,10,36,20,0,31,0
127602,42193740,10,53615619,10,100,57,0,59,0
747641,26504735,10,35034596,10,54,18,0,77,0
11642,17223940,10,18425135,10,27,25,0,35,0
182540,33557320,10,13066411,10,32,14,0,51,0
1157458,42347932,10,41968687,10,28,19,0,18,0
1660214,30374567,10,44702236,10,49,29,0,41,0
439727,29213036,10,75261162,10,91,78,0,80,0
2091567,64733479,10,42359127,10,71,40,0,79,0
1323493,24110185,10,61565939,10,96,43,0,45,0
230894,13732514,10,39120632,10,26,48,0,30,0
472339,62559679,10,19964103,10,32,7,0,71,0
240877,33954225,10,35005410,10,29,19,0,24,0
379262,46004760,10,47034300,10,27,18,0,28,0
912984,29956141,10,42093030,10,87,33,0,48,0
797769,41293106,10,42655424,10,47,65,0,53,0
801962,23332288,10,63610021,10,110,69,0,32,0
783837,37690568,10,33662998,10,17,20,0,39,0
19525,29102847,10,20944202,10,34,14,0,27,0
139762,29189529,10,43966669,10,50,27,0,36,0
721876,52641687,10,68450802,10,52,80,0,68,0
1347808,35975952,10,54652786,10,41,32,0,71,0
407711,35960047,10,46807810,10,51,27,0,34,0
756717,45953283,10,26236856,10,32,33,0,47,0
298218,30436277,10,23636755,10,59,13,0,55,0
940725,63456602,10,45812931,10,21,52,0,66,0
1644085,22526061,10,40797575,10,37,43,0,36,0
720555,43873075,10,51407272,10,81,61,0,28,0
683711,50361371,10,43662300,10,56,38,0,49,0
674952,39866311,10,41692409,10,32,51,0,61,0
687967,39146482,10,36573349,10,60,29,0,45,0
97572,47370560,10,41354599,10,38,25,0,49,0
496038,38916629,10,40551958,10,86,17,0,98,0
419121,35817754,10,72937253,10,84,50,0,71,0
48708,25263065,10,34356764,10,30,21,0,14,0
1401435,33092234,10,53438312,10,83,27,0,32,0
1344396,37406660,10,34868534,10,32,39,0,67,0
272096,33607927,10,28213687,10,32,11,0,58,0
564054,45621173,10,54428680,10,79,32,0,52,0
459580,35215940,10,49930198,10,84,45,0,33,0
648740,31470228,10,46923074,10,50,44,0,24,0
1122514,38342504,10,51270564,10,94,42,0,17,0
175675,42337803,10,33244922,10,54,20,0,49,0
12068,21871398,10,26286285,10,35,6,0,7,0
872665,50226607,10,32934087,10,22,21,0,78,0
416777,47561907,10,25565113,10,34,33,0,111,0
1910397,45202260,10,45700234,10,88,20,0,50,0
2551751,35971112,10,31598670,10,73,22,0,45,0
649806,34311023,10,41788531,10,51,21,0,28,0
15369,40851482,10,32376407,10,48,22,0,45,0
676839,21727012,10,25473465,10,48,31,0,17,0
993777,18209242,10,58249185,10,57,50,0,11,0
1132514,22640697,10,58303183,10,65,20,0,23,0
1430810,38414257,10,41013732,10,40,34,0,61,0
872206,23976195,10,39360812,10,36,22,0,17,0
27245,36342946,10,35169231,10,32,23,0,38,0
354725,46881166,10,40125610,10,47,33,0,41,0
720206,24759110,10,45803122,10,66,34,0,23,0
395612,29472233,10,52376546,10,67,22,0,19,0
1579519,29351542,10,38325521,10,45,50,0,26,0
278515,33468794,10,68496522,10,87,65,0,30,0
619418,40758302,10,56916105,10,89,50,0,45,0
11370,45807045,10,28155632,10,59,18,0,20,0
758038,44464910,10,31931176,10,31,28,0,41,0
1852102,20501580,10,47759387,10,49,24,0,22,0
2691303,73275757,10,35722635,10,39,26,0,101,0
1097755,25809797,10,56171677,10,98,33,0,40,0
713462,41302453,10,41916903,10,69,58,0,107,0
978619,37404164,10,44352930,10,33,51,0,61,0
406722,27211598,10,29501379,10,43,14,0,28,0
27569,41355268,10,28513133,10,46,25,0,59,0
692843,30355682,10,52847124,10,55,47,0,46,0
867416,44907329,10,37783298,10,31,11,0,24,0
848751,32860869,10,47491771,10,63,37,0,42,0
451484,28744979,10,46667305,10,22,38,0,26,0
387219,30501653,10,33287271,10,23,28,0,50,0
78507,24639655,10,33750562,10,39,31,0,21,0
1547662,33232328,10,73076362,10,68,73,0,18,0
220774,35602137,10,18034220,10,20,12,0,54,0
217459,30828094,10,33186357,10,17,29,0,39,0
261304,27228986,10,56010804,10,53,23,0,22,0
688142,19764096,10,27286115,10,23,7,0,26,0
649053,28138064,10,26052455,10,40,21,0,41,0
714115,59552615,10,54754097,10,85,68,0,83,0
1512550,50052095,10,47720357,10,52,31,0,61,0
1931688,29134159,10,40805000,10,53,45,0,81,0
655778,33719768,10,44822095,10,66,44,0,46,0
494410,31129698,10,33331504,10,33,14,0,26,0
2029045,30328507,10,46833275,10,49,39,0,48,0
195323,22176092,10,43401247,10,49,30,0,31,0
2666740,28870585,10,58431151,10,87,89,0,28,0
584503,53028951,10,29427057,10,11,22,0,61,0
87589,33911482,10,16584551,10,48,20,0,39,0
831733,24304362,10,32130547,10,32,28,0,31,0
1250008,27254933,10,48045333,10,96,56,0,35,0
2064751,25452614,10,33507500,10,58,25,0,20,0
469925,24101075,10,36695427,10,21,33,0,38,0
295825,39349508,10,53029586,10,10,38,0,63,0
912736,36214330,10,41305322,10,20,32,0,68,0
938476,42584919,10,35589264,10,43,11,0,49,0
1103372,35176365,10,43522882,10,71,36,0,46,0
2284903,28339059,10,86454393,10,73,44,0,33,0
1538055,40426145,10,40411811,10,49,28,0,25,0
609241,18273707,10,38537422,10,60,30,0,22,0
283161,32873194,10,35167037,10,61,23,0,50,0
669141,20438020,10,40112242,10,48,28,0,23,0
137386,27581022,10,21785907,10,48,10,0,21,0
320225,34773726,10,48390844,10,85,64,0,63,0
891699,21394044,10,60863358,10,32,33,0,22,0
540152,21034299,10,50499781,10,108,33,0,21,0
147936,42223033,10,50655501,10,41,41,0,51,0
677180,70941079,10,18997535,10,37,5,0,48,0
863035,49996842,10,35175452,10,24,41,0,87,0
186861,6702386,10,27390277,10,33,8,0,21,0
1385445,22878122,10,64427386,10,57,35,0,25,0
272308,26416401,10,42164507,10,28,23,0,54,0
132639,18973780,10,58805714,10,63,45,0,27,0
282886,22397016,10,31708938,10,43,23,0,29,0
964911,37047510,10,36147212,10,27,20,0,44,0
215184,26258131,10,37987717,10,49,29,0,39,0
475653,50635417,10,43061733,10,33,33,0,61,0
617707,23268826,10,30907829,10,28,16,0,20,0
382451,32881555,10,39021896,10,14,16,0,30,0
695929,40897377,10,58781520,10,35,15,0,48,0
986383,47899802,10,23092389,10,22,33,0,84,0
118981,21506165,10,22967897,10,29,24,0,43,0
752601,28581801,10,44875687,10,91,18,0,13,0
736943,37790443,10,43491697,10,67,31,0,43,0
689834,28925775,10,49955155,10,38,42,0,53,0
795597,37375715,10,20181936,10,40,13,0,65,0
342381,30323392,10,38663075,10,43,29,0,21,0
137104,40114940,10,36008989,10,49,21,0,37,0
233798,41973873,10,44186363,10,62,28,0,38,0
524271,15797380,10,57405198,10,66,36,0,27,0
734345,31711103,10,36344813,10,40,20,0,35,0
599486,19120279,10,43120826,10,41,20,0,29,0
886869,55139928,10,57054545,10,47,75,0,73,0
48916,26433260,10,59206313,10,91,49,0,36,0
711579,35378722,10,36649547,10,78,40,0,51,0
534862,27780005,10,44449728,10,46,68,0,51,0
383451,51014281,10,45005561,10,11,20,0,45,0
644745,27619766,10,73702230,10,82,71,0,71,0
2415744,35613966,10,59343174,10,60,67,0,51,0
601521,21392258,10,54653401,10,66,51,0,14,0
181897,49355341,10,33158275,10,55,22,0,32,0
197427,52859398,10,39028062,10,30,34,0,76,0
660560,47346346,10,53317512,10,54,49,0,73,0
366507,33386248,10,63862556,10,108,25,0,27,0
1432288,36832642,10,56936277,10,31,49,0,43,0
1021017,40794838,10,41621429,10,33,33,0,32,0
35453,15479859,10,31255033,10,37,9,0,28,0
495447,41458995,10,23238594,10,76,16,0,22,0
251640,24213127,10,44308841,10,78,21,0,40,0
278772,31264861,10,43786200,10,21,30,0,28,0
957807,39892918,10,66675099,10,55,31,0,61,0
655084,42756390,10,24241233,10,23,24,0,51,0
581704,29065593,10,36421179,10,27,24,0,42,0
82219,45564663,10,36911301,10,60,42,0,69,0
843711,24074857,10,29081429,10,70,34,0,22,0
28865,35431965,10,39186766,10,14,30,0,41,0
870075,47947518,10,54484254,10,75,69,0,98,0
243573,41885881,10,40455020,10,52,36,0,78,0
659663,30602732,10,14597446,10,12,12,0,33,0
382190,32026249,10,52798663,10,71,38,0,34,0
968704,34802783,10,34562425,10,21,27,0,30,0
638243,26687955,10,21980396,10,18,19,0,53,0
318260,32250337,10,42120430,10,36,29,0,38,0
1201673,19853006,10,57616266,10,90,37,0,35,0
1131455,31791261,10,50168407,10,40,52,0,64,0
434843,33802529,10,30576001,10,28,17,0,20,0
1265712,37973883,10,25079324,10,35,35,0,41,0
823287,39778543,10,28277648,10,51,33,0,50,0
42900,24809869,10,31336047,10,42,35,0,21,0
530324,28437290,10,47925536,10,96,32,0,38,0
1925766,23189986,10,69405254,10,86,59,0,45,0
379822,35265700,10,46061006,10,71,30,0,19,0
393685,32911965,10,62358454,10,58,42,0,40,0
630955,30573142,10,27242166,10,48,31,0,92,0
267784,38608698,10,48946256,10,99,32,0,38,0
389819,7807232,10,48319146,10,46,11,0,27,0
194891,29921544,10,35153796,10,42,21,0,60,0
485910,28792864,10,31990316,10,80,25,0,55,0
425733,44934087,10,55367328,10,76,72,0,112,0
332010,34987292,10,47467044,10,60,33,0,56,0
916317,18562761,10,37675038,10,64,33,0,21,0
2348608,66528003,10,70341114,10,68,78,0,75,0
337611,36175498,10,29561162,10,9,15,0,30,0
242711,25213462,10,25845371,10,50,9,0,21,0
1181931,41713433,10,35504834,10,50,48,0,69,0
1155886,49559360,10,34014360,10,33,18,0,85,0
995248,34447550,10,34346859,10,58,33,0,46,0
9649,31113049,10,24360399,10,46,15,0,42,0
1121481,41641854,10,44560908,10,62,45,0,64,0
270452,39167589,10,49796887,10,50,40,0,48,0
873596,29795133,10,42742490,10,58,35,0,35,0
854912,43453484,10,55112834,10,43,39,0,37,0
254027,29545444,10,35955274,10,27,26,0,44,0
571305,40693596,10,26897835,10,51,23,0,72,0
747440,44007774,10,45332583,10,61,29,0,66,0
176764,19490834,10,47051002,10,39,33,0,29,0
497151,41029106,10,40180656,10,28,47,0,72,0
2375054,20331054,10,54815284,10,38,28,0,40,0
137770,22990144,10,50986872,10,92,60,0,34,0
5517,21115895,10,66386293,10,67,28,0,40,0
356377,51656967,10,53119526,10,56,37,0,26,0
429795,22087786,10,32299187,10,12,18,0,29,0
616123,36223303,10,37778353,10,38,52,0,66,0
613110,32706920,10,28469060,10,40,19,0,29,0
44647,20572595,10,35180452,10,20,30,0,51,0
1161557,28903081,10,32853510,10,55,38,0,63,0
11565,24199479,10,49676243,10,25,23,0,33,0
1528077,34288346,10,53001901,10,42,48,0,75,0
709755,41577137,10,68446194,10,65,51,0,55,0
425182,24963133,10,36949771,10,65,22,0,34,0
118712,24433332,10,26328786,10,45,18,0,27,0
161748,26048437,10,17290809,10,20,10,0,38,0
1322344,42392756,10,58922176,10,41,64,0,32,0
1809083,18889821,10,61789943,10,41,25,0,14,0
1322628,37306698,10,44760943,10,31,20,0,39,0
748187,27955190,10,46523505,10,21,38,0,38,0
978658,39087197,10,78141017,10,95,66,0,61,0
778775,11083497,10,47254314,10,50,14,0,30,0
621329,27223858,10,22600974,10,29,13,0,29,0
298083,33828020,10,41398885,10,25,41,0,28,0
302719,53840884,10,23896682,10,18,10,0,39,0
342371,20164089,10,59995856,10,144,49,0,20,0
110330,24130421,10,29201043,10,25,44,0,63,0
23743,25683205,10,48536788,10,108,78,0,24,0
383311,41041604,10,30215372,10,38,33,0,48,0
195857,22272078,10,62855384,10,68,34,0,45,0
19528,36783103,10,59814082,10,45,30,0,43,0
257540,46600232,10,35119011,10,30,51,0,109,0
29818,19921308,10,49165919,10,46,25,0,20,0
551350,46404770,10,24069193,10,55,22,0,42,0
740308,33344398,10,60754420,10,130,34,0,52,0
1079801,36373979,10,40210531,10,43,17,0,36,0
2919162,61634930,10,61685197,10,100,25,0,76,0
353484,50983921,10,41039856,10,32,39,0,86,0
261979,34801357,10,23277779,10,14,22,0,18,0
1578478,40842390,10,42215062,10,43,32,0,50,0
437321,30447182,10,60570493,10,50,66,0,39,0
1511992,31895407,10,55241354,10,53,26,0,37,0
548558,25097657,10,39843502,10,20,21,0,39,0
1202712,41248376,10,50547253,10,26,43,0,66,0
1421679,26415514,10,59021471,10,72,32,0,26,0
962311,35486070,10,56229565,10,37,33,0,43,0
452610,24164908,10,42963901,10,44,36,0,41,0
554669,43222967,10,44086453,10,44,45,0,42,0
255297,22680801,10,32986533,10,34,13,0,40,0
1404894,45461434,10,56841738,10,64,51,0,65,0
1642674,45892560,10,67265202,10,82,64,0,63,0
6279,45706591,10,21511187,10,16,24,0,78,0
1773080,27639541,10,79090308,10,97,66,0,28,0
493765,23165044,10,48232002,10,76,41,0,23,0
915697,27929999,10,62404884,10,71,70,0,49,0
396814,28278161,10,49685700,10,68,26,0,31,0
679012,31568180,10,33949404,10,66,21,0,31,0
491940,38642110,10,42682978,10,36,43,0,37,0
682616,32418014,10,29373535,10,35,21,0,43,0
199899,43263843,10,48932917,10,78,12,0,56,0
1323560,29226218,10,29659060,10,51,27,0,53,0
976481,18583537,10,49031117,10,20,24,0,17,0
50283,25985471,10,32292943,10,60,45,0,70,0
485836,28119751,10,34135505,10,21,38,0,42,0
451432,38456254,10,59893905,10,61,48,0,34,0
768974,34819833,10,60557705,10,73,60,0,43,0
339387,26046800,10,17817287,10,10,10,0,72,0
162477,38228636,10,46882085,10,70,53,0,74,0
766422,39675332,10,42016315,10,58,47,0,22,0
24388,41090100,10,33922251,10,21,20,0,96,0
905300,21820416,10,47561691,10,81,72,0,37,0
588249,31423364,10,47232909,10,41,54,0,48,0
201405,47225620,10,45653880,10,25,48,0,62,0
23113,24182398,10,39199812,10,42,19,0,33,0
1341893,24545863,10,48194768,10,43,50,0,79,0
528340,16824040,10,33589844,10,31,20,0,31,0
554307,37187589,10,33858969,10,25,29,0,62,0
1062302,35947228,10,16328075,10,4,17,0,74,0
2039699,52907867,10,50463925,10,32,47,0,98,0
38676,85709777,10,43736799,10,75,59,0,110,0
1064007,45000296,10,83684719,10,59,51,0,63,0
990166,39172617,10,30192241,10,29,15,0,59,0
428049,24541108,10,25567807,10,21,6,0,28,0
654810,43997575,10,30042220,10,27,9,0,41,0
280164,41655873,10,42459927,10,54,31,0,42,0
216887,31800631,10,28247513,10,30,34,0,25,0
694081,31252386,10,23580440,10,19,15,0,56,0
687440,40425044,10,41185199,10,48,30,0,29,0
571178,35326134,10,22836353,10,51,15,0,39,0
911491,32957463,10,46700653,10,54,49,0,57,0
1254554,41599904,10,53468083,10,80,20,0,88,0
549917,20973716,10,38212243,10,41,15,0,35,0
697512,25126894,10,43740110,10,70,49,0,18,0
973946,41642647,10,16483052,10,16,20,0,51,0
930786,32882497,10,59947868,10,69,29,0,38,0
72985,16786452,10,21552769,10,60,24,0,26,0
845755,29275168,10,43769774,10,35,47,0,63,0
615545,53185033,10,54019936,10,57,52,0,100,0
1602617,39960082,10,42882969,10,25,35,0,67,0
215356,32801044,10,53905481,10,53,63,0,49,0
463724,22410200,10,20809564,10,54,12,0,24,0
884304,24260145,10,55371983,10,36,29,0,38,0
376696,46479190,10,43159924,10,33,32,0,48,0
156671,33854457,10,38843447,10,55,13,0,19,0
1482016,52929742,10,56027488,10,30,69,0,75,0
1302647,46564387,10,61892388,10,120,50,0,35,0
1137439,41102212,10,49212720,10,49,41,0,78,0
612498,30523327,10,33380353,10,28,30,0,25,0
753233,41272316,10,39403504,10,39,25,0,34,0
295015,7356310,10,21518468,10,8,11,0,15,0
80361,31387888,10,25452868,10,59,17,0,37,0
1508203,17135006,10,46596413,10,26,35,0,12,0
3669,28790270,10,28917429,10,37,17,0,27,0
617622,39509430,10,25101525,10,8,31,0,61,0
932098,37883062,10,52316748,10,71,28,0,22,0
963264,38116944,10,50284774,10,61,43,0,44,0
834588,29309654,10,56340878,10,77,38,0,29,0
1765068,35215636,10,48845473,10,55,45,0,26,0
896397,41628266,10,38683557,10,57,56,0,86,0
150755,38198782,10,30667833,10,29,26,0,27,0
1042932,24210508,10,41725913,10,39,39,0,63,0
576546,30243466,10,67831680,10,122,54,0,41,0
588266,40674877,10,53292551,10,54,42,0,41,0
303459,34418288,10,46385012,10,41,26,0,61,0
1145908,25450737,10,41596242,10,60,24,0,19,0
104484,33128717,10,42736779,10,22,24,0,37,0
285665,39069635,10,46443115,10,71,47,0,60,0
1386979,39908855,10,61633727,10,58,43,0,27,0
523372,30366552,10,33008257,10,63,26,0,45,0
326562,35096196,10,30747376,10,35,22,0,22,0
1361371,37259858,10,63958938,10,66,69,0,40,0
2872499,41125557,10,87188488,10,120,68,0,47,0
711993,40128697,10,28576335,10,4,17,0,66,0
965824,28192852,10,52473792,10,62,41,0,20,0
213840,25906093,10,34799350,10,22,22,0,23,0
360176,27365976,10,18347969,10,51,18,0,29,0
1062609,52693266,10,48762750,10,52,43,0,59,0
1494906,44301421,10,36271258,10,51,29,0,40,0
484037,35428994,10,36128163,10,29,24,0,58,0
292601,16883320,10,51987482,10,105,24,0,26,0
1402820,26218701,10,43441474,10,63,44,0,51,0
922321,29475049,10,36614029,10,63,24,0,32,0
773149,28018788,10,60290887,10,43,23,0,20,0
813754,32858228,10,62364750,10,54,38,0,33,0
1252340,29354967,10,63316375,10,71,43,0,67,0
1050091,22323845,10,30213993,10,24,28,0,12,0
344700,50513410,10,54469472,10,82,46,0,62,0
2173133,51472231,10,52322770,10,33,46,0,50,0
860841,43192611,10,38038499,10,34,16,0,67,0
1339678,30502041,10,60698975,10,58,60,0,32,0
589307,31242637,10,39803575,10,42,38,0,31,0
738820,33402536,10,40490001,10,69,38,0,78,0
403354,30580868,10,32732388,10,52,22,0,48,0
262956,36729590,10,48230032,10,55,48,0,28,0
1373620,48074571,10,67838313,10,98,29,0,61,0
795286,19424628,10,39168348,10,56,28,0,41,0
1118727,27709056,10,33605911,10,38,32,0,40,0
189161,27379874,10,19482635,10,40,21,0,57,0
220041,29268430,10,39962943,10,40,16,0,34,0
159302,28035374,10,49449274,10,83,31,0,11,0
758142,30776037,10,40309595,10,80,22,0,64,0
155777,28166877,10,33375976,10,65,43,0,44,0
203944,38554398,10,39259236,10,41,29,0,29,0
318420,21812555,10,43455379,10,53,33,0,42,0
471442,42640394,10,38581990,10,68,26,0,49,0
268218,28174033,10,35082966,10,57,23,0,31,0
1046538,41535634,10,62710142,10,40,54,0,52,0
290488,28998024,10,40378584,10,29,29,0,30,0
99818,46866929,10,36003636,10,27,18,0,57,0
196281,17725275,10,34968823,10,65,6,0,25,0
1720849,33363873,10,62185167,10,49,37,0,36,0
447866,47283419,10,24632937,10,26,26,0,75,0
2227348,39929227,10,20438427,10,5,12,0,45,0
66500,47572586,10,28581385,10,33,33,0,83,0
472360,50499911,10,43607938,10,53,34,0,79,0
301400,47426495,10,30725788,10,48,19,0,83,0
605438,34269451,10,46931515,10,45,36,0,32,0
1517585,42352469,10,28252121,10,102,44,0,46,0
760331,37211501,10,28943701,10,39,35,0,48,0
805440,31101873,10,26416644,10,63,16,0,34,0
280874,22030698,10,52198054,10,43,21,0,26,0
1235676,22103623,10,58798799,10,69,23,0,23,0
188107,50275865,10,62936899,10,51,43,0,50,0
831019,24130384,10,48522446,10,34,30,0,37,0
339256,41034893,10,44665953,10,61,46,0,47,0
66267,33031291,10,35948995,10,38,19,0,48,0
423666,49933058,10,31846924,10,60,26,0,79,0
691348,72072855,10,30674535,10,36,21,0,126,0
451147,31846789,10,45472127,10,35,32,0,34,0
595928,44121524,10,34455135,10,67,21,0,90,0
510118,18827129,10,20142393,10,36,8,0,32,0
676670,25413016,10,31607136,10,45,38,0,40,0
733130,23412095,10,52460936,10,64,20,0,30,0
383852,26312275,10,24119902,10,76,13,0,21,0
1790764,42276676,10,52571358,10,104,55,0,61,0
928614,20267196,10,36600171,10,45,22,0,21,0
153078,26154886,10,52965516,10,45,39,0,36,0
194760,18051857,10,25020912,10,50,3,0,32,0
516518,39565207,10,29865959,10,48,30,0,34,0
721903,36130523,10,33027555,10,58,29,0,76,0
703195,17795458,10,38016458,10,27,18,0,37,0
475366,24742126,10,59202757,10,121,67,0,38,0
209751,34604482,10,25930772,10,11,15,0,26,0
161071,25037126,10,26285072,10,16,18,0,33,0
701929,28564165,10,35660995,10,63,46,0,38,0
1310022,47067966,10,69393733,10,78,85,0,64,0
238138,38042861,10,44908882,10,41,34,0,49,0
151666,42417326,10,44320176,10,33,22,0,43,0
315334,32074740,10,27133342,10,34,23,0,35,0
248597,31300849,10,51413254,10,38,18,0,52,0
127981,30733053,10,37996715,10,40,31,0,44,0
94514,33927114,10,35750190,10,29,29,0,38,0
417839,32693977,10,31102692,10,49,21,0,38,0
2481487,12735906,10,59269316,10,85,26,0,9,0
993867,29573014,10,65110239,10,121,38,0,51,0
602914,29602739,10,39169224,10,53,32,0,42,0
484588,51687942,10,27587249,10,8,12,0,46,0
300665,39262248,10,45168424,10,23,22,0,42,0
428061,26502358,10,35128156,10,40,28,0,31,0
10783,21384211,10,40773257,10,46,30,0,52,0
269950,22364625,10,36454465,10,42,27,0,47,0
324698,24763393,10,60342479,10,41,33,0,31,0
2215047,43615000,10,48299250,10,78,32,0,51,0
1002597,29796611,10,22020638,10,22,10,0,34,0
1544860,41801331,10,58984940,10,60,37,0,42,0
333989,42101854,10,52439116,10,67,32,0,109,0
235577,32757760,10,34714024,10,46,29,0,19,0
685982,27743545,10,48286899,10,54,29,0,20,0
1470086,34918077,10,35233591,10,27,35,0,37,0
227832,53058013,10,34737385,10,52,22,0,48,0
2642461,41041079,10,68054071,10,81,66,0,61,0
3047966,29395368,10,44265870,10,22,37,0,40,0
146995,62360489,10,31898691,10,18,24,0,85,0
1199128,30969838,10,43879818,10,35,34,0,48,0
440425,33799133,10,40662334,10,22,29,0,51,0
478689,17525885,10,43373741,10,58,28,0,15,0
236218,42748684,10,42447638,10,31,38,0,60,0
912534,20803059,10,44998920,10,103,26,0,25,0
663325,30060384,10,32423180,10,78,37,0,30,0
1482968,53797328,10,56007932,10,31,80,0,68,0
320335,52990141,10,37145216,10,57,48,0,47,0
93977,26106735,10,73566381,10,113,46,0,40,0
77077,34290826,10,25487379,10,32,12,0,34,0
947207,39797534,10,36435394,10,45,38,0,73,0
965086,33964827,10,22893782,10,73,11,0,40,0
548601,35814340,10,45290801,10,34,48,0,65,0
81312,30130524,10,54613936,10,44,56,0,68,0
103484,34430943,10,28772106,10,14,23,0,42,0
528160,21420361,10,45984525,10,67,56,0,57,0
518421,28510991,10,25507908,10,19,20,0,34,0
740962,39542919,10,20457884,10,19,13,0,33,0
481312,31375050,10,32898506,10,63,21,0,20,0
713639,16883326,10,48685256,10,97,38,0,20,0
1345282,30548490,10,34152429,10,46,26,0,41,0
322136,42388235,10,30507629,10,59,27,0,68,0
704928,33974765,10,17340128,10,33,18,0,35,0
75422,34958331,10,48311201,10,33,49,0,36,0
422622,37759322,10,77888753,10,83,45,0,52,0
71521,23867904,10,31957554,10,23,9,0,11,0
1090502,28919611,10,62831908,10,100,43,0,50,0
133414,23659336,10,35788774,10,46,34,0,31,0
517444,33589906,10,39772022,10,91,66,0,42,0
382804,32570532,10,45531764,10,49,27,0,42,0
587213,21183188,10,16447054,10,16,3,0,33,0
1563780,41053655,10,33147964,10,25,28,0,48,0
608532,34543309,10,39352201,10,48,27,0,33,0
503872,14707016,10,50964784,10,78,46,0,42,0
295843,20494420,10,38677390,10,36,22,0,21,0
682853,43680758,10,43520328,10,101,21,0,33,0
2218171,38231574,10,47278226,10,63,66,0,27,0
877620,18499181,10,39019234,10,61,37,0,56,0
896815,36043779,10,35068589,10,27,30,0,28,0
1790568,49240192,10,67720849,10,44,44,0,85,0
877039,33746308,10,49585567,10,54,48,0,78,0
1210527,42228938,10,64771931,10,46,35,0,40,0
177499,24935672,10,53076450,10,67,54,0,59,0
2057589,20132479,10,52796159,10,44,21,0,19,0
326147,26102125,10,58720766,10,97,59,0,45,0
482586,41596476,10,46268555,10,43,59,0,54,0
363190,20970657,10,41072576,10,43,28,0,13,0
541967,44261697,10,38305117,10,30,31,0,21,0
1414315,54694723,10,33224931,10,42,31,0,67,0
1438279,37594929,10,51353760,10,87,24,0,35,0
578207,79534924,10,47724428,10,78,36,0,81,0
433171,43224546,10,52204960,10,55,31,0,34,0
867547,31216705,10,19070008,10,20,20,0,48,0
163340,36473874,10,22432988,10,20,19,0,56,0
123556,10108486,10,29249499,10,13,13,0,19,0
657556,24444571,10,71955552,10,69,47,0,46,0
744583,33179373,10,40947523,10,65,37,0,33,0
687526,22585733,10,24249827,10,34,21,0,36,0
371466,45371217,10,44119418,10,31,57,0,75,0
308280,30897194,10,41406805,10,27,30,0,33,0
747929,42505136,10,21691780,10,50,14,0,57,0
377573,32817587,10,55042552,10,35,38,0,63,0
1523345,55085031,10,57511148,10,38,28,0,56,0
1554023,28246575,10,47454962,10,59,102,0,43,0
1531185,63888668,10,29204168,10,51,27,0,112,0
1839340,42283397,10,30946580,10,59,30,0,99,0
613248,37483936,10,39591894,10,41,24,0,38,0
530684,22373096,10,33349162,10,57,29,0,42,0
291377,39960720,10,37920173,10,31,19,0,42,0
359434,25655958,10,51863261,10,75,43,0,28,0
102176,41777604,10,41635888,10,35,44,0,107,0
530204,48801990,10,46256468,10,35,20,0,57,0
2199215,19087853,10,51040542,10,46,38,0,17,0
876422,29102495,10,30001987,10,48,30,0,52,0
887262,46920188,10,28336468,10,29,14,0,67,0
209548,28435659,10,58928548,10,13,35,0,50,0
612507,38746029,10,45417629,10,28,30,0,68,0
960931,59210176,10,43818460,10,27,50,0,113,0
293209,48522021,10,48394988,10,48,45,0,39,0
18675,26018232,10,54542895,10,18,26,0,35,0
632619,30681678,10,51539899,10,57,29,0,54,0
602658,19850807,10,37815346,10,67,38,0,15,0
887058,35172570,10,21337909,10,16,27,0,90,0
167114,27797912,10,43178771,10,41,41,0,41,0
37049,35331691,10,30756438,10,61,23,0,60,0
174143,34226865,10,76074050,10,62,56,0,41,0
468853,14239785,10,63989437,10,73,22,0,17,0
289831,29843860,10,38935379,10,24,33,0,40,0
137735,32805392,10,28415116,10,32,25,0,29,0
333969,20134883,10,68975600,10,107,49,0,25,0
213193,45974047,10,34897599,10,52,63,0,90,0
557699,26293265,10,38080688,10,55,54,0,58,0
357251,30039653,10,31773565,10,54,21,0,48,0
281143,25069180,10,35379106,10,29,21,0,42,0
685312,24133896,10,39808504,10,54,26,0,16,0
389626,29810952,10,26577340,10,34,17,0,35,0
2011063,26778187,10,51828042,10,127,59,0,46,0
1254616,35983252,10,67139974,10,66,53,0,47,0
768516,18869381,10,40356441,10,88,36,0,61,0
63863,56934918,10,36480887,10,25,40,0,107,0
116744,34223491,10,34498672,10,18,30,0,42,0
713679,22154082,10,45466535,10,17,15,0,16,0
113445,24627887,10,31522368,10,35,14,0,16,0
2027462,20655365,10,54633281,10,80,37,0,26,0
2664269,45063814,10,76333658,10,79,86,0,75,0
1011554,40291611,10,24102996,10,36,14,0,40,0
635521,21258223,10,34046066,10,42,33,0,26,0
816726,39067679,10,51054392,10,61,40,0,76,0
721857,37446205,10,42223734,10,52,43,0,29,0
391880,34468724,10,31800157,10,31,42,0,53,0
187392,22457362,10,48991814,10,49,44,0,41,0
291648,51210825,10,22367153,10,28,20,0,96,0
220667,37216008,10,38916434,10,53,22,0,42,0
306695,48412011,10,63124664,10,70,86,0,72,0
1069711,36226480,10,62527440,10,72,52,0,37,0
849753,20112590,10,36317500,10,61,24,0,28,0
985390,23079387,10,27939747,10,23,14,0,44,0
444726,46398497,10,58775114,10,78,54,0,52,0
682491,37366341,10,31311983,10,28,9,0,35,0
364264,40345457,10,41637105,10,20,24,0,54,0
286457,42608340,10,52688758,10,54,69,0,43,0
1160091,25552199,10,47468161,10,51,43,0,32,0
6132,38416514,10,44406029,10,40,64,0,75,0
131272,32733769,10,67864836,10,66,42,0,21,0
379799,57266437,10,36516676,10,40,24,0,54,0
163104,42035679,10,28831465,10,15,31,0,53,0
702152,33602462,10,33678206,10,28,25,0,14,0
933798,21264786,10,44747138,10,58,31,0,50,0
216647,29234280,10,33041688,10,32,15,0,30,0
1819727,28769228,10,35037708,10,36,51,0,35,0
1435424,22685187,10,48874388,10,49,34,0,17,0
701952,35950804,10,30634945,10,34,22,0,38,0
754561,24833540,10,42463341,10,64,33,0,24,0
959310,27387730,10,52377400,10,65,30,0,41,0
900728,34078039,10,48270756,10,48,49,0,46,0
2331713,38440978,10,71698840,10,88,45,0,59,0
562270,44745272,10,35202566,10,43,26,0,40,0
855307,43092843,10,42897375,10,25,13,0,33,0
455678,34018568,10,34863171,10,14,31,0,57,0
396206,47575983,10,31768760,10,19,7,0,37,0
375399,49657603,10,34080208,10,38,43,0,68,0
587862,45053710,10,43211486,10,44,22,0,41,0
355407,21479753,10,44790333,10,53,34,0,30,0
391341,44399257,10,26134549,10,31,23,0,62,0
62329,23804200,10,35331372,10,30,26,0,53,0
598168,38474811,10,45622433,10,61,40,0,60,0
1520407,39368855,10,39007358,10,21,40,0,51,0
168741,29308050,10,17775232,10,32,18,0,32,0
918711,32345981,10,42080085,10,81,32,0,66,0
751818,38443215,10,62443873,10,70,75,0,77,0
236260,62712578,10,36754619,10,27,21,0,60,0
983749,50552706,10,27352630,10,19,18,0,69,0
123130,24891032,10,51861125,10,51,28,0,30,0
645432,19777868,10,37915620,10,46,25,0,27,0
389543,38085740,10,47449896,10,64,28,0,57,0
770250,27508519,10,35162636,10,59,28,0,68,0
1135345,35904844,10,44551830,10,29,49,0,45,0
32846,27341479,10,53360548,10,50,40,0,45,0
885763,41484569,10,28872454,10,27,32,0,125,0
910001,35100087,10,38430913,10,75,38,0,55,0
1392200,52414281,10,51331757,10,59,31,0,55,0
1704190,46028297,10,40831401,10,53,54,0,96,0
227783,25780513,10,30754458,10,31,30,0,29,0
936924,29298846,10,32245106,10,27,14,0,31,0
1070277,48598783,10,27560048,10,49,26,0,42,0
116566,15551165,10,61783337,10,94,15,0,21,0
97037,32649304,10,30914001,10,20,21,0,50,0
692465,39451016,10,34635412,10,73,33,0,45,0
895375,55387568,10,29006542,10,45,30,0,61,0
456289,30805705,10,43520603,10,65,28,0,33,0
13022,26986059,10,27748601,10,19,13,0,29,0
10904,47011592,10,26152479,10,20,18,0,42,0
460414,59243410,10,37068850,10,27,38,0,82,0
11661,32531612,10,51365514,10,69,29,0,13,0
326873,28579389,10,29036175,10,51,16,0,58,0
341092,42333125,10,22296749,10,19,15,0,91,0
488233,32441314,10,40750140,10,25,23,0,65,0
700827,42944344,10,40617673,10,75,39,0,83,0
673872,34983286,10,13310816,10,47,8,0,56,0
1215383,44635049,10,45968261,10,84,49,0,83,0
778996,26389792,10,52940162,10,55,24,0,15,0
447905,48475590,10,35976698,10,46,29,0,68,0
1510869,29261338,10,33088945,10,48,16,0,34,0
308157,23546367,10,29912700,10,46,15,0,16,0
148702,18472888,10,26503995,10,35,8,0,17,0
1363444,31643201,10,63347415,10,141,43,0,69,0
704833,25565321,10,48052604,10,78,25,0,23,0
565399,16708921,10,63807310,10,77,22,0,43,0
244989,37567391,10,32157739,10,36,39,0,79,0
1978306,15432186,10,63219795,10,76,33,0,9,0
1055036,33235338,10,48639177,10,65,21,0,27,0
181337,18215424,10,26055719,10,15,11,0,19,0
940001,24481578,10,45199004,10,47,50,0,62,0
9817,35065342,10,54584008,10,68,63,0,42,0
494870,23218193,10,34034141,10,38,27,0,38,0
978960,30357740,10,39793066,10,64,48,0,65,0
3469,23724747,10,29898835,10,28,32,0,27,0
698380,23774731,10,25392999,10,9,19,0,43,0
960421,34743858,10,23475206,10,20,30,0,56,0
307936,44476143,10,53684674,10,86,44,0,42,0
83185,26736810,10,57968171,10,54,56,0,47,0
919229,38382073,10,38222843,10,30,22,0,63,0
116498,37609222,10,41015958,10,41,28,0,40,0
371985,31121594,10,26711723,10,18,17,0,39,0
133743,21711519,10,40588548,10,42,21,0,18,0
376263,32717898,10,51411464,10,62,83,0,48,0
1826058,59942856,10,41854641,10,49,27,0,47,0
212067,42353032,10,71934065,10,109,71,0,30,0
1227292,41873948,10,49440181,10,75,65,0,55,0
32119,22601356,10,10566442,10,14,6,0,49,0
505328,36489496,10,36752186,10,80,39,0,56,0
835874,31230827,10,63516196,10,127,80,0,58,0
1016698,29852311,10,73913360,10,129,63,0,33,0
500002,31062547,10,60389551,10,90,77,0,73,0
114847,26513947,10,31352264,10,36,17,0,29,0
2224683,32367031,10,57237267,10,84,70,0,36,0
360441,32360245,10,80851045,10,108,68,0,35,0
497585,24077268,10,36326340,10,70,20,0,33,0
376413,64949036,10,18929023,10,33,17,0,84,0
391037,29995015,10,52272073,10,62,66,0,30,0
232494,51285296,10,57655295,10,62,49,0,49,0
1053346,19956157,10,51852560,10,50,36,0,46,0
390163,43033525,10,45310204,10,72,38,0,62,0
141351,31355628,10,48865401,10,68,50,0,56,0
524115,31272058,10,38789252,10,31,33,0,21,0
206415,21590676,10,34373873,10,13,20,0,29,0
439902,48577722,10,32514191,10,46,29,0,65,0
1074837,29364341,10,48144266,10,31,34,0,48,0
25527,25883197,10,39131748,10,49,30,0,43,0
36156,21761353,10,18065381,10,18,11,0,20,0
480999,31474962,10,53274666,10,52,52,0,31,0
449741,40675369,10,29938037,10,45,24,0,54,0
974181,46189010,10,39659032,10,33,34,0,56,0
476344,34979283,10,45525641,10,89,36,0,48,0
878816,33238513,10,64741579,10,65,52,0,41,0
227432,25323337,10,51366945,10,95,44,0,47,0
1489113,31677237,10,24628327,10,21,9,0,42,0
364528,22913545,10,68648398,10,70,85,0,33,0
419368,28187976,10,50654820,10,56,33,0,54,0
1626629,26127330,10,44537944,10,55,47,0,53,0
801569,50991481,10,26256970,10,41,7,0,28,0
319551,22400457,10,41422520,10,55,38,0,36,0
587314,26469183,10,48220470,10,73,32,0,40,0
855260,47868104,10,32774336,10,10,17,0,53,0
351886,30675180,10,57519220,10,79,34,0,32,0
3354790,44527305,10,49732985,10,63,28,0,76,0
1553182,37312794,10,31196985,10,34,20,0,21,0
330118,14903233,10,43382176,10,54,23,0,7,0
168302,18339752,10,25050034,10,38,14,0,20,0
228547,14091401,10,49000378,10,45,40,0,61,0
579656,31309074,10,26390838,10,49,22,0,46,0
795736,32131543,10,51253132,10,28,31,0,53,0
430609,31838351,10,39080423,10,60,37,0,49,0
387516,46492862,10,28306656,10,17,33,0,24,0
2424130,34661938,10,76190479,10,82,58,0,42,0
51535,33882173,10,46300169,10,78,29,0,53,0
286527,23623308,10,56693155,10,63,52,0,26,0
81003,26218603,10,75124617,10,53,58,0,60,0
285960,42618289,10,32016411,10,50,32,0,72,0
94222,25464783,10,50102301,10,55,23,0,31,0
240431,32047251,10,44780695,10,52,36,0,52,0
231586,31110381,10,47615919,10,38,41,0,57,0
1697103,34844914,10,43042568,10,52,29,0,51,0
442559,54724562,10,44031323,10,78,29,0,46,0
331578,37434259,10,53058874,10,74,19,0,29,0
374555,19489793,10,26778015,10,17,7,0,17,0
266078,27659779,10,42490082,10,38,20,0,34,0
96487,25904509,10,30787870,10,65,26,0,18,0
565317,27896486,10,32357700,10,43,21,0,63,0
137463,46631275,10,51398907,10,48,57,0,52,0
209874,30616612,10,61988348,10,49,21,0,31,0
839099,43753261,10,53589797,10,65,30,0,26,0
2162964,52442124,10,41001109,10,16,19,0,83,0
143635,21793313,10,52102685,10,67,29,0,36,0
747715,50412985,10,39147989,10,40,24,0,23,0
499747,40720042,10,46929249,10,40,21,0,57,0
370334,24361981,10,35254775,10,34,13,0,26,0
1338807,44188462,10,47388432,10,82,52,0,51,0
1749764,50992929,10,33719352,10,48,31,0,76,0
453547,30328747,10,66438852,10,89,32,0,42,0
753105,36674962,10,32019480,10,9,23,0,38,0
795293,25843403,10,29604483,10,54,32,0,14,0
1300124,42593856,10,34554371,10,61,39,0,69,0
209656,44851070,10,47049981,10,63,43,0,41,0
516785,56719246,10,41349476,10,78,34,0,46,0
823508,37595086,10,55797853,10,97,32,0,26,0
12989,36090087,10,51018746,10,74,55,0,47,0
404515,41524874,10,25853017,10,35,15,0,65,0
489230,51619005,10,37576007,10,43,31,0,57,0
571148,35829747,10,34826262,10,28,21,0,44,0
1965870,31343644,10,33083596,10,44,19,0,24,0
758570,35360837,10,42614304,10,37,21,0,33,0
1116257,53059965,10,41231750,10,28,26,0,65,0
1033749,28471946,10,39433069,10,75,36,0,32,0
349071,43864420,10,30198724,10,32,33,0,53,0
408305,46605890,10,31608583,10,66,22,0,57,0
1463553,46517803,10,52614599,10,87,72,0,53,0
732731,47678644,10,87648282,10,61,65,0,126,0
16637,26405456,10,20067526,10,33,21,0,35,0
403651,29655308,10,69666119,10,70,55,0,39,0
435096,32104051,10,49008131,10,58,32,0,44,0
1131472,16149497,10,61317741,10,123,40,0,47,0
268289,38399582,10,31502440,10,54,22,0,58,0
1757942,29826560,10,39587069,10,52,34,0,46,0
69819,53248941,10,37244742,10,35,22,0,77,0
327280,35308766,10,48616474,10,49,37,0,45,0
597969,25478027,10,57930805,10,71,44,0,43,0
333966,24665590,10,26765544,10,19,15,0,41,0
2421255,36962021,10,72137599,10,91,38,0,30,0
897912,14658187,10,32101332,10,27,10,0,56,0
937207,26995280,10,54214850,10,112,43,0,28,0
435188,28540564,10,49860988,10,72,39,0,63,0
265436,42268198,10,75746317,10,85,65,0,47,0
595044,31841797,10,23520601,10,28,13,0,37,0
314744,24757487,10,71368535,10,81,73,0,41,0
798515,42061655,10,53637382,10,26,56,0,61,0
889486,35743146,10,30727815,10,31,36,0,37,0
785192,24630746,10,38659086,10,33,24,0,19,0
851435,38143457,10,71066716,10,87,30,0,55,0
442159,23936289,10,40416642,10,57,36,0,33,0
611235,21202945,10,42626338,10,18,29,0,47,0
278045,35252977,10,50553793,10,44,34,0,32,0
258203,39880830,10,32902023,10,54,29,0,68,0
461676,11167308,10,42411478,10,64,43,0,25,0
1323551,63638551,10,47155122,10,84,60,0,75,0
614250,33880662,10,51747456,10,39,34,0,52,0
888370,34796741,10,29113305,10,50,14,0,42,0
1749119,46381942,10,62361064,10,68,46,0,67,0
147153,36616170,10,37487789,10,33,30,0,26,0
161033,35955302,10,35533639,10,57,27,0,37,0
1605242,20463310,10,74178481,10,90,33,0,33,0
371857,49458174,10,43029668,10,20,38,0,103,0
469407,21749774,10,51936650,10,65,28,0,25,0
124510,39746923,10,68944302,10,70,50,0,45,0
1150958,31821661,10,31668406,10,77,21,0,41,0
501972,19163673,10,44861180,10,90,25,0,29,0
606516,26009132,10,19024784,10,38,8,0,22,0
128069,39735144,10,36267174,10,34,27,0,48,0
200964,34675410,10,31632445,10,53,20,0,39,0
480762,35714488,10,60313613,10,98,67,0,68,0
865603,19520279,10,35657896,10,54,34,0,31,0
107326,50978327,10,55894446,10,59,49,0,56,0
1136017,23597425,10,75025415,10,84,47,0,35,0
215513,16418135,10,34795102,10,12,16,0,11,0
311393,20868190,10,26471509,10,13,29,0,26,0
481003,42304258,10,47130309,10,27,19,0,48,0
853021,24924213,10,25329574,10,31,13,0,20,0
666890,38700220,10,19969404,10,26,8,0,49,0
1614265,45988655,10,53805864,10,70,33,0,37,0
687314,55235700,10,55436901,10,71,57,0,76,0
1533235,31764906,10,48220190,10,128,36,0,34,0
281340,24508607,10,41358668,10,33,17,0,17,0
1358841,22839526,10,39475417,10,79,26,0,30,0
267331,38421483,10,35289909,10,54,28,0,33,0
216944,30557864,10,56214607,10,82,49,0,34,0
126402,27947486,10,27798617,10,21,15,0,38,0
737822,62391642,10,44000685,10,39,31,0,110,0
268543,38900486,10,34750472,10,38,22,0,45,0
8826,22850389,10,21562789,10,48,14,0,38,0
653361,36968806,10,58943648,10,108,42,0,62,0
31047,14230745,10,39085164,10,35,36,0,37,0
1386090,33415985,10,70432453,10,142,76,0,48,0
1423729,71879833,10,64189769,10,92,74,0,127,0
386310,25324100,10,87114358,10,72,79,0,38,0
101145,32676077,10,58683378,10,56,56,0,41,0
148529,23707531,10,34486434,10,56,32,0,37,0
993296,29102865,10,45472806,10,23,29,0,23,0
606129,23654086,10,40466726,10,41,37,0,20,0
523011,31404672,10,32873121,10,52,34,0,57,0
1057098,24142372,10,50653895,10,71,15,0,25,0
303830,25810326,10,41245513,10,29,11,0,38,0
171800,38108772,10,46682839,10,95,38,0,47,0
606921,39257223,10,56709502,10,79,42,0,41,0
337325,28816587,10,32414751,10,62,26,0,49,0
20320,23582742,10,51931873,10,60,39,0,33,0
313233,29335637,10,29076543,10,58,12,0,56,0
21377,28173902,10,26713824,10,42,22,0,61,0
99317,24600606,10,63412417,10,119,73,0,46,0
546633,67459075,10,63826025,10,97,97,0,114,0
805787,41019355,10,34977069,10,20,9,0,30,0
237484,66732105,10,64471135,10,66,64,0,81,0
976662,44086347,10,51769176,10,63,25,0,41,0
335511,10430082,10,51113945,10,43,15,0,15,0
1625550,35967886,10,37062534,10,41,34,0,56,0
1195203,58027460,10,45624277,10,44,48,0,47,0
994024,24900235,10,53004199,10,134,42,0,22,0
1648541,52896531,10,63967686,10,67,57,0,34,0
2013403,59173557,10,28484660,10,28,32,0,59,0
422748,49383348,10,53705869,10,62,52,0,41,0
556866,28881332,10,24625186,10,45,10,0,19,0
513433,35162288,10,26506389,10,55,16,0,24,0
186072,41643539,10,35020296,10,27,25,0,44,0
561381,39246513,10,37862602,10,40,29,0,47,0
381446,42166675,10,47703352,10,39,66,0,110,0
15974,31962011,10,30040125,10,39,49,0,64,0
826506,38038247,10,35907910,10,48,31,0,53,0
242473,21436853,10,62368905,10,93,28,0,39,0
175600,62690884,10,64954177,10,103,43,0,73,0
902315,35915125,10,17860517,10,8,19,0,48,0
297952,50412068,10,26856368,10,11,17,0,60,0
778673,50282185,10,35844122,10,52,35,0,84,0
243134,33087076,10,60482426,10,56,40,0,60,0
556815,26523736,10,25619115,10,14,13,0,21,0
232814,25773053,10,39520204,10,130,32,0,21,0
196422,42558150,10,41613888,10,30,20,0,35,0
242497,43405481,10,42541544,10,54,66,0,82,0
114911,29559120,10,33451791,10,45,25,0,20,0
398626,33582134,10,22950046,10,43,35,0,55,0
753268,38399562,10,37809915,10,41,40,0,32,0
454893,21227291,10,35335925,10,39,25,0,15,0
511378,22767093,10,41463673,10,40,30,0,31,0
197444,21992399,10,28883594,10,35,17,0,28,0
300651,24327619,10,73843765,10,83,46,0,29,0
597883,22574985,10,42909255,10,59,46,0,51,0
1245162,26851774,10,39184802,10,57,29,0,41,0
176426,19676926,10,33458313,10,44,19,0,22,0
246182,37041153,10,29223754,10,4,30,0,48,0
100161,18797160,10,40780068,10,56,31,0,16,0
1145952,45308940,10,41624951,10,13,41,0,53,0
763728,20039367,10,33120949,10,27,35,0,43,0
930293,20836493,10,26731261,10,37,18,0,12,0
1352794,39235412,10,33269797,10,47,34,0,30,0
2522223,44584424,10,49322932,10,64,38,0,45,0
1367111,46986574,10,40208172,10,72,39,0,92,0
336595,38043694,10,44035732,10,51,47,0,88,0
766886,48831120,10,51339924,10,24,38,0,51,0
145367,31193375,10,29044594,10,35,12,0,24,0
251402,58263708,10,28967291,10,41,33,0,108,0
281398,17261298,10,21037544,10,5,17,0,27,0
575166,43378509,10,56306251,10,107,49,0,66,0
1150598,55771532,10,35655707,10,46,29,0,78,0
1206394,41970369,10,54944618,10,83,67,0,59,0
1240405,38642662,10,79090683,10,143,105,0,53,0
1246659,18188718,10,62354321,10,98,90,0,46,0
391665,38249601,10,34183098,10,57,26,0,29,0
225949,15418375,10,26959439,10,60,17,0,23,0
390970,25552277,10,50875038,10,51,35,0,39,0
99811,48937014,10,39328535,10,40,51,0,59,0
415542,49614747,10,48566354,10,48,50,0,39,0
1763368,47257049,10,35960489,10,57,31,0,50,0
776952,34897553,10,34667200,10,17,27,0,48,0
591241,33570612,10,21925922,10,27,21,0,30,0
773999,32988219,10,45954599,10,59,48,0,86,0
265130,29928300,10,27428320,10,38,10,0,35,0
242146,39470979,10,56694020,10,60,46,0,61,0
704643,45221414,10,27819708,10,24,18,0,57,0
484594,43929696,10,40773969,10,21,37,0,51,0
1341217,30989047,10,44408725,10,49,39,0,25,0
260540,17669881,10,39725724,10,26,53,0,37,0
1524906,29170714,10,76707308,10,41,62,0,49,0
53039,42382148,10,46989185,10,54,36,0,65,0
906640,26137659,10,39310793,10,22,23,0,40,0
60112,26742527,10,56732218,10,49,29,0,12,0
231942,25873987,10,40378210,10,53,25,0,74,0
742914,27888351,10,51038485,10,66,27,0,41,0
430255,25699228,10,38358163,10,28,36,0,41,0
