763482,103782098,20,72351563,20,175,123,0,272,0
384427,60268930,20,94619505,20,196,174,0,204,0
271997,67867584,20,95921258,20,133,107,0,113,0
193131,59713172,20,64857200,20,196,79,0,144,0
586400,75318213,20,92548102,20,314,149,0,173,0
470571,77400978,20,81372018,20,86,77,0,164,0
191797,66173461,20,103019677,20,232,86,0,189,0
131675,96033439,20,142937695,20,364,210,0,356,0
16809,53159037,20,67474647,20,168,90,0,190,0
238648,50947125,20,66641877,20,146,105,0,163,0
1175504,75343045,20,107730874,20,198,92,0,145,0
137801,40433939,20,80424330,20,149,76,0,124,0
363544,73322752,20,77591844,20,216,84,0,116,0
210934,73788525,20,112281084,20,220,122,0,212,0
184545,61034062,20,93780936,20,218,97,0,184,0
278530,66278171,20,74777963,20,115,109,0,161,0
232663,68170418,20,72654260,20,77,67,0,201,0
74528,73397728,20,79946592,20,105,70,0,155,0
194912,75692148,20,80446739,20,160,99,0,234,0
161578,47592193,20,82859374,20,155,119,0,122,0
72923,90247698,20,95678511,20,184,119,0,220,0
470539,63115987,20,69888701,20,112,117,0,155,0
608234,73075408,20,59868275,20,158,63,0,123,0
249829,72040097,20,97096778,20,324,73,0,153,0
105714,53492667,20,85678816,20,209,118,0,116,0
404857,64631747,20,94277978,20,278,143,0,113,0
1156322,78601640,20,84055302,20,266,152,0,165,0
544105,33728884,20,116325335,20,299,117,0,132,0
245198,54731996,20,92207574,20,137,77,0,119,0
683576,49931487,20,65132981,20,156,81,0,161,0
363363,60874842,20,104199950,20,324,167,0,196,0
620413,89611992,20,88216898,20,274,131,0,262,0
29929,59209215,20,92950718,20,140,137,0,168,0
68735,62455280,20,88688963,20,235,86,0,145,0
325185,57732767,20,99726078,20,181,117,0,192,0
422246,82404566,20,106016331,20,246,136,0,211,0
16897,94585387,20,109436237,20,215,121,0,162,0
397354,70651013,20,67102402,20,212,101,0,187,0
10827,72036453,20,64677247,20,124,101,0,146,0
18606,58592097,20,43850323,20,91,55,0,114,0
248872,41275718,20,72430560,20,159,63,0,77,0
32468,68723566,20,100161014,20,233,106,0,127,0
278986,75862261,20,83367511,20,165,127,0,326,0
350386,46222765,20,76653946,20,188,145,0,191,0
155197,60229041,20,75750662,20,97,137,0,180,0
77329,95663280,20,73324805,20,144,152,0,305,0
171712,88443934,20,100612431,20,261,115,0,165,0
186586,57310803,20,73264899,20,176,123,0,118,0
459070,76326557,20,69449956,20,160,57,0,190,0
35682,60464051,20,65934745,20,187,98,0,126,0
42803,108478920,20,94710993,20,263,158,0,231,0
308326,68407196,20,83743541,20,165,133,0,173,0
679541,62444775,20,53901223,20,94,63,0,177,0
245100,40204255,20,58009617,20,163,68,0,129,0
870320,49562638,20,130259468,20,357,170,0,128,0
496289,75280717,20,89156720,20,170,106,0,162,0
387917,68921522,20,68076453,20,221,113,0,138,0
501054,78086666,20,103476855,20,251,91,0,124,0
482520,78443926,20,87818056,20,261,102,0,210,0
298142,55595474,20,81221029,20,176,102,0,131,0
25102,74194117,20,75631146,20,180,77,0,145,0
282529,49925191,20,96726855,20,328,139,0,277,0
60587,53711843,20,79824477,20,131,112,0,158,0
321346,62829749,20,52100618,20,138,68,0,139,0
275500,66938043,20,62177055,20,98,51,0,184,0
537631,100572704,20,109213604,20,273,147,0,205,0
221941,41533135,20,79026903,20,182,90,0,121,0
461810,69685677,20,70758726,20,109,49,0,214,0
373470,83868868,20,96999339,20,197,133,0,122,0
186578,67184207,20,53182869,20,208,73,0,211,0
290110,72625417,20,94663714,20,192,122,0,205,0
294316,98582384,20,89188506,20,206,110,0,235,0
177120,94202690,20,76328287,20,130,109,0,263,0
127988,87298484,20,63447035,20,157,45,0,242,0
985750,66460339,20,122604635,20,237,80,0,153,0
211717,82193925,20,87111697,20,137,112,0,150,0
762907,69773901,20,65161070,20,95,98,0,154,0
121778,50722161,20,84975082,20,340,83,0,163,0
402922,61763943,20,98640328,20,176,108,0,203,0
35427,69986100,20,95507730,20,221,74,0,119,0
64038,101808345,20,70670489,20,188,108,0,301,0
83655,81277444,20,74408264,20,214,97,0,181,0
230706,46711339,20,103494287,20,254,101,0,122,0
555887,92288351,20,114786694,20,291,179,0,295,0
170557,65368371,20,82907748,20,245,93,0,158,0
89625,70963485,20,70276718,20,179,66,0,141,0
227785,69355046,20,69183920,20,169,83,0,153,0
134857,55853443,20,75323937,20,175,73,0,218,0
38675,62304761,20,63171947,20,139,75,0,186,0
906385,84995407,20,79178845,20,260,139,0,219,0
134035,53011365,20,91812030,20,229,143,0,143,0
61918,88602625,20,82735667,20,188,128,0,268,0
23969,67896612,20,51062409,20,123,90,0,168,0
840647,73348023,20,87941881,20,176,120,0,156,0
896036,129693933,20,116789369,20,245,216,0,337,0
510234,62796100,20,80847201,20,170,121,0,213,0
71911,79583855,20,83170306,20,193,130,0,176,0
1009713,74668284,20,100113465,20,180,99,0,230,0
504482,74343953,20,92869457,20,168,85,0,177,0
540735,73761041,20,96814001,20,229,119,0,176,0
30086,73199854,20,81812059,20,155,115,0,280,0
242169,51157400,20,73940581,20,271,57,0,125,0
70254,66276926,20,100036457,20,256,124,0,273,0
74113,61431783,20,64503737,20,256,118,0,234,0
604012,98264523,20,65215064,20,211,45,0,197,0
220032,66737737,20,83406182,20,215,135,0,350,0
649403,58811883,20,79912716,20,230,127,0,158,0
13789,72406045,20,81538189,20,121,148,0,233,0
105562,66265350,20,79126657,20,250,109,0,206,0
18821,88623345,20,64685828,20,136,99,0,164,0
243632,50131560,20,62514665,20,121,69,0,146,0
228762,72714678,20,74840513,20,129,93,0,164,0
206101,65509913,20,90100313,20,211,115,0,223,0
325452,69267845,20,95960287,20,289,110,0,214,0
63804,83271940,20,75394615,20,184,105,0,139,0
642946,104216887,20,90510739,20,380,164,0,262,0
47625,60454489,20,122464810,20,227,155,0,145,0
206203,69138096,20,38713388,20,108,42,0,164,0
218761,67706316,20,74606038,20,232,96,0,219,0
34925,62390560,20,61069178,20,138,60,0,219,0
221423,62622047,20,107910626,20,217,113,0,152,0
570894,86135815,20,92103264,20,207,137,0,212,0
1187792,85496629,20,95346713,20,202,115,0,253,0
1246309,55701548,20,91747836,20,159,109,0,135,0
543875,65176050,20,106034038,20,282,200,0,188,0
144870,65848079,20,58945976,20,90,68,0,219,0
178813,81831111,20,95704355,20,273,105,0,185,0
1074081,66660918,20,83556372,20,173,104,0,105,0
230960,99806059,20,118202995,20,211,149,0,239,0
30346,45689315,20,67245348,20,281,83,0,155,0
512738,82328955,20,104246884,20,291,124,0,218,0
543986,73175520,20,97559342,20,239,99,0,161,0
735721,79353236,20,111047546,20,279,122,0,159,0
344536,81820847,20,99272163,20,188,129,0,155,0
147789,64380018,20,92346132,20,178,127,0,214,0
120542,56512849,20,65759453,20,136,84,0,129,0
51004,65707392,20,99982338,20,160,115,0,215,0
62902,72840271,20,102676524,20,235,146,0,247,0
455728,68660449,20,71374480,20,138,83,0,183,0
896627,88434640,20,91557393,20,216,94,0,194,0
83846,44440727,20,74078067,20,137,102,0,93,0
6051,57886955,20,114786391,20,300,209,0,136,0
76633,55309248,20,65034747,20,107,99,0,89,0
457944,53576059,20,77204680,20,173,112,0,227,0
59154,87705267,20,81113887,20,162,141,0,237,0
647329,109953013,20,100760684,20,210,111,0,326,0
208628,78309112,20,83907784,20,190,119,0,231,0
213360,75634988,20,94291413,20,171,95,0,168,0
39860,55562296,20,57934088,20,208,112,0,119,0
924451,67016954,20,83338254,20,117,120,0,213,0
810957,76786680,20,98916685,20,232,168,0,234,0
585390,79085147,20,96568842,20,204,62,0,290,0
176225,56986151,20,60576801,20,129,87,0,188,0
71526,65530917,20,107628230,20,206,116,0,133,0
35225,100685733,20,56122685,20,123,109,0,310,0
1002283,51378836,20,122899481,20,226,180,0,233,0
576380,60679736,20,84014872,20,144,88,0,166,0
6329,74304841,20,79522929,20,199,98,0,340,0
444249,95029592,20,91712323,20,138,73,0,223,0
82978,90160384,20,77520671,20,247,132,0,244,0
264050,78827018,20,54958166,20,109,76,0,240,0
66191,54687928,20,98513034,20,279,144,0,140,0
169342,84040271,20,106370913,20,252,101,0,180,0
162025,55883979,20,84576085,20,123,98,0,83,0
531720,57198362,20,102936474,20,258,89,0,185,0
829210,68463072,20,99105371,20,139,130,0,175,0
73174,95791302,20,101357568,20,138,158,0,261,0
347017,113266765,20,73049843,20,129,70,0,276,0
958291,91936657,20,94083765,20,266,151,0,255,0
13619,116596738,20,83370177,20,114,159,0,391,0
106619,52247344,20,80859994,20,233,116,0,97,0
135323,67482692,20,95145562,20,153,92,0,206,0
317442,97343827,20,72494017,20,129,127,0,195,0
419669,73886962,20,56896179,20,86,60,0,168,0
645447,72536626,20,84045268,20,182,106,0,211,0
509195,70332912,20,100943304,20,289,126,0,188,0
412502,92497470,20,83985612,20,274,167,0,195,0
138939,59962349,20,50606363,20,57,67,0,169,0
133066,78821875,20,87474696,20,92,133,0,188,0
616925,121585098,20,74318718,20,158,127,0,317,0
177645,82081151,20,45615280,20,95,50,0,124,0
375479,80792026,20,74124317,20,217,102,0,131,0
142545,65659637,20,119868558,20,267,142,0,199,0
10305,67953559,20,121443527,20,286,167,0,138,0
220430,113265791,20,83836058,20,199,158,0,272,0
726020,74874191,20,93162045,20,197,142,0,220,0
369615,61481450,20,86060421,20,224,152,0,168,0
129654,107327156,20,80772942,20,161,100,0,245,0
559646,40828653,20,72291173,20,320,101,0,119,0
420930,66443293,20,116910011,20,275,122,0,161,0
599780,86425909,20,77235759,20,132,79,0,174,0
199590,45591214,20,78058194,20,212,87,0,146,0
175094,67867860,20,84797592,20,157,107,0,249,0
54227,78184608,20,95704330,20,130,101,0,201,0
285619,66733466,20,91710157,20,268,97,0,95,0
557566,59399449,20,89774985,20,194,122,0,162,0
207283,99322382,20,69128317,20,159,61,0,174,0
184284,46704051,20,66465797,20,137,130,0,156,0
9261,81148125,20,75659159,20,175,141,0,251,0
84022,65614178,20,104851266,20,162,94,0,159,0
188395,82818947,20,108854564,20,254,119,0,178,0
87678,85073555,20,85395311,20,152,101,0,225,0
44887,43929489,20,95625111,20,168,147,0,120,0
580311,78364686,20,54426453,20,74,61,0,162,0
155691,51415484,20,103610953,20,227,140,0,112,0
324426,71563252,20,82374621,20,139,97,0,208,0
22386,87213123,20,73966815,20,223,126,0,286,0
383449,51357038,20,146107159,20,288,180,0,201,0
115539,68511789,20,58945736,20,77,89,0,115,0
310094,63390124,20,100195395,20,252,144,0,147,0
446550,64968335,20,71101616,20,134,96,0,157,0
194594,58992853,20,55431955,20,147,67,0,144,0
60538,88984007,20,78326619,20,179,111,0,149,0
161293,92252312,20,108797865,20,172,167,0,215,0
53044,48681931,20,104396369,20,166,149,0,187,0
305306,81527915,20,90169646,20,180,105,0,168,0
34165,41280383,20,64505986,20,162,87,0,92,0
465089,62265327,20,78669070,20,155,133,0,194,0
489661,79293038,20,84470004,20,243,112,0,184,0
87636,98438982,20,89812479,20,179,118,0,175,0
115222,47141219,20,61449623,20,240,102,0,154,0
165990,42358058,20,79539320,20,196,63,0,68,0
1130755,83590262,20,92953856,20,189,89,0,252,0
663124,69066646,20,121042588,20,317,188,0,138,0
24566,74358999,20,73299682,20,160,85,0,129,0
97753,79602383,20,97844565,20,257,144,0,256,0
808819,72905860,20,76256903,20,218,162,0,199,0
38062,101013618,20,83110863,20,226,158,0,272,0
400474,76775204,20,57379334,20,124,60,0,197,0
433594,114971618,20,92331340,20,159,133,0,258,0
132237,108360822,20,81939455,20,97,107,0,314,0
444841,64851025,20,119984838,20,293,106,0,113,0
743012,79336078,20,86797697,20,189,119,0,237,0
546344,70984739,20,93843617,20,219,127,0,234,0
529720,54329584,20,66463136,20,202,72,0,169,0
159759,63950426,20,96149871,20,202,133,0,259,0
517067,72616224,20,98536142,20,147,102,0,207,0
201607,90021364,20,105697880,20,311,128,0,141,0
393185,98565881,20,103248172,20,191,108,0,143,0
60937,71243034,20,77950456,20,137,106,0,183,0
580480,73189976,20,76085154,20,114,187,0,201,0
302356,65220246,20,86877415,20,240,118,0,182,0
40906,72461998,20,88287345,20,102,106,0,170,0
107922,44183233,20,108659580,20,224,167,0,123,0
269802,64229628,20,71155949,20,276,116,0,153,0
984471,52341822,20,122005038,20,277,133,0,135,0
199963,89477621,20,75861535,20,177,70,0,220,0
108516,76135615,20,79984040,20,179,114,0,153,0
197471,60621729,20,67356033,20,166,84,0,172,0
549914,105710987,20,76948618,20,204,85,0,357,0
83828,67828487,20,75552261,20,245,77,0,159,0
312917,87746793,20,78093486,20,183,63,0,200,0
403273,74893333,20,78135506,20,111,146,0,208,0
224987,64286646,20,70531758,20,115,134,0,265,0
89199,74660068,20,78368678,20,273,95,0,228,0
477674,63297166,20,100801320,20,119,110,0,207,0
975971,71560270,20,142480921,20,353,136,0,160,0
534814,92465488,20,77875450,20,142,82,0,248,0
28426,67569455,20,77418162,20,169,96,0,175,0
856569,88696663,20,102708285,20,189,191,0,316,0
371389,63696544,20,83270041,20,184,87,0,193,0
679559,97108082,20,70243914,20,196,104,0,201,0
9844,66941659,20,88415460,20,182,130,0,202,0
251878,44108616,20,116128037,20,181,119,0,170,0
6631,69172959,20,79333382,20,131,99,0,139,0
469071,60431185,20,94721482,20,172,101,0,161,0
607651,63731923,20,82021912,20,206,112,0,199,0
152251,90280829,20,65064197,20,220,73,0,162,0
1841439,53183730,20,83866725,20,247,82,0,121,0
274181,100572693,20,77559771,20,155,101,0,239,0
231984,77481170,20,58097432,20,206,63,0,225,0
392521,70182025,20,84613292,20,233,124,0,177,0
188779,90715470,20,101194448,20,294,157,0,157,0
586284,82829129,20,82588646,20,162,92,0,232,0
116450,54152056,20,88030846,20,219,113,0,266,0
299955,62107841,20,96942213,20,100,110,0,183,0
312904,56315161,20,128918236,20,335,106,0,175,0
672511,100428669,20,101759981,20,183,94,0,249,0
1325821,87517111,20,72315258,20,232,171,0,203,0
461129,67392513,20,97460507,20,267,90,0,221,0
90011,89542153,20,59080995,20,87,81,0,216,0
315686,73150915,20,73490523,20,120,141,0,242,0
209595,86944624,20,61555734,20,98,68,0,201,0
3692,50865126,20,56189444,20,179,76,0,95,0
1013524,64691880,20,103789470,20,143,112,0,149,0
493579,111573476,20,85032272,20,213,125,0,267,0
556385,71257010,20,74464927,20,119,84,0,208,0
87775,54910482,20,108561129,20,230,105,0,112,0
624691,108701319,20,76624493,20,125,111,0,284,0
27516,58737657,20,87842166,20,208,86,0,154,0
459536,64589810,20,112164205,20,223,112,0,163,0
156672,43871565,20,59732633,20,69,47,0,132,0
163263,85462624,20,50158846,20,147,82,0,184,0
235729,104877239,20,97294510,20,190,146,0,267,0
116605,82668388,20,109599688,20,264,100,0,91,0
260517,80612600,20,138888848,20,211,222,0,205,0
269411,54618974,20,50890659,20,149,66,0,100,0
936383,95755724,20,71396561,20,248,155,0,271,0
41087,60106239,20,101003785,20,265,97,0,122,0
195882,72335634,20,84778663,20,178,149,0,178,0
64083,86357145,20,96409546,20,219,163,0,177,0
16752,59136767,20,71954392,20,165,82,0,230,0
12460,66811986,20,46703762,20,75,42,0,147,0
280994,66812500,20,86474636,20,174,130,0,155,0
485475,72859035,20,109740193,20,258,175,0,171,0
25278,78934344,20,85394581,20,280,132,0,135,0
1171747,105598766,20,113523421,20,236,175,0,270,0
1603090,73464097,20,126360992,20,176,164,0,306,0
201421,77672874,20,72403258,20,136,132,0,219,0
276992,79469813,20,93686864,20,158,120,0,201,0
204770,66963114,20,94202383,20,206,145,0,231,0
443196,75277055,20,82377154,20,174,111,0,133,0
350495,91693009,20,71322763,20,178,108,0,184,0
36792,68534421,20,72513314,20,174,126,0,181,0
1197364,60390577,20,82209096,20,126,58,0,234,0
821311,109328364,20,96444243,20,220,200,0,301,0
90137,57736908,20,50056651,20,161,110,0,171,0
176326,54773524,20,74522330,20,112,97,0,145,0
67267,59031864,20,66784893,20,205,90,0,198,0
342688,66925380,20,108197741,20,154,127,0,249,0
23218,65921111,20,66603553,20,133,49,0,151,0
120134,83323774,20,94533648,20,253,126,0,168,0
361776,72041885,20,88507190,20,178,111,0,195,0
69737,62021476,20,111215394,20,265,192,0,120,0
867670,66891541,20,96265275,20,162,155,0,186,0
420621,49099962,20,100178793,20,202,157,0,173,0
237453,50656748,20,62306641,20,130,68,0,157,0
161181,76331008,20,125902058,20,374,159,0,407,0
362953,61894944,20,103603090,20,175,146,0,254,0
200342,71304843,20,68928449,20,125,103,0,208,0
607743,97677590,20,81501440,20,171,113,0,193,0
199748,83350383,20,76953289,20,207,90,0,200,0
53410,66252912,20,78878594,20,129,127,0,295,0
240777,131047323,20,85919344,20,225,142,0,352,0
70748,116105206,20,87543763,20,188,112,0,205,0
373498,58538527,20,92259946,20,153,107,0,216,0
257335,95304663,20,76383758,20,117,94,0,251,0
190208,90354055,20,96599923,20,257,174,0,331,0
151006,85079196,20,85275624,20,109,125,0,184,0
993301,86152843,20,87819465,20,282,170,0,273,0
228258,67426823,20,87081738,20,130,94,0,183,0
71648,68826903,20,71089020,20,148,97,0,138,0
317383,78761458,20,68936822,20,233,111,0,187,0
138753,66619543,20,118615998,20,313,160,0,189,0
142804,72740616,20,69907742,20,196,69,0,177,0
556191,68134269,20,62632583,20,151,62,0,138,0
157786,59688938,20,78392675,20,204,113,0,143,0
5700,33023743,20,62253199,20,214,64,0,114,0
135063,68478851,20,116635502,20,284,140,0,170,0
75923,78210100,20,84196269,20,168,96,0,235,0
522464,86301835,20,118241561,20,269,176,0,176,0
191333,89018246,20,90612371,20,222,181,0,233,0
137873,81407840,20,63646637,20,159,67,0,292,0
840831,78170467,20,93778705,20,222,101,0,131,0
272688,85300331,20,79952881,20,221,68,0,151,0
1074429,97975026,20,99030095,20,147,166,0,171,0
582805,76169184,20,82550128,20,195,74,0,170,0
105112,66626799,20,52939057,20,199,68,0,190,0
338107,79080182,20,96962706,20,215,156,0,165,0
285051,56619219,20,51620596,20,169,59,0,204,0
19476,85852064,20,64809892,20,232,121,0,223,0
299428,40237059,20,81971661,20,221,94,0,90,0
425514,61998218,20,122821124,20,227,120,0,217,0
384198,60488007,20,112067049,20,283,160,0,165,0
23574,86648004,20,83549514,20,184,143,0,292,0
73853,80576910,20,98551311,20,164,150,0,206,0
135691,70054078,20,88963347,20,271,144,0,229,0
1321900,75280867,20,101906590,20,145,132,0,201,0
4971,97316519,20,67960111,20,125,72,0,253,0
554350,98941075,20,104433782,20,216,173,0,247,0
139076,67351980,20,142420890,20,369,285,0,189,0
153645,74713344,20,92512648,20,167,94,0,150,0
607556,65769615,20,88093499,20,152,120,0,222,0
24645,45227136,20,70657866,20,116,63,0,128,0
67206,77950360,20,45948354,20,162,63,0,228,0
6612,49746903,20,106239929,20,279,129,0,158,0
273532,54718466,20,86906776,20,164,91,0,127,0
49049,69868237,20,70593836,20,177,75,0,196,0
270077,79272085,20,79929203,20,221,92,0,295,0
1164223,71867594,20,116393950,20,173,197,0,196,0
532063,75058592,20,83586425,20,101,95,0,260,0
174116,77308015,20,116165866,20,239,128,0,185,0
701730,69701132,20,60584437,20,138,79,0,125,0
4753,61387205,20,64140489,20,175,76,0,130,0
442414,72291664,20,93145269,20,159,107,0,204,0
177130,65319461,20,81100813,20,259,99,0,154,0
26671,92275277,20,86386565,20,196,103,0,313,0
157465,101095048,20,65782378,20,143,107,0,221,0
210522,42679064,20,99207051,20,182,103,0,140,0
258372,53269002,20,72600411,20,152,82,0,125,0
156395,70112666,20,117444336,20,299,154,0,154,0
971453,42925858,20,84585553,20,177,84,0,120,0
65270,106723093,20,94773314,20,227,142,0,217,0
534110,98113572,20,83284420,20,130,103,0,179,0
1893961,65846113,20,113087133,20,297,199,0,155,0
261239,99107552,20,46579745,20,83,52,0,283,0
12249,60393650,20,52899998,20,187,86,0,144,0
463573,72128651,20,65121187,20,162,83,0,224,0
313382,80375314,20,118019221,20,239,123,0,140,0
349845,54162097,20,87773415,20,259,87,0,177,0
297324,49565623,20,71675603,20,148,122,0,169,0
297510,80292259,20,75956307,20,214,134,0,294,0
202050,64775280,20,96476034,20,326,139,0,203,0
702803,85631724,20,82201515,20,105,129,0,175,0
286380,41262051,20,72627466,20,235,81,0,85,0
331729,65805398,20,89124242,20,128,83,0,183,0
130458,90791743,20,95376083,20,243,113,0,238,0
444760,85864350,20,88103268,20,368,132,0,184,0
69064,60713051,20,69071789,20,106,62,0,125,0
46064,60144620,20,66414941,20,123,63,0,180,0
440818,47498307,20,111331375,20,214,101,0,158,0
872127,59268481,20,73640527,20,283,105,0,157,0
224538,90601779,20,93708859,20,179,137,0,235,0
346400,74099801,20,100241078,20,175,121,0,193,0
270012,81907055,20,87639303,20,250,118,0,236,0
444311,74415194,20,92302118,20,261,142,0,189,0
277130,58543506,20,68331796,20,181,82,0,103,0
341633,51316985,20,118833090,20,425,134,0,124,0
115512,49275209,20,66499447,20,133,75,0,117,0
386698,74031125,20,46895782,20,95,86,0,137,0
277893,74047235,20,90287129,20,280,84,0,151,0
542363,57817801,20,88165813,20,124,137,0,133,0
856497,111200775,20,71529375,20,139,136,0,212,0
183238,68716333,20,83204669,20,171,104,0,169,0
140642,71417872,20,90281900,20,116,101,0,254,0
87462,69214932,20,64367340,20,186,102,0,201,0
200295,97506802,20,110899859,20,226,184,0,239,0
396917,61426913,20,83477662,20,126,91,0,179,0
439505,74000974,20,75027716,20,183,102,0,204,0
38329,63911725,20,91291712,20,177,93,0,232,0
97316,63397159,20,135811223,20,395,209,0,227,0
217782,49871041,20,68017362,20,124,89,0,143,0
744753,59361906,20,72796167,20,159,113,0,155,0
456752,75773166,20,53683520,20,183,67,0,155,0
989500,58201995,20,98855319,20,181,119,0,131,0
945707,76134531,20,107442655,20,197,129,0,151,0
283407,90643549,20,100300709,20,266,104,0,192,0
286716,75848246,20,100914957,20,201,109,0,249,0
533099,91208572,20,87643350,20,283,139,0,214,0
98955,67475821,20,87997660,20,384,79,0,127,0
149719,90928473,20,101061512,20,172,181,0,201,0
24064,89244732,20,82622922,20,168,99,0,214,0
90502,57231097,20,69357989,20,135,123,0,152,0
186487,71705355,20,94230153,20,226,132,0,164,0
1030686,82286312,20,112827352,20,260,134,0,213,0
254889,60861539,20,93089660,20,192,87,0,211,0
99044,87166302,20,65090066,20,140,64,0,241,0
43970,67610349,20,74647053,20,262,89,0,173,0
222198,68415425,20,82100108,20,247,99,0,199,0
430800,75042881,20,92362695,20,168,118,0,174,0
404886,61868438,20,122976692,20,183,132,0,228,0
305413,83215962,20,80207277,20,213,74,0,103,0
179917,80518774,20,90485881,20,169,101,0,149,0
573994,58745946,20,66208273,20,123,83,0,140,0
13080,47661831,20,72379193,20,110,95,0,157,0
127334,47115052,20,86936397,20,212,117,0,134,0
75212,53669019,20,74449703,20,153,84,0,156,0
400391,80656283,20,68938197,20,166,73,0,140,0
437259,68020226,20,63334298,20,225,92,0,162,0
54517,80845440,20,64744632,20,192,75,0,177,0
188569,88676881,20,58909023,20,276,51,0,167,0
421071,59188553,20,92305909,20,137,101,0,239,0
235259,66887558,20,85616806,20,201,92,0,97,0
478154,76347600,20,97966907,20,141,132,0,246,0
174371,70347469,20,72491202,20,192,64,0,131,0
162266,67608031,20,75958125,20,340,59,0,97,0
74980,67523956,20,96389645,20,285,113,0,120,0
287222,64141806,20,76779492,20,149,116,0,133,0
1699865,59694090,20,80615513,20,196,123,0,200,0
866950,77765470,20,88503331,20,177,119,0,160,0
75758,74557724,20,97219989,20,216,146,0,143,0
295599,65664458,20,80690212,20,234,104,0,170,0
108196,74951268,20,108438726,20,215,122,0,280,0
122955,64832023,20,102661691,20,226,100,0,77,0
35316,75121431,20,47398995,20,83,58,0,148,0
103700,44512282,20,98594542,20,229,109,0,133,0
223075,55123090,20,98209332,20,257,112,0,152,0
215064,97312187,20,62615310,20,156,93,0,192,0
27972,61834210,20,145797076,20,286,261,0,316,0
345680,52547781,20,78588183,20,181,91,0,74,0
437357,68888136,20,98354565,20,292,57,0,171,0
741446,116324038,20,99257154,20,276,146,0,294,0
553787,74758413,20,90680786,20,116,109,0,216,0
172450,76989435,20,112930893,20,321,157,0,177,0
628435,79873334,20,60666976,20,139,75,0,149,0
509039,63149696,20,82989224,20,208,110,0,163,0
830620,81669518,20,99678083,20,256,133,0,187,0
118000,66631531,20,103385236,20,277,120,0,112,0
347483,78929280,20,99672368,20,212,92,0,197,0
230782,54880409,20,116377371,20,351,104,0,107,0
698569,55046524,20,128745567,20,378,111,0,132,0
104060,63592211,20,100001586,20,239,139,0,224,0
410612,88301026,20,85072820,20,101,101,0,239,0
542438,141059867,20,73434153,20,196,90,0,353,0
194434,69998458,20,79283719,20,140,70,0,248,0
587588,66946261,20,49352636,20,44,53,0,177,0
46692,57515143,20,49649567,20,145,70,0,195,0
354983,97187701,20,98183704,20,258,159,0,257,0
1183866,59798231,20,101817548,20,173,127,0,198,0
118619,54100858,20,100509923,20,220,85,0,75,0
22329,87615658,20,89252191,20,324,130,0,182,0
30822,86829070,20,54825806,20,52,58,0,210,0
164030,54364919,20,97752190,20,231,119,0,145,0
41686,53531194,20,44540475,20,72,47,0,91,0
334602,80727642,20,69614008,20,133,55,0,199,0
55144,57751652,20,60882749,20,130,90,0,142,0
300667,78510802,20,78849925,20,227,135,0,229,0
24127,79431855,20,100301171,20,116,74,0,170,0
404435,106135845,20,97329561,20,158,145,0,239,0
908193,56710953,20,93320451,20,230,95,0,223,0
726079,79560428,20,92795290,20,124,89,0,165,0
383767,77274992,20,89885185,20,165,149,0,176,0
342850,92616969,20,73439699,20,275,86,0,206,0
145783,81489236,20,93983782,20,189,138,0,217,0
68365,38958695,20,98839454,20,208,95,0,67,0
22942,64863731,20,67356057,20,227,90,0,127,0
246087,87649643,20,72094238,20,131,104,0,234,0
9838,60039559,20,76041818,20,176,117,0,151,0
121046,77383018,20,141038747,20,338,185,0,211,0
67426,70370164,20,76507851,20,117,62,0,116,0
312856,94263027,20,83036359,20,245,173,0,170,0
100759,72024281,20,69482458,20,121,74,0,151,0
8608,69196277,20,78337477,20,245,151,0,196,0
140047,83975595,20,89668725,20,153,132,0,187,0
544291,74897908,20,80141203,20,214,101,0,184,0
132366,60594068,20,62781831,20,176,83,0,160,0
961397,85229388,20,66979661,20,169,78,0,253,0
247556,61778658,20,69974039,20,223,111,0,194,0
168667,79570243,20,94359752,20,191,131,0,175,0
316381,47397373,20,71079433,20,114,65,0,143,0
157621,62828793,20,80611531,20,160,102,0,201,0
209358,30566924,20,52951125,20,202,74,0,132,0
71972,73731744,20,79669051,20,286,70,0,173,0
125524,45469953,20,85738929,20,210,89,0,114,0
614677,56726560,20,72773949,20,213,89,0,122,0
2969,100234682,20,92970491,20,186,127,0,278,0
11174,96727247,20,115805673,20,218,202,0,218,0
18949,104457385,20,77574878,20,157,126,0,426,0
166778,67461112,20,110942364,20,183,106,0,162,0
555525,78223057,20,82078243,20,142,89,0,135,0
458607,84273131,20,110921606,20,311,169,0,182,0
773704,54015344,20,78206090,20,255,83,0,155,0
238899,121733410,20,70458822,20,212,134,0,336,0
692800,77694108,20,112472307,20,193,189,0,176,0
386498,84417486,20,122267229,20,352,178,0,192,0
19440,82687684,20,66561570,20,157,74,0,203,0
90865,74697896,20,109872900,20,276,215,0,247,0
12058,69699151,20,92070666,20,198,55,0,128,0
183770,82160897,20,90440700,20,236,97,0,197,0
146392,64476002,20,74442727,20,165,78,0,144,0
91025,60112080,20,72200723,20,252,109,0,166,0
580450,77593047,20,71426324,20,158,128,0,169,0
13182,69277766,20,98555472,20,263,130,0,198,0
289667,54981483,20,115779647,20,255,116,0,155,0
161004,50696854,20,72250292,20,162,63,0,111,0
124298,98342138,20,90933572,20,263,135,0,263,0
273755,75013033,20,84868232,20,226,68,0,69,0
439882,73064501,20,104234629,20,185,137,0,207,0
508662,79863819,20,103247220,20,305,141,0,165,0
485291,85095119,20,96066490,20,186,164,0,203,0
207081,86390719,20,86520107,20,284,106,0,267,0
45488,82609597,20,79208968,20,157,135,0,291,0
755380,119301020,20,88202727,20,141,110,0,236,0
233490,70108938,20,83150407,20,113,109,0,217,0
440562,92217828,20,68486515,20,157,87,0,206,0
41891,59610942,20,67738167,20,205,92,0,120,0
205031,67018902,20,87606107,20,206,126,0,146,0
229358,51478345,20,51704131,20,130,57,0,124,0
371495,108857437,20,99477038,20,175,156,0,218,0
282304,66213907,20,90687873,20,212,144,0,144,0
67835,54779587,20,59075394,20,133,89,0,348,0
311560,72623659,20,87051403,20,236,106,0,202,0
594023,101349971,20,106071158,20,408,178,0,270,0
300839,72493004,20,64169435,20,241,88,0,183,0
119381,74621043,20,90752330,20,221,98,0,165,0
279536,60499363,20,106453162,20,184,197,0,170,0
169352,52303367,20,95490390,20,230,105,0,104,0
151336,68143047,20,91558558,20,220,105,0,213,0
512800,82344623,20,94788997,20,169,137,0,159,0
236512,79508970,20,91505965,20,208,138,0,305,0
70019,51756443,20,90277617,20,133,128,0,162,0
234747,60794193,20,83540435,20,250,93,0,79,0
134195,88582535,20,103802301,20,207,170,0,212,0
265408,103310072,20,77794226,20,106,84,0,163,0
80210,83779442,20,65574776,20,188,81,0,195,0
72304,99954961,20,82610099,20,138,98,0,223,0
118997,74173006,20,117340343,20,355,189,0,223,0
11017,79093366,20,83597507,20,185,156,0,191,0
44774,53853827,20,74617383,20,173,112,0,141,0
148670,62670579,20,107222282,20,191,121,0,207,0
3470,76119217,20,140329652,20,289,140,0,125,0
424082,69294520,20,71278892,20,112,77,0,137,0
317247,69084144,20,80130473,20,240,94,0,151,0
251690,69565662,20,78408959,20,176,132,0,186,0
324008,85989998,20,111673417,20,208,127,0,183,0
222338,73640706,20,89085334,20,129,93,0,154,0
134599,81146596,20,53368882,20,152,58,0,179,0
4387,54773548,20,62690309,20,212,88,0,332,0
155659,87097501,20,72899536,20,133,92,0,180,0
437509,65547176,20,65710644,20,113,108,0,164,0
565443,59261121,20,99995594,20,171,224,0,372,0
42758,86239646,20,88232616,20,187,154,0,233,0
439453,74932026,20,76835595,20,171,103,0,172,0
351022,63750941,20,111517036,20,242,113,0,114,0
619470,61177762,20,102800715,20,190,129,0,144,0
623972,70230697,20,90698700,20,258,93,0,243,0
419677,68930962,20,69377068,20,275,77,0,142,0
860155,67813612,20,78844075,20,268,112,0,142,0
780506,117553924,20,122887202,20,262,219,0,433,0
11308,63602308,20,83875481,20,240,123,0,127,0
733813,86947082,20,92231826,20,171,145,0,285,0
333546,61796803,20,88352230,20,212,104,0,186,0
186818,98212811,20,85460159,20,126,125,0,217,0
75173,76823050,20,66084709,20,125,78,0,175,0
669649,69340952,20,90886646,20,271,117,0,136,0
245099,53765675,20,95970799,20,105,143,0,224,0
17346,85475062,20,70468177,20,115,98,0,219,0
1045248,107928775,20,58973669,20,162,140,0,317,0
74488,56924667,20,60006531,20,119,41,0,142,0
88758,43844444,20,102243486,20,220,123,0,126,0
504244,73015725,20,61008330,20,67,53,0,164,0
155855,95543288,20,61662723,20,256,81,0,199,0
40474,77048104,20,48034425,20,83,53,0,151,0
356147,74007850,20,83153312,20,238,95,0,133,0
190352,106815569,20,105073483,20,342,120,0,271,0
271783,71379509,20,99537183,20,207,125,0,109,0
153455,88352501,20,110941959,20,264,168,0,283,0
417487,80271393,20,77144224,20,151,80,0,118,0
356199,86080477,20,71793966,20,123,133,0,155,0
214607,45975448,20,74182801,20,150,134,0,118,0
668518,96021511,20,74003770,20,110,92,0,267,0
63656,86050664,20,63012934,20,200,73,0,296,0
136660,77910520,20,64402282,20,128,82,0,243,0
268072,46812251,20,93806153,20,195,115,0,169,0
611755,60240105,20,110456339,20,189,108,0,113,0
26024,46902971,20,65503740,20,180,100,0,107,0
252054,56329366,20,92914018,20,229,122,0,197,0
334496,71681129,20,85604071,20,231,95,0,220,0
254551,105172020,20,94223979,20,292,154,0,265,0
281656,56561245,20,87949869,20,243,142,0,108,0
389098,37498760,20,67763211,20,256,70,0,170,0
243895,80482849,20,78547099,20,153,109,0,211,0
141218,70894949,20,60691855,20,100,90,0,162,0
20771,61711559,20,77541809,20,152,88,0,107,0
208791,107054414,20,72220603,20,183,127,0,209,0
302606,66540062,20,63373015,20,182,98,0,182,0
448794,62764821,20,66519814,20,149,93,0,234,0
25731,47379397,20,85564950,20,162,107,0,126,0
1008893,75899990,20,134385091,20,340,144,0,164,0
24846,76088507,20,82832510,20,233,147,0,222,0
164956,73374512,20,83528808,20,129,95,0,189,0
305923,56924610,20,92944819,20,212,107,0,155,0
103268,65458216,20,108228969,20,328,186,0,193,0
191055,35453099,20,86165797,20,281,81,0,142,0
14550,63550666,20,58730914,20,167,67,0,133,0
389558,85249172,20,67144552,20,172,97,0,216,0
525409,77278788,20,88387063,20,235,134,0,202,0
53627,54096382,20,69328843,20,141,76,0,125,0
193067,112699218,20,61982867,20,205,108,0,278,0
287040,62271310,20,110303170,20,175,146,0,169,0
434001,55388224,20,81636638,20,95,106,0,117,0
75271,48533311,20,69935174,20,198,79,0,74,0
74631,80904899,20,84279816,20,190,96,0,208,0
541068,39071616,20,79120806,20,134,63,0,123,0
55097,94822902,20,75266504,20,156,134,0,239,0
205389,53758968,20,72118674,20,149,75,0,167,0
243146,73720310,20,93066324,20,212,124,0,150,0
713765,75549262,20,130672356,20,146,167,0,136,0
16445,50823680,20,77216031,20,245,88,0,154,0
195843,68549356,20,51303090,20,236,59,0,191,0
120640,57342212,20,53886322,20,158,63,0,160,0
517463,47954290,20,94332087,20,205,97,0,175,0
262287,53286932,20,47113321,20,136,63,0,182,0
177435,68768769,20,93140827,20,234,64,0,127,0
300399,53632232,20,103384893,20,250,126,0,147,0
794807,70960816,20,118372571,20,396,160,0,176,0
108990,40446388,20,76234331,20,182,91,0,120,0
18620,80946743,20,39054488,20,75,49,0,213,0
305049,86124456,20,77266898,20,137,85,0,187,0
108196,75126734,20,73240050,20,193,114,0,170,0
494405,77881813,20,66597234,20,227,100,0,425,0
46014,100544631,20,78530168,20,142,162,0,280,0
212606,99714594,20,70333341,20,156,119,0,218,0
26939,75418419,20,58439915,20,145,68,0,203,0
432385,62195358,20,63563136,20,80,70,0,248,0
57243,71496013,20,75633356,20,272,106,0,139,0
193035,93034006,20,72670404,20,110,144,0,185,0
121263,55021015,20,48225689,20,62,73,0,212,0
609593,65709788,20,100271003,20,182,146,0,231,0
322826,124450086,20,61823680,20,112,96,0,353,0
338820,74638400,20,78039284,20,107,64,0,135,0
34113,81722829,20,78422602,20,201,105,0,197,0
185279,75416088,20,67184743,20,124,95,0,159,0
72134,101921151,20,71092410,20,130,75,0,232,0
25498,67940758,20,80428313,20,269,136,0,167,0
31830,63340962,20,151790632,20,271,156,0,139,0
740335,80717965,20,63932049,20,227,71,0,139,0
212691,99955054,20,63673891,20,235,96,0,210,0
77636,68109019,20,85037647,20,209,113,0,181,0
661274,94912135,20,85003465,20,175,163,0,173,0
28540,96250046,20,76023834,20,160,98,0,176,0
14570,48930354,20,96673868,20,234,108,0,162,0
959852,93379492,20,68247472,20,150,85,0,306,0
86107,95050475,20,73598092,20,76,75,0,250,0
1159165,44986626,20,123255261,20,274,184,0,106,0
5040,87513742,20,84262062,20,146,114,0,109,0
229607,65959452,20,75186795,20,161,69,0,249,0
102301,53537802,20,65788152,20,206,77,0,173,0
371392,96391642,20,81014965,20,126,136,0,262,0
194213,58067677,20,95772096,20,189,141,0,184,0
252273,60411366,20,71366456,20,143,91,0,139,0
461571,91124891,20,97582398,20,278,142,0,143,0
543863,103945823,20,139366376,20,280,191,0,270,0
42697,70765921,20,64868111,20,113,71,0,125,0
605407,76841209,20,101795703,20,260,120,0,206,0
309456,76136117,20,85810862,20,170,94,0,162,0
69241,62486858,20,90444560,20,162,123,0,155,0
87200,57075883,20,82475351,20,172,77,0,199,0
145775,104149307,20,82091027,20,215,143,0,248,0
605946,75919859,20,68244966,20,207,49,0,213,0
879270,68682673,20,102001253,20,266,146,0,188,0
405953,68536782,20,65863893,20,245,112,0,292,0
18150,51584449,20,93447681,20,148,59,0,106,0
227829,67627941,20,53679187,20,207,66,0,76,0
97034,47932756,20,46809729,20,77,51,0,143,0
411504,114808620,20,96427353,20,359,164,0,357,0
553766,75938655,20,129186936,20,381,189,0,187,0
394984,75243349,20,55751504,20,159,61,0,178,0
66369,45560143,20,53514614,20,195,68,0,113,0
43439,60750478,20,69862384,20,67,63,0,123,0
511359,59978600,20,89161436,20,239,76,0,104,0
323249,84900031,20,67543412,20,128,118,0,201,0
98332,83724518,20,72569371,20,152,96,0,292,0
613048,61757552,20,70684214,20,207,71,0,104,0
200521,77317477,20,99608162,20,296,89,0,134,0
218262,72824430,20,73958025,20,196,120,0,258,0
719960,62407365,20,63429832,20,103,81,0,127,0
28818,64577993,20,76927991,20,220,81,0,152,0
268645,92814132,20,67135913,20,221,80,0,172,0
95684,63864240,20,93680485,20,221,64,0,176,0
887499,83573938,20,107535919,20,265,183,0,233,0
676753,103990139,20,65266426,20,142,79,0,183,0
69710,64461320,20,75317164,20,154,78,0,202,0
564797,89030932,20,94970137,20,291,146,0,241,0
94071,73002878,20,56372679,20,115,82,0,192,0
19098,65031159,20,77866716,20,131,93,0,123,0
1087863,68302774,20,100240465,20,267,72,0,226,0
472685,93972347,20,106152657,20,154,82,0,176,0
528327,110079374,20,94774539,20,311,141,0,312,0
173284,53644648,20,78937166,20,127,137,0,219,0
143902,43457251,20,81457490,20,216,92,0,109,0
78840,72092413,20,45818623,20,111,71,0,207,0
481479,59358032,20,78468080,20,176,103,0,161,0
266452,69036971,20,63534375,20,109,82,0,116,0
202495,66121882,20,95896849,20,270,134,0,240,0
78029,88232916,20,71429162,20,147,93,0,260,0
164697,46636633,20,117826408,20,271,116,0,98,0
573542,59329127,20,84654655,20,129,79,0,166,0
406249,82443676,20,94215930,20,222,122,0,159,0
70219,87233489,20,92878332,20,177,135,0,177,0
47845,43279479,20,70687449,20,119,93,0,110,0
141703,65303908,20,86290951,20,127,80,0,154,0
72832,50209986,20,107986536,20,299,129,0,107,0
32545,75864990,20,50226583,20,206,68,0,163,0
7437,59905733,20,149240197,20,160,187,0,107,0
231113,69072101,20,79232011,20,142,105,0,190,0
1004484,74233380,20,105675207,20,235,173,0,184,0
252799,72151634,20,102624751,20,259,110,0,188,0
265910,93837277,20,103343752,20,118,144,0,240,0
730688,49722928,20,91802614,20,204,94,0,145,0
362560,58832150,20,75584473,20,144,99,0,127,0
121706,56965606,20,132321832,20,285,152,0,252,0
70710,106931568,20,65152784,20,152,77,0,230,0
100974,67019853,20,72245824,20,238,63,0,126,0
524145,81519216,20,92890614,20,115,96,0,211,0
122255,81867812,20,80289020,20,129,118,0,280,0
330345,58040720,20,78061780,20,204,78,0,96,0
485411,82996012,20,72348224,20,106,116,0,190,0
25389,78876862,20,70801428,20,225,121,0,207,0
170957,73894516,20,106493152,20,260,121,0,184,0
21253,77556668,20,77881788,20,172,127,0,247,0
313375,83718616,20,70838678,20,169,104,0,212,0
419944,80817244,20,99767877,20,235,112,0,236,0
61161,48951255,20,85267796,20,240,98,0,185,0
44030,77199669,20,85248450,20,152,104,0,244,0
246376,44211573,20,102538156,20,198,157,0,163,0
303011,88536137,20,80323092,20,209,85,0,216,0
273236,77611132,20,109286484,20,213,126,0,213,0
244979,57836845,20,105510515,20,197,128,0,139,0
166024,48824463,20,124250751,20,278,138,0,116,0
350397,47664987,20,93982466,20,105,95,0,186,0
198265,108207361,20,65508158,20,177,90,0,321,0
59691,71870545,20,84615430,20,198,94,0,181,0
278237,73731211,20,92116854,20,159,126,0,229,0
473494,79280094,20,103747370,20,308,97,0,225,0
379277,109588764,20,123548583,20,269,238,0,223,0
134085,56149300,20,107384458,20,254,110,0,131,0
752205,83586675,20,59816999,20,101,102,0,242,0
306889,63029309,20,102293779,20,138,110,0,88,0
168244,92452081,20,96988860,20,167,119,0,176,0
204889,55150208,20,89017422,20,178,110,0,134,0
208739,44952855,20,88995933,20,304,104,0,106,0
414565,53293053,20,75062194,20,239,94,0,158,0
122225,70595809,20,80447720,20,205,92,0,259,0
261324,51004499,20,116898348,20,270,143,0,71,0
122741,50616718,20,82198280,20,213,93,0,212,0
397563,81050693,20,103188164,20,272,109,0,219,0
166551,56100407,20,62416502,20,150,134,0,181,0
394510,61650286,20,113558612,20,328,158,0,165,0
123163,72722274,20,63678272,20,278,80,0,172,0
3869,73198453,20,59313492,20,183,80,0,245,0
227565,68141252,20,62783162,20,158,80,0,137,0
258715,83591684,20,73815698,20,193,97,0,229,0
172783,88030104,20,60507152,20,178,60,0,225,0
6869,68238616,20,56801666,20,97,61,0,99,0
186481,79874490,20,91221307,20,182,144,0,222,0
347662,65774769,20,107000550,20,294,135,0,184,0
31722,96232710,20,86786458,20,258,96,0,223,0
400968,83456093,20,54758126,20,127,89,0,241,0
1069980,34662954,20,123308911,20,192,135,0,71,0
230338,40913873,20,81456119,20,140,77,0,75,0
240770,77153034,20,94554917,20,226,162,0,236,0
17462,64915944,20,99612807,20,218,119,0,167,0
75904,63185383,20,70426138,20,128,123,0,236,0
255595,59730465,20,55371264,20,203,93,0,158,0
194572,43035497,20,66099531,20,140,60,0,103,0
311114,67776917,20,102514069,20,221,155,0,251,0
412669,59280062,20,81872950,20,286,89,0,152,0
142709,68305494,20,98494805,20,254,158,0,230,0
30185,61105507,20,78418963,20,206,142,0,199,0
190761,56777082,20,68704753,20,209,119,0,111,0
111592,111835766,20,58605871,20,117,63,0,270,0
191542,63081123,20,79066306,20,115,101,0,153,0
232556,96969295,20,76567862,20,331,154,0,212,0
224423,66041530,20,105789566,20,329,169,0,221,0
276491,52091751,20,57569134,20,119,59,0,172,0
129536,76051187,20,92846779,20,244,126,0,210,0
519870,49202372,20,101471787,20,269,147,0,153,0
268216,86750562,20,91312521,20,206,121,0,318,0
561780,52840059,20,102345248,20,194,135,0,147,0
604568,95925164,20,88790214,20,158,110,0,268,0
548882,62704746,20,108084117,20,170,123,0,135,0
640939,93860103,20,101706130,20,223,141,0,271,0
219563,88865699,20,73740786,20,152,111,0,222,0
282063,84133339,20,81699134,20,201,104,0,173,0
118359,60574914,20,78223163,20,164,94,0,218,0
831583,46512776,20,125610523,20,202,223,0,149,0
337588,55968806,20,85944796,20,246,90,0,119,0
432133,78992262,20,101019904,20,256,145,0,228,0
348699,55446758,20,72932769,20,157,111,0,97,0
859275,77828706,20,84011047,20,184,97,0,145,0
260835,61275468,20,62868290,20,124,101,0,200,0
92956,81605239,20,46942985,20,150,55,0,187,0
56466,97394041,20,84725641,20,219,68,0,167,0
847709,64143436,20,71960014,20,249,86,0,165,0
165453,57229975,20,49327715,20,108,70,0,169,0
71842,49519990,20,87352359,20,319,88,0,118,0
254080,67275351,20,69659902,20,150,76,0,211,0
92238,78560555,20,98229261,20,244,196,0,237,0
377325,50572440,20,84655981,20,194,85,0,222,0
1221203,86371814,20,82480437,20,190,151,0,292,0
10191,73343121,20,66750221,20,186,98,0,223,0
64750,76380240,20,76789331,20,186,63,0,177,0
106291,61912448,20,54727892,20,124,56,0,162,0
131317,70358559,20,45990428,20,142,75,0,231,0
22950,60431336,20,80404041,20,152,84,0,254,0
75014,56549936,20,127967987,20,392,133,0,123,0
660165,73664496,20,117173485,20,174,188,0,176,0
97897,65857456,20,60385580,20,121,89,0,160,0
473445,85206544,20,66152384,20,179,90,0,318,0
300221,68954318,20,101101990,20,379,173,0,132,0
136080,78175165,20,62445368,20,58,85,0,238,0
800788,72319882,20,61991604,20,154,74,0,196,0
137825,71935432,20,76689540,20,301,89,0,277,0
511809,46778394,20,61490361,20,160,55,0,110,0
868522,43766027,20,88338990,20,130,103,0,110,0
440670,74123358,20,90355855,20,115,127,0,224,0
460212,110123123,20,79379931,20,202,163,0,376,0
99136,71217345,20,79032147,20,288,92,0,142,0
161100,90405445,20,55828299,20,134,63,0,228,0
129885,63315595,20,62697520,20,167,98,0,205,0
153447,68212545,20,88417300,20,221,133,0,192,0
285714,98499465,20,83548519,20,236,110,0,256,0
218741,98397154,20,48228585,20,164,98,0,308,0
100688,57589965,20,80993765,20,199,95,0,150,0
55653,68959361,20,61445490,20,117,95,0,208,0
92454,63624725,20,111925300,20,198,104,0,152,0
201408,109038961,20,76135633,20,117,84,0,261,0
365917,64839846,20,84309358,20,141,79,0,131,0
39829,79312398,20,68986710,20,152,76,0,209,0
10754,88444655,20,75993588,20,242,132,0,190,0
142087,59629655,20,73870833,20,199,126,0,121,0
611761,73103573,20,84131391,20,271,98,0,157,0
24684,58769621,20,94834946,20,157,135,0,133,0
583509,95537891,20,67013164,20,122,91,0,215,0
101630,42853454,20,63125733,20,118,74,0,104,0
157901,88015998,20,57334185,20,105,79,0,372,0
590232,80961813,20,59845325,20,128,92,0,224,0
146108,62251896,20,91840717,20,210,104,0,115,0
460911,46713553,20,99311250,20,241,81,0,115,0
240702,67252696,20,74351218,20,166,116,0,146,0
236714,68986531,20,89283182,20,175,90,0,144,0
91422,58257872,20,87769738,20,190,104,0,118,0
25946,91395000,20,89960572,20,104,103,0,191,0
115636,66738272,20,85140063,20,200,116,0,142,0
352449,78968560,20,77570260,20,144,108,0,180,0
26316,55908730,20,70017835,20,189,67,0,144,0
905856,85260971,20,78375513,20,170,153,0,244,0
690398,96858631,20,80675159,20,215,129,0,197,0
410458,108884602,20,83767238,20,169,128,0,258,0
186776,106311077,20,60796891,20,137,112,0,275,0
68353,78371447,20,100664205,20,193,122,0,149,0
58479,93493784,20,77898638,20,224,132,0,223,0
319895,87420070,20,78486347,20,155,112,0,247,0
431336,71389061,20,84453397,20,200,113,0,134,0
592202,66803010,20,92851562,20,273,80,0,176,0
329703,90835485,20,76546790,20,198,184,0,180,0
146816,63558091,20,58927211,20,178,61,0,208,0
846951,69011635,20,90120998,20,180,133,0,175,0
503937,29715814,20,115521677,20,262,84,0,130,0
528732,75007325,20,54333335,20,229,113,0,225,0
38745,58058125,20,85698260,20,343,103,0,120,0
44512,92159177,20,73036188,20,140,98,0,178,0
117230,63372775,20,78384632,20,79,98,0,129,0
25873,66714203,20,88412875,20,251,110,0,216,0
81335,85844403,20,46410046,20,53,79,0,214,0
200634,60190250,20,66631659,20,282,98,0,183,0
317937,69964213,20,70837980,20,275,90,0,143,0
9392,80110089,20,62616496,20,192,84,0,151,0
63636,93566803,20,76062374,20,179,114,0,205,0
44118,63939299,20,78926241,20,133,77,0,146,0
281626,63247664,20,53422501,20,146,70,0,126,0
551822,60186679,20,88183727,20,205,164,0,174,0
12000,60197267,20,97793571,20,141,147,0,156,0
1176053,70319088,20,104125728,20,243,124,0,152,0
167250,79653339,20,68184112,20,180,92,0,131,0
102468,79486578,20,74465180,20,225,83,0,206,0
194729,75256291,20,104331858,20,236,129,0,180,0
150466,58723898,20,66406647,20,129,82,0,163,0
216722,65992600,20,102607914,20,284,104,0,129,0
220720,69316373,20,91086629,20,133,131,0,253,0
13255,66994489,20,72815135,20,174,96,0,202,0
79042,57837675,20,85409970,20,270,92,0,135,0
422070,64974670,20,83315774,20,162,149,0,154,0
359636,54473384,20,97015779,20,274,117,0,131,0
32527,93293637,20,72620673,20,179,110,0,205,0
68741,84380746,20,73276109,20,124,107,0,191,0
49326,60884557,20,54068826,20,173,85,0,131,0
197798,88792106,20,102252166,20,247,134,0,159,0
521497,60027454,20,85182792,20,263,151,0,123,0
10000,67570443,20,105175031,20,371,151,0,208,0
20224,81102542,20,96701079,20,311,150,0,205,0
294944,74695624,20,97212562,20,286,117,0,218,0
148256,59477268,20,73797612,20,202,75,0,126,0
729983,95423959,20,73782996,20,166,127,0,252,0
760845,88138046,20,91863977,20,193,102,0,157,0
241136,83632926,20,101605771,20,268,161,0,209,0
48252,82332643,20,77897326,20,141,133,0,188,0
25072,50467157,20,110779902,20,242,80,0,91,0
673605,59886201,20,77501530,20,182,63,0,155,0
299325,78861658,20,79724995,20,282,120,0,212,0
5641,104647320,20,72197928,20,121,93,0,265,0
464879,66700190,20,98630879,20,160,123,0,139,0
305953,92776536,20,84062548,20,201,100,0,313,0
805829,80720370,20,99999619,20,283,106,0,188,0
228580,62476638,20,81333340,20,208,103,0,156,0
253895,76228575,20,85339480,20,226,152,0,123,0
175327,67825633,20,67028842,20,194,80,0,187,0
121610,86892528,20,87968723,20,214,98,0,231,0
219707,72882918,20,81651828,20,89,137,0,248,0
591257,56757575,20,83748715,20,230,111,0,136,0
158592,38790503,20,76703694,20,182,78,0,85,0
534301,87487321,20,71000702,20,199,105,0,209,0
190557,60660918,20,96501275,20,302,123,0,162,0
803109,101968248,20,65455370,20,82,87,0,241,0
165814,68800687,20,79408181,20,195,104,0,159,0
395384,105508825,20,101014324,20,271,144,0,195,0
678617,60929685,20,86612501,20,113,166,0,158,0
570672,85725304,20,122710178,20,282,144,0,227,0
27665,66430832,20,78019625,20,148,128,0,146,0
166133,68316215,20,71436831,20,77,71,0,185,0
18100,55561655,20,81399726,20,153,71,0,145,0
617468,51013208,20,100985029,20,204,107,0,132,0
817426,84126026,20,138332801,20,382,195,0,293,0
645122,70947609,20,89907509,20,187,164,0,215,0
1119762,66511080,20,76248397,20,186,121,0,164,0
692214,88212173,20,96712016,20,236,164,0,262,0
284007,37421133,20,90817043,20,173,78,0,134,0
229266,51182859,20,71092444,20,153,76,0,225,0
14102,57327223,20,84434966,20,134,100,0,102,0
151000,43803672,20,96643348,20,227,117,0,130,0
1120975,59500493,20,103104340,20,255,133,0,105,0
327574,75740947,20,81691250,20,270,62,0,95,0
139147,78232488,20,67647758,20,186,81,0,172,0
416005,88584866,20,115474287,20,215,170,0,295,0
443598,51603753,20,84575131,20,215,108,0,132,0
228362,112661136,20,98447921,20,193,170,0,271,0
190674,90241458,20,86888874,20,146,151,0,216,0
275668,58769815,20,97957007,20,206,106,0,155,0
458709,76051486,20,69532729,20,90,61,0,153,0
