109355
104773
24396
37078
189360
68166
112115
37562
290681
16162
35507
67050
15906
344710
235036
215586
121140
31744
221465
3084
16618
293412
215684
24882
49657
27344
81681
33735
103055
79692
29558
171538
76829
30483
1604
9482
286417
34671
39843
133582
86641
74346
30578
147183
43418
1835
1643
115805
317039
45074
45161
68148
80553
77952
165804
15102
52916
44304
4337
155239
62257
121293
247003
34212
66831
5602
23265
195103
29769
303013
260141
10392
5463
306207
277602
37326
126601
265787
179732
3891
163939
97185
80893
23713
493944
73609
6615
173776
177325
116455
1948
249678
564621
25237
112431
43021
36588
187198
186352
32465
39837
37678
75462
33194
148627
48543
112388
40674
111636
87583
48759
101621
216909
115654
5623
116529
87630
427484
91722
92448
191020
51405
187339
127304
15718
26048
217332
17811
30449
10052
42590
135831
20406
23077
300295
368730
39502
40255
66069
63095
141232
18415
12473
146079
259379
237664
53749
32813
136016
13996
155350
149150
172411
123347
10625
1132
7531
129979
20382
68493
50158
113453
69960
125399
54232
131467
75980
24974
160233
42236
45651
83418
207282
18075
16198
62144
32081
29855
173922
113146
8787
20870
22269
60207
178504
92103
28434
2064
115072
38138
116337
99990
41485
533267
39604
211111
101669
19496
184555
112331
56742
117317
226563
443917
22278
123081
4398
3655
199325
107893
67957
60753
339090
173264
368592
222243
112075
332085
89680
66786
6035
11438
49803
53064
324029
2415
52084
3363
17134
73763
60086
271235
19876
42408
47742
121382
20595
32832
21724
107362
135877
5389
17478
215089
105514
105896
339807
155469
241998
136369
48611
44040
210853
74813
6898
67783
52133
89751
56602
197388
141921
2622
157127
2594
59500
9895
294168
121271
51976
3394
102880
148479
23364
45543
39173
156228
447455
45363
70299
21598
23953
1621
57593
3176
174012
89684
62995
66289
9466
99110
24879
69405
82745
146098
13361
789
154331
1529
6953
263292
302828
147008
176366
262550
32590
37580
11428
37135
48956
5672
214800
33159
8742
268089
126849
51216
4021
98480
4418
87895
18349
148022
173079
107070
2073
9270
230730
200086
245801
4354
15139
45853
12873
239655
27316
38300
200652
225173
157276
63700
19319
40179
2010
298132
16718
61522
139604
326940
65722
8558
110572
136468
53484
43361
107597
91278
2320
29762
51967
198696
103160
3106
240262
109887
12631
294591
94645
161115
23845
35997
35454
51374
25238
251604
55646
67637
35488
51730
148715
5731
26376
36355
277035
334362
55691
20853
86790
112842
11534
49840
5935
68472
48887
185722
66540
69607
34574
5240
23726
11114
105276
289225
2694
78928
45000
199544
117482
99402
298623
158208
114819
153229
5112
30752
154753
147793
95287
40696
228513
5104
86819
3893
50376
43536
62504
5000
84775
50638
188353
168060
209358
28402
172910
134407
4630
106679
92998
30215
39466
66605
152602
176587
200961
106506
27447
113068
152486
160783
52676
6707
9663
148517
102607
163710
86554
85113
46372
48884
20393
348146
55286
200496
30675
215452
6420
196788
223050
76802
160136
644
170315
37771
36646
15609
170478
167720
5747
190549
32559
12195
14424
100887
88938
52362
34372
200398
377791
77240
160626
139778
81439
146233
79494
66628
60072
243707
4539
109955
88370
7805
104475
195353
71042
46392
141963
66184
5609
127802
93650
45578
89450
36665
55708
68115
35475
58820
362400
358131
37235
214831
84683
91165
129112
224732
181228
21434
5788
131828
82277
118614
19321
63818
2666
155599
38310
43738
166130
42632
211825
87218
73755
164116
153205
108381
9569
201022
82916
23292
47280
127548
146968
2719
55920
239354
201284
9742
39691
10261
109485
252520
18492
57527
129347
59106
16337
55258
77713
38014
41606
236056
3761
34578
117570
389555
27750
108652
34546
280319
13928
133987
37959
88460
82273
77815
24243
16469
1554
25584
160503
1449
7838
166139
7454
120697
35720
164217
2730
22925
74233
327322
43543
146684
46488
274908
10775
105490
7834
55985
201139
14940
84523
352104
81382
9000
47280
119148
54388
229302
136421
113915
4818
287590
204847
2652
45436
128911
4275
125470
27875
67378
121216
8857
49505
15810
108221
57355
5436
64016
2639
2845
124020
97597
169722
76969
89035
6417
138148
115110
81198
2972
118437
15863
114188
47657
106708
142289
19979
69715
7987
92196
163396
107662
84675
115245
57245
93533
31736
4519
15554
13524
177063
270168
2381
56284
30429
32643
224783
31283
32151
78355
273994
84007
54935
82072
88786
72138
26256
169738
39002
30374
32580
75609
191747
120610
109613
52045
319706
13728
34981
133838
112895
200353
279026
28620
46261
145106
117591
179251
122964
51387
136969
39419
371596
9789
16440
92302
120317
105884
4670
83457
119667
102694
50979
6817
40530
94979
26512
335104
45527
59512
267906
48180
2214
266212
146551
10312
59360
75111
346875
48714
49397
25717
45787
339216
161007
28445
102116
1043
269958
61559
160256
76280
70835
13765
139820
50103
245314
38319
5590
381723
64435
64615
83991
71743
33643
202203
117125
148514
322399
39193
10893
49203
165896
35384
86037
316459
97632
36278
50878
106491
39181
40906
153181
19065
29455
133441
36125
7339
124231
44354
112129
261109
118543
80402
32632
20673
88118
38812
192675
11283
67866
60886
55711
67821
27323
31145
14459
333848
52893
257314
49686
48577
79421
99227
223595
112517
112930
39446
159227
52980
192023
63864
112382
48960
34692
170351
30163
149120
128734
28294
62548
55846
278224
13079
176130
32872
4210
181616
76826
152878
284645
21519
50245
113461
187927
201184
75222
50019
130193
133548
18755
1677
57284
119244
266842
12992
155075
9646
5509
59474
119938
11650
19831
259567
71874
181323
50854
47062
172848
316511
57529
201092
132960
215472
90110
129216
68939
132312
73565
40501
46740
36847
8407
53826
40745
16415
95367
32957
43354
2894
177383
43879
43816
73143
244329
17625
12473
1309
59974
32780
30968
219362
23282
277059
167945
6133
31632
146246
52368
52289
108556
292844
216682
180458
7211
24225
100861
147279
215332
2743
40639
56416
46323
8914
92222
63948
118103
104157
257398
76027
25988
92604
161468
17987
57522
21721
77763
85492
99476
140013
77128
169503
330719
158497
47930
19422
36597
2071
34471
21943
17164
54100
25820
89701
2787
79648
276433
251462
178315
68656
226556
170207
18684
78722
92667
345036
52759
28087
42701
65521
192353
124255
168505
44375
168169
39019
60210
4006
120386
137880
3613
36663
24404
159239
7410
3651
32858
166031
64348
41959
74084
149719
97665
2419
41509
21521
142271
70363
18196
155685
