24999999
1284050
2636956
7767940
6483221
5378086
5193937
20299142
1251666
86722
3136994
6432064
12844888
12319087
11669024
7293607
4913482
4423374
5504643
2551521
5773595
19702160
15373707
5017169
5809271
4020939
7110542
3268704
22605401
4479650
3005273
9730999
2725441
3637173
7764781
6098234
1729741
7787201
7953213
5560232
7695215
9275260
6088560
4131262
9832631
4549103
1611378
1321418
3443263
14382105
16428870
9342276
14051689
4513036
6022466
6781867
2577365
2837307
9640004
7435901
2683450
1185943
891700
5428942
3860333
3517187
7187921
9146077
11359283
2529002
3008517
3664794
916268
6121492
8359024
7792374
1698585
8245983
2512870
2731547
7715083
1146948
4340809
24206780
9788019
1807930
2540794
4444001
3343014
7834550
1400070
5551068
7712773
8373224
21633799
19141684
5818946
1262719
6694041
1325414
2761503
8254629
6842034
8278934
4657177
6161745
5281065
1611408
3668024
3084432
3864378
17992944
5425966
1143672
2366352
3945529
9625232
10142245
5638537
8934700
23151009
2956859
2887204
751021
11412503
24999999
14270007
11001938
3996123
1021715
4410504
10832841
10695721
2049313
15088286
10469420
9512485
3604465
8706258
5857490
3974718
6542303
3548397
5442598
9304213
16089780
2341778
3011665
2231668
10897806
6605823
4399265
2764344
6968690
2940485
2424948
14837628
11508720
6225281
3308780
21247134
8692767
9827237
3677091
4179892
1866417
12840744
5582737
5768400
14989776
7280993
9258448
14743623
3245131
4898832
4944466
4650011
5710958
6169883
7797011
1125986
286233
4296191
6802821
2888064
7217758
1432286
743857
4038515
3525769
2232327
19364488
1245008
2974855
24999999
7845584
2393181
1429479
11410027
20765463
9497277
3326369
2791390
1708580
341493
5263458
2147354
3533102
8681712
15392530
3927447
713959
11856104
7132640
1721589
2355009
7158550
3101067
6873956
13416184
7022994
6238510
3445285
2521659
1107317
7175731
15013226
6621034
4491564
8638067
4785996
7133168
9321211
6215567
1138063
178835
8343103
23122571
1693079
3558493
5423395
2296769
7097311
10776600
4815135
5421855
7654063
5225149
2312776
5859679
4534035
1934921
1189206
5996407
12609404
2133196
1459001
9936061
17215755
9721147
3011735
9697137
3029676
4772524
10073715
11675762
475162
3180360
3169722
10671191
1054919
8379968
19883717
3863818
6576848
4879612
7970191
15011424
1370594
1584814
5247199
3982065
239435
14564078
10817120
1967524
4220786
9306301
12155132
8318887
45912
11227220
17900681
3941416
10098066
9339514
3926121
7696574
8530371
14647383
2855426
9659289
5393152
8118458
11137815
8186140
9674658
862001
3990551
11449776
4786239
11538702
15313013
5065605
9116244
12905000
4751078
8920857
1459333
3976043
4767036
5570480
18801102
20014798
3170338
3043435
10868409
4462282
14407660
19548665
585966
11510603
24999999
16687024
4258056
2861675
5935894
6031170
10390928
6734945
11358888
9589892
910685
11635016
11730200
8633579
10656282
9891265
10067227
4910764
7346495
3175386
3701273
4573025
6356178
4914453
8108566
10842061
3776091
4278248
2566116
5540564
23100056
5909700
4345160
9785464
5016107
4896445
499684
2731162
3183973
2550381
4152298
10468499
14885995
3301580
15459876
2184501
6739424
9379879
3442834
3142411
3727378
9817031
1797857
11481395
10230872
4078078
17059975
10512927
1228717
11515186
9373354
1910481
2059655
2271431
1425881
5977749
5269158
10937623
2041059
7387388
9365196
1892691
5914275
5031807
7602584
2158723
2603921
8994031
21112863
4897171
11004147
7866749
266812
16811688
11045664
4122661
24999999
4618539
6891369
3417474
11722513
910913
12760387
7626698
7525441
17312754
556626
6706617
4351614
13280346
2392308
22488410
927003
5825367
6614492
16255155
11116303
8954493
10241720
18353419
8836630
10010389
11553830
7893633
6314651
7670607
1378665
6837487
4425669
2957878
7327896
8309194
2290108
10145138
15727687
3026185
3490960
12620766
933364
2637292
9963109
1410121
4230732
9490099
5217602
9576732
13606204
8837350
7782544
1112679
14426673
7449599
9839933
3977199
7320225
15409453
8060688
6852118
7048935
12298646
5242858
2286634
2832193
2416220
8763413
12801455
14171039
13288451
5873805
2901545
7291761
23622380
9692603
1100720
1256092
7557415
15965548
14957383
9318298
6291052
6754689
5221130
10382820
1413167
4346834
4801916
14093915
2434881
10055300
11831755
3809550
4598651
4005672
7065393
1251001
4456499
6566694
9816135
1633117
4966045
665246
2866882
7167748
5114125
992902
2530730
4615621
6673016
12138697
989418
2366912
4783375
1982276
8998445
6902166
10934483
7494918
3567661
4448053
2274855
18385272
1019944
11339698
4821990
4298875
5271358
11134236
3874941
5751431
8526035
9425395
5775076
5693930
9961120
2861771
5880222
14100609
15815976
8966990
10502636
4436674
9819895
16805427
3527639
15741480
3183185
3954204
3510346
8314859
7841691
871771
9243988
4480587
18666683
24731426
13168346
4067239
10875590
15244554
6428188
14889734
4629111
16728800
4829875
2948554
5863731
7964949
5134906
14927565
2905788
8702502
7458300
3550497
5968537
3394822
20691328
4869198
4092212
7286114
7292859
1235240
5814447
9039891
1097170
9160138
7982845
879442
4798875
1693094
1714454
2658810
248280
3177964
4237601
2211196
5178711
739863
12975953
1843158
790303
5267346
8300966
6138315
4915750
5392614
6907264
13296528
5470812
6503930
247807
3264061
1521238
14885854
16242700
24999999
23862791
6424340
6785806
6523998
8828395
11333799
4136237
6709617
2710226
10041511
3391360
11576551
10307894
16590296
9407026
5472646
6590153
4611287
5477468
781281
2115307
4442858
9266777
7860393
2909891
2014012
5300197
2145795
5517565
8756984
1833571
19978557
1219153
9325500
15342592
2700995
9190507
5672105
5594847
14321225
9433487
848541
1475506
8008134
2935062
6748624
745282
4729159
3420100
5355003
24999999
10678315
18324277
6149294
5359732
10675839
2867662
2754096
12329479
8615921
5052114
8087442
1628226
15744587
1181436
8495923
13898329
8467360
22032778
7323575
2700197
7123558
9894803
6169735
1407095
13878615
5177112
733767
13625390
16104515
8460838
3040409
3573958
11921710
5190095
3574744
1485424
2898346
5376935
9384947
8125419
3263473
24999999
6425511
9986181
3189829
9181216
658837
2799576
8740082
826246
2935076
7345612
3646156
3418851
4845205
2479598
11833818
15318867
13637662
867535
5951961
24999999
9222212
13781150
9762162
5918812
10653812
983648
4824472
1345248
2199632
12328277
6012882
7121814
2858686
1597964
24706603
8605325
5987903
6086712
16565123
9076446
1278575
20103800
2096613
2914051
6210926
5197471
6389287
1190256
7117947
24999999
1113684
13719381
3042651
2179404
7824508
13218762
1046549
10379050
5490541
1424356
1594804
8366452
3861367
14454491
5838863
8512765
1710422
14304581
9017671
2340688
10921029
23032931
6236972
8408880
10433510
3560150
18613342
12196301
1668463
4286868
9749440
7292799
6083126
6448597
5196600
9687228
6916146
10156305
12196608
4166175
8317387
468762
1488712
13159499
5524731
1781242
8505855
11953834
15773984
3940419
20274625
2735073
12533867
4734189
14161609
6364086
9671535
14853182
7972497
827673
10481451
4564810
6254952
2576973
24999999
3806102
5287132
3450687
6748394
12969434
4668979
9099058
6480844
729924
3672209
2060788
3471276
9455155
20229846
14243684
10492227
6903994
10927342
5489511
3478121
20462686
4771129
11551916
7770051
4017414
2058002
2863250
7987356
8342162
4434295
1520147
2354931
10925475
19620922
9582573
4586469
2692903
15246534
4439657
8112890
6266904
11437506
8828246
2547600
2853885
19486693
1240012
5890690
4749404
4173226
958335
9158877
11926837
7410639
4482936
3638381
2872715
21138616
4571716
16204817
12152530
5741453
9067536
5184464
9974748
8389352
2452683
1337784
9847224
15088520
6428305
12853442
9511788
4492844
9897421
8912830
19855190
4556296
3248930
13032152
3454265
3615337
21292630
5467817
6615235
6012869
9017395
6229746
16416101
9243436
5095405
1688497
5291860
11319657
5240051
2568426
15167431
2341999
11840820
20557623
2366938
2447120
17685704
3261049
1996070
13215858
6012838
2152353
851304
9584893
24730239
14421865
22289909
8426127
1059284
5371330
4710595
5175879
2137488
3983693
3140624
11912219
3853611
7501131
3166868
24999999
3119033
11179371
24999999
2269677
8551253
15003366
5412311
4986788
6787085
9333401
2689884
7947671
13947104
5792941
4266828
4435116
19446803
4019209
3259901
4158697
18102510
10380712
13311040
5131845
10951534
2975489
97987
8529154
14481210
