7905
803
5611
744
15873
4764
1143
461
1847
3625
26137
21488
294
909
393
1795
1838
9870
390
533
2758
14816
2877
4048
3013
10206
26399
526
1617
16206
4707
457
3729
21526
4704
3359
5783
831
379
1871
829
1010
6503
574
2094
647
2664
4763
3487
9878
642
21813
5641
534
926
3362
8189
20242
10839
4549
615
5301
5758
10772
5635
608
7526
821
1901
28132
8801
1814
2553
4618
938
4235
10160
5882
3975
7125
1248
15190
32727
15922
905
5455
2299
1046
17989
10195
6199
439
438
1153
1270
10585
1622
7966
2084
15823
1442
5604
5423
11012
6855
644
645
2791
13214
54244
6721
5464
5037
975
15335
1397
5448
979
2163
721
6568
1803
9490
549
812
5099
1343
1598
676
1089
14301
5929
898
229
3198
7960
4463
4198
2681
207
266
805
3427
1265
2681
1505
3731
712
1496
6604
1494
7474
750
1158
5005
585
7079
23454
1343
2151
1296
19560
503
1366
477
4524
6111
17197
15846
3177
33294
8975
943
13257
10558
6880
2326
2853
970
8361
12792
6962
3534
3883
2252
23201
1513
14471
3621
1485
2170
1272
18259
15823
1502
16854
595
433
2635
1666
4403
5534
472
2982
2537
3180
4433
2482
8539
1121
912
528
7541
2108
14674
27924
5054
8309
855
868
6213
5393
1818
25157
1423
3853
1651
6583
2070
13172
9892
4678
683
664
598
14368
11693
2467
1071
14916
18744
9889
580
789
911
504
1424
14631
9516
1082
3371
722
14112
17602
1736
6625
14928
884
5026
4754
10398
19673
11822
3344
7339
1334
15898
11682
8670
33119
6375
4122
11340
1931
6086
13477
1598
3867
10236
661
5601
516
12951
7862
19501
24195
1307
16037
10766
5043
17204
27694
24489
3555
1621
917
13920
9459
31091
6821
5494
316
197
4435
3920
6649
9099
3754
10500
32941
10677
20309
1268
2303
372
412
7281
5915
8027
299
7735
446
5576
961
22072
5650
2057
7195
1313
12839
1678
2733
7222
14893
1162
5315
11012
6723
12751
1811
736
4822
4619
22950
661
995
1902
9469
3348
18520
6593
3223
2767
1123
4999
660
1255
9074
489
1430
1603
420
1661
638
3692
4904
14717
6975
1761
1602
14127
388
811
2913
8000
811
2660
877
10034
7988
38857
13659
20216
6393
8066
26114
8619
550
4752
875
10000
367
12702
890
53025
4090
2190
785
1870
2325
471
1456
5094
365
2391
5679
787
1927
3237
7264
1272
1144
832
2411
1481
2147
2269
700
9008
25711
7897
623
5718
3214
857
2334
9535
1750
820
8196
5187
4163
626
901
47624
2910
7438
1112
14443
1033
776
1064
834
2813
9325
3617
1685
2025
7587
11323
29215
3062
2677
3992
4063
13627
12550
4785
12018
1035
552
1643
274
1449
3339
4993
7442
21473
634
1030
12419
1950
247
13597
5956
1792
15129
5243
1590
753
8843
943
1204
24509
3278
13031
277
588
338
35831
6457
9796
6240
6260
386
3570
6172
3104
986
10707
5593
11337
7349
26028
1485
529
1411
835
980
8419
744
934
1294
3894
16430
582
29701
2732
10623
1709
1877
1705
23681
19001
12941
4772
14370
421
3720
4022
4122
1461
2966
1254
27927
1953
2139
5004
7474
1161
7614
4595
31635
3856
9728
24328
3744
3762
4516
310
1347
4775
2183
17027
11122
15473
21670
10572
3321
755
27848
2604
3222
13120
23255
7373
985
728
12689
2392
38825
679
337
16837
1432
5954
363
1243
326
427
20794
348
6870
18896
1766
2877
1582
1778
5968
729
1588
9982
783
4602
2590
2131
383
11349
3997
2269
1046
2816
2325
1047
13879
4314
1042
2047
16382
12629
13775
5666
4745
5616
767
15358
3899
2398
3067
594
2004
269
8447
19651
37289
4154
27743
11336
2901
15781
4189
17553
7720
6041
26534
581
1062
17378
20161
2385
759
1081
9600
12954
24240
1819
972
25469
3490
903
422
6345
5383
2458
10359
10093
1448
2505
20640
20025
2602
1128
725
395
5644
1749
563
7466
9861
3156
2441
31708
628
695
1119
885
476
9815
4098
344
7835
488
17407
706
799
41449
2938
615
10555
397
413
3361
1786
1667
4303
1066
3681
5297
1001
9829
318
722
33306
887
1285
4410
586
5807
16046
19146
12007
11686
311
1335
661
29314
542
1521
18520
6599
17619
2717
12859
11808
619
1010
712
2835
8882
635
452
3430
12513
17350
4473
995
15273
1294
2392
12126
781
18102
6963
13512
990
9410
4285
17371
1306
16986
2506
3083
393
17103
9219
8655
343
1248
13141
9550
2409
9314
7858
1982
883
1479
3138
2016
1504
852
612
2434
18247
3305
22553
517
32027
6081
9180
1907
11620
815
611
1159
687
1397
971
1384
5224
1624
444
16519
9368
10289
1349
12924
374
14728
529
1957
14510
8829
5202
140
19892
2935
2912
590
19742
1311
15855
19716
19214
1516
1573
389
1813
4506
23217
19467
5119
535
1289
1906
790
20171
12500
8097
11820
1983
268
9123
1642
2352
554
22223
7652
667
1496
3519
1353
686
29875
4588
2301
28572
2394
958
10022
3460
3225
17568
6584
1374
10164
797
33497
3003
1035
3670
4698
17357
15599
389
3757
5615
932
7692
986
893
9393
1026
770
4434
3912
8206
14290
842
1912
11352
9411
1966
1138
2174
1247
1992
14899
6531
2037
8518
324
800
7864
1688
26860
629
3020
1312
8005
451
754
9940
6496
1660
465
1367
15042
1029
15416
1969
7350
19681
7934
5693
3234
1138
1980
739
1158
643
518
596
4046
3112
9202
12281
190
6352
12588
722
8376
3389
2588
422
18657
2438
609
10508
6989
2842
17141
1054
13982
3608
9161
5629
6125
4839
698
2138
455
298
2593
16440
41469
40457
895
1380
2053
2860
4426
1296
988
1046
41168
939
11283
8375
667
1331
7777
689
3794
310
8654
742
6541
453
1481
7794
14807
1458
964
332
5032
18892
5688
1632
2428
623
6773
3935
1568
3694
2264
13346
941
1954
822
4759
