1153958
553486
393490
227613
133936
400010
37855
1047344
374447
339060
72677
187550
58065
839928
980613
472838
357085
553199
778488
942115
166565
1888471
520117
552904
1892409
2017383
220502
426107
562204
388410
668808
10353
982434
1134645
213996
369538
752682
520548
206869
44315
1254535
473383
935946
196947
455963
729097
726341
141608
331957
779031
238015
100776
429206
189005
377642
387035
7754
120083
280891
31539
233420
592168
555376
771970
222579
154159
226078
1728552
21520
1468453
664880
1294162
338422
635293
1012074
201116
869402
323774
491623
627451
152680
364445
301995
871697
325889
456637
767021
772121
3640736
53397
26484
312510
380210
386039
2514026
942794
361131
1610498
135566
1039595
332665
114927
829153
667471
467624
442295
891380
45325
454344
297544
808063
268226
510685
588161
24977
655579
67697
416794
1536591
1054013
769458
496300
83504
1376028
357521
816217
949577
517441
1378774
310950
1625097
497680
1250481
36315
41425
250632
481425
1285986
1746052
461638
604113
1101074
15545
415942
311811
344561
443434
597958
212684
1415779
505555
216095
602479
1260545
1580672
301320
943301
272683
391059
814911
683650
789249
469943
1639484
722054
570001
716034
936549
460542
385573
826162
1291600
742105
196497
144711
776946
943354
669900
515081
471954
1069065
982478
229196
245268
492719
524087
137442
2064564
894896
402377
672778
1142643
555741
1061391
1570477
414278
1298561
239956
11665
275628
1109621
695498
570375
280037
1004131
348531
1396487
400044
1474839
685239
633644
234806
591806
1584280
953055
1683617
521363
1409822
366946
565462
25044
918497
650896
1674311
276422
1332046
165771
691539
340638
733945
83334
2745793
871621
1127167
744262
175780
236073
1320742
2230101
1204295
436623
358910
1750643
261778
280415
285439
588349
439831
300851
269408
202783
1310944
1025970
517834
1090350
31380
991686
201966
918109
539472
220013
1117792
1076337
734918
899038
2647529
1326919
518615
742125
1423004
290012
618780
416105
449844
1061414
602901
945362
568621
834416
159468
10503
600234
179360
256348
1005880
2127592
404778
2472412
1876851
210978
610353
80070
236894
206739
566534
1162991
259266
561410
1291780
677427
157565
175634
448844
1383045
1066165
458991
904780
401290
1177197
449227
437018
38966
335868
139915
174201
1166738
1279787
595171
477330
177079
1002609
78645
1552216
139131
631028
824777
892299
788703
87381
649886
1071504
1698909
44314
78088
494776
637249
845625
1317584
1077372
448002
405229
416441
678465
297420
706772
1531495
67293
1595525
1133977
1233703
501772
349264
502922
769712
518311
2471007
673490
309486
855110
1316568
1264508
390597
84986
458108
937165
739648
361987
183683
269355
481145
1068291
428270
563478
935018
555941
224717
16219
624832
178139
1593143
642997
60799
197870
602997
497493
613790
678653
1236417
520536
1091559
100779
850154
151669
238213
865292
332178
1007830
100812
738903
796832
186174
35164
589071
192680
145613
482113
269738
569777
640823
327381
252921
800246
506375
257372
451350
1261922
883714
1004590
1760788
892988
47544
375939
1546350
368530
964638
267956
651363
189581
1354580
2218446
1815914
557737
898879
1392385
1213964
220874
517637
514046
1291635
875868
497804
447181
897174
318538
540209
27799
514264
584537
474700
513183
941753
647764
289612
416119
1259815
335840
514886
571710
606120
1469455
979323
287468
467305
1727583
364123
1190060
1100334
764262
513979
164827
564843
145792
141696
166190
484549
169268
1001921
239657
1873377
877395
196518
1449861
1233793
215602
389799
834450
689714
959441
405729
118769
559129
888593
345703
1388806
182926
850157
11918
589452
1177720
374282
252872
841312
982075
524740
1024364
1798955
180218
591019
465986
559272
257899
387737
320160
246593
1043523
730011
1063822
393809
1254932
405974
1334760
574698
320638
1207750
307108
124433
250748
274303
804989
64153
142168
2605815
50656
544567
266016
684175
959014
138224
888521
204346
1774958
579011
953778
187417
94343
80215
198244
235740
438970
55856
483593
352379
248297
1472944
746093
97096
199671
182061
740706
268412
1190671
443050
602461
421879
1542448
129490
1218178
828254
300565
202124
608435
463558
1530173
843483
741653
851017
681035
476918
439971
368154
248603
1474155
278867
2326420
454888
181000
1668564
706822
782962
106110
1259311
3133280
978804
567866
1446743
695673
101123
292787
2052159
169878
509190
560636
463817
395455
388654
1844004
183040
247655
309984
1050038
936316
1147911
547768
458861
919106
1593363
510820
198219
425264
358796
307163
454477
43961
642469
553610
968671
29291
1287685
607952
77700
283009
1647185
1172789
450287
693505
623764
364539
179620
2178670
218939
1752220
1270118
1578024
1757603
2213351
26666
233573
995810
506720
1282992
543649
218333
1626883
828829
1041310
757917
695263
1027654
556442
549970
694063
165120
782000
545851
715693
271324
475582
1145481
826298
1629449
613805
180486
1337785
522328
1889846
126637
2161893
434568
244954
1329359
1826565
880480
306276
945912
1499029
841910
552058
606078
521273
998468
35563
1080611
556499
1083349
424701
174220
2039848
268383
1654976
678212
483411
942696
1098521
1028717
1766632
1813277
215586
322224
407228
99768
415660
387401
828633
177542
142355
327974
138473
1303433
232361
371272
484315
52934
637815
231237
565560
1638421
332473
401883
923996
919593
652891
585354
342730
1679898
641852
450310
385770
126443
451665
1634250
365590
758116
537425
985641
710595
516593
43446
422922
894620
198737
946751
655114
604623
91680
217183
1136592
208148
694004
1261077
3415216
1080975
271864
634623
673022
223059
1069176
1608282
325511
1032924
322374
113343
1442983
126918
471786
2818053
1319100
424872
801300
356858
86849
105572
1123513
230209
460648
387857
61700
630962
238370
487122
92203
189057
592307
100346
324277
471259
2483946
1690530
390318
122778
1037531
199117
197177
354366
1412574
855360
1852625
476342
1692921
119574
241570
170648
349547
873801
784177
710936
159906
1260209
1485708
530512
211954
1522046
659664
700006
164109
769765
772470
419281
1052513
11284
160897
440125
128991
125939
743473
19322
370279
1323357
779001
1374881
220875
931228
224258
672190
1552971
53502
414224
1146114
805716
619799
148432
917537
562202
157097
1029058
662794
725601
683750
42682
166250
672852
372917
242758
264226
785873
3547006
77003
1816026
647695
33958
121519
813065
107365
644556
188210
478211
1084611
639882
239330
917100
191777
280594
1587979
228641
529931
458514
512383
77189
330832
853242
727279
966351
1043397
1021059
1008100
1633086
96594
639215
599021
1354313
1111402
1175065
654174
1676765
87832
493016
21884
15923
712203
1093543
132190
1739083
363156
1596236
574677
902160
1626884
282677
679039
195238
499977
366856
863170
243307
1484718
270338
538464
398892
652874
897006
110662
212213
284324
125735
304726
233916
304441
370675
396557
18302
330741
38808
105628
1977229
1098511
364397
182562
2406652
268581
374197
348233
359212
346173
406817
203979
102862
740020
2446442
44398
143890
279432
946584
1355413
23025
453780
535933
670760
260287
796916
219291
971780
629839
543246
332146
44156
77318
525355
121796
290603
375834
1186887
211251
473316
1251318
1608761
711552
274507
973514
338349
884751
949546
183803
1276815
19331
2273537
1101245
799678
196844
770342
438897
1387008
