1121
697
246
1139
433
855
328
1314
378
307
402
631
677
1166
300
413
310
548
291
1579
584
495
378
899
593
895
849
454
1667
402
426
1280
856
649
515
1069
1818
992
872
400
1176
659
800
486
307
1621
279
432
1527
429
484
1050
1200
394
317
604
411
1017
438
770
256
663
1637
417
712
655
760
486
491
978
609
603
359
507
1886
786
426
380
1217
622
589
267
872
299
677
713
346
279
648
392
730
473
1206
695
511
500
1030
394
317
840
1313
655
363
582
678
258
604
400
948
339
1746
768
764
5353
415
697
1440
368
849
438
1904
1276
602
592
808
265
436
1403
467
606
582
506
563
816
157
509
214
506
449
1409
708
384
1729
631
413
303
533
420
275
610
621
278
324
590
2409
458
906
1271
1506
595
369
810
373
539
283
1758
737
332
1081
623
283
509
777
419
381
769
565
2428
532
543
371
543
2771
169
629
4509
340
501
270
557
142
1423
449
239
303
309
927
669
307
408
452
278
491
447
677
295
698
1054
506
524
420
388
596
113
697
728
344
3759
1016
372
721
399
396
405
190
1090
1953
840
343
847
907
683
325
713
667
1582
469
433
750
408
457
280
534
1467
615
380
155
2163
533
845
631
744
229
552
469
465
386
157
551
942
336
745
487
403
3520
812
354
423
576
871
661
655
230
729
123
554
2696
2615
174
253
493
688
1064
1080
1155
246
634
644
458
662
1049
858
657
798
798
1107
214
846
3353
261
312
918
941
740
587
1768
319
1822
658
744
158
845
365
827
736
843
458
444
371
1217
1301
501
967
546
380
490
565
625
199
682
365
1240
1340
605
1322
443
364
353
2652
318
2880
898
482
666
551
395
634
280
551
671
697
749
986
3335
1382
1418
337
783
4219
1045
1409
456
791
659
314
2140
559
1635
598
380
277
463
442
612
539
408
502
791
626
818
494
1210
1770
650
179
393
973
962
412
290
554
566
824
445
534
720
1028
1124
1272
557
630
813
1730
558
756
681
1086
816
1148
385
322
363
379
1011
300
332
664
422
657
326
434
219
303
512
296
1247
504
418
666
628
165
532
1205
538
1028
423
255
258
492
343
1235
334
1488
616
247
1085
260
778
2388
924
366
564
653
598
571
345
2130
954
728
529
311
346
1836
476
1690
440
2622
593
505
579
275
273
303
557
808
540
352
251
553
576
676
476
1581
386
559
507
625
463
289
453
723
496
263
432
337
766
567
464
367
344
2138
412
1156
1132
639
630
1491
497
2204
687
483
970
315
357
814
579
737
1340
544
664
654
347
837
421
229
2038
294
941
2422
2674
945
1036
1556
1091
413
1038
656
1086
386
958
938
541
698
450
968
371
623
1361
491
851
310
1096
780
10710
654
393
563
358
192
421
386
545
347
1510
370
436
383
351
251
472
387
475
421
436
742
761
529
416
279
773
1192
512
377
731
968
520
953
1216
806
583
962
1100
580
876
707
692
941
498
499
158
508
515
1259
610
1584
682
1155
339
620
257
587
792
266
456
273
634
877
762
590
467
751
1641
694
511
554
669
426
504
428
881
1077
1090
1190
609
735
463
527
311
1153
327
1065
239
704
344
693
672
1357
1104
371
1155
311
343
323
777
200
410
840
800
336
478
362
478
665
439
591
311
358
547
439
1637
404
457
365
502
438
766
525
825
477
363
655
433
356
442
630
788
490
219
200
687
544
1502
330
1724
1233
698
878
983
408
610
1298
577
927
491
559
1957
179
1074
675
5819
322
753
626
563
489
277
353
853
140
289
626
1462
236
2472
330
568
426
797
5365
337
919
538
1420
519
493
266
561
386
405
362
772
1266
330
935
801
484
383
231
418
807
834
558
336
810
515
465
419
280
298
638
1077
668
774
346
362
305
551
900
434
243
1664
264
530
537
686
681
340
611
417
743
963
657
779
348
316
719
903
332
585
365
1105
2597
335
309
1052
526
228
333
961
570
476
707
433
219
335
826
432
1743
775
1780
409
384
342
367
389
811
365
1331
432
321
1362
570
418
659
394
618
783
491
693
518
495
272
358
1111
511
720
234
621
556
427
418
578
854
398
310
1523
1184
723
750
679
719
2555
261
514
335
1132
512
474
323
319
435
1160
355
1194
538
789
1573
251
526
1809
860
408
272
363
1010
541
349
888
795
340
620
526
850
488
187
379
537
451
252
1110
395
302
286
796
1112
1268
348
248
3961
1672
547
151
529
483
761
2436
825
584
585
1172
455
498
299
449
2741
408
1749
267
645
486
1100
596
798
365
432
272
256
849
198
400
411
532
455
1161
432
1134
538
443
439
510
672
230
506
258
778
881
375
309
831
633
551
1961
392
1225
338
390
514
895
385
3596
1358
374
324
678
1844
643
449
2724
309
566
1687
729
505
1005
288
727
375
424
921
719
327
1022
1283
604
513
827
265
499
1563
668
454
578
206
567
470
1621
333
401
1114
335
