78488
3119
166055
64965
107589
97352
97464
123762
71191
303171
87858
11118
287765
9266
5986
10605
45588
260834
238721
117319
181598
8623
4342
406808
45307
133947
52087
76858
55154
118268
221904
94579
32410
53095
37140
16611
7842
172652
72366
13987
93124
46602
83676
25674
6921
5148
57215
148956
155678
121187
40973
51353
78920
89799
8594
22926
395029
216672
10283
63424
120005
223809
62094
27175
147823
236932
43169
138909
96763
16625
12571
72457
11018
207740
78833
67635
46083
171807
18650
389871
221729
8178
60717
57983
53936
24786
45687
49860
10230
131660
69992
3221
141079
7329
54642
3103
57940
78882
20374
163019
27385
7982
108189
92168
3338
14879
43433
93349
3386
12525
118605
8468
44970
8605
87770
296843
14387
14074
5458
108097
66050
9054
11207
119550
422220
3806
15492
63899
267905
53233
25655
35984
76311
449395
1578
39047
83860
77564
107923
66704
40848
80839
8021
173082
401497
268997
118199
143401
185675
18231
32497
48607
213198
25788
10194
46970
169301
87924
22457
11553
3547
13744
124931
159647
13486
16149
80906
293391
15623
118345
8136
122659
7451
41980
223231
41015
7298
3012
31943
160497
11917
86212
9067
170044
149188
413803
163983
159298
80526
19791
181861
86014
5043
2613
21441
152738
30718
110483
280378
178801
9787
4919
10431
173282
76183
24845
48569
41801
17342
43635
17562
198795
129763
25005
14361
2693
120839
27524
13003
5291
304148
149173
210015
23716
76848
183525
93944
5713
8365
41160
169032
101676
77119
4150
37996
55097
173949
6216
14747
45937
70500
91120
8394
165458
36887
8950
113679
16414
30307
8937
131007
110545
79101
44389
205407
43876
31618
327220
34447
300556
3877
51709
90014
56760
31246
25055
91148
7464
4031
3334
40918
46372
90840
16115
335914
13772
44825
6825
58663
75687
111208
205637
180164
188358
20425
111065
8966
6757
222509
8007
4018
32515
19722
449776
197783
191818
149970
54756
37723
147692
84557
124592
1194
128460
148806
25462
179818
313584
106908
5045
47289
164142
7680
273886
328015
74601
16350
196178
63891
117137
104312
112473
31600
68888
8501
56544
27845
59729
32580
40762
21954
21172
12691
6364
325716
232371
14787
4105
153828
11073
4438
43215
24407
57553
5556
32152
94330
15923
63153
134312
115056
11539
10830
196958
220203
216509
281213
271642
110753
88441
142817
11660
307199
4747
43129
19448
55136
328200
91472
153072
125566
18220
70216
59548
4429
26465
121142
112592
300089
202087
105349
45697
39757
22058
61652
101396
69212
9857
29566
177814
5859
75935
18188
17057
1970
112677
336459
33833
178069
15236
6212
10955
164898
315046
11237
16078
6993
5848
5352
53807
34439
31260
8617
47442
7767
3458
72348
28001
307736
51249
166549
2846
38712
146210
61375
72472
5021
316876
25437
36480
246787
4702
22429
123576
93640
16456
2885
4742
25686
3080
243259
41023
137118
2485
44023
450374
80229
10257
306761
55463
20055
167197
90079
320079
75790
85267
646913
196616
99828
106484
5181
7163
14251
70714
181836
7514
156071
4983
9044
45620
210316
47044
66335
4435
81797
41357
5701
270527
31587
13028
129826
109856
4006
49459
82204
189668
85595
7623
2141
94070
96936
26525
5929
79306
22541
3036
119095
7805
4946
33528
8217
36450
126478
19485
222841
439860
127167
70670
455275
10767
141200
33089
4438
5527
14144
13215
265034
127150
9853
34972
503547
15311
29059
2407
163823
366997
4058
130731
17995
259189
19441
70946
214184
90724
259497
87927
6335
19143
7871
13949
5456
71913
4693
187598
73687
48055
245836
61435
116569
360656
5308
135480
16994
121674
22071
59657
228320
300084
169386
233344
8323
11750
320120
13426
80486
1524
39953
78792
71673
27006
126124
18402
12590
10053
27673
8286
23357
13782
171294
72984
114422
21978
4484
66557
66508
62943
67260
27960
174275
316650
11308
239724
58568
21946
81074
38723
78553
131959
97271
52657
113922
93366
35276
7319
87208
37028
73314
4829
187312
75889
34570
429343
162857
409449
255456
83717
26792
150739
55128
61456
31012
53106
28141
274441
188739
56305
32189
15392
19745
126769
5892
123515
21621
33899
26372
71141
122152
44925
27723
269991
97686
30202
126502
217413
41404
12656
8448
9302
233701
313430
47419
28369
47755
302474
146349
24012
47752
11880
9007
43751
92336
30629
8426
233344
176866
31523
256370
9478
10981
105520
68470
39418
173149
9210
51520
143173
87740
69767
71500
155354
40250
44903
48932
12192
8810
8240
18617
96664
8477
114287
89456
240471
132020
7637
73091
120485
36893
98025
152976
13243
3065
124403
272475
123499
46450
27497
157864
21781
280813
23695
283645
77844
66209
66467
9646
3192
384468
148065
76423
183173
94330
202819
99864
236340
120852
54476
5113
128849
30149
41967
227366
4276
8016
213940
17397
12494
117974
87847
111925
229531
137214
132115
159825
3743
158787
20059
130024
213076
13595
559248
8130
9983
7676
25246
122664
40391
94281
7698
37996
61256
78036
60363
17954
242602
11361
111239
59100
10439
37370
83671
4202
72660
24352
80377
138543
5950
25562
183278
230565
16582
292156
250322
464140
274161
210676
72214
114170
18002
10026
64562
350997
52456
40106
18000
14694
64900
30027
112319
55092
4718
150818
81109
10880
50959
4148
210715
18142
78245
85826
299386
262664
140727
86793
92788
51756
7721
14286
6961
169208
70732
48755
26555
11737
4262
86926
48871
133052
73296
53662
73274
159141
97696
11109
413728
76025
28944
19472
5199
109703
66270
172930
33403
14494
74643
80671
37042
286527
58418
158755
36587
60561
9018
5315
18494
46238
11084
15554
14294
6883
103484
6811
9843
24667
49360
33938
75041
110001
80889
36371
36143
185022
243997
77625
8095
8407
124146
16885
29840
8426
179931
102094
7381
74897
11932
22195
102963
79174
447686
9436
178622
174034
16471
140162
134941
14938
133639
142559
4001
8661
69070
35434
2584
56853
269384
133154
15031
2853
62450
55047
9721
145686
11464
11764
29631
84274
282432
142643
237481
118362
142014
601962
20661
25965
36218
198639
103451
6868
6354
378713
116662
20411
1557
318539
87106
319207
61930
16770
128170
3829
126795
5105
117019
44155
8545
46755
8161
55276
36240
238673
30110
6092
93787
16370
109801
180833
71243
42935
55859
378547
134859
14527
83446
17931
54425
44125
64139
5588
108534
25724
5871
95213
13431
88492
8878
81927
431862
39439
14103
14028
91095
82571
162277
41753
81377
13939
111594
70001
8129
27286
14338
205923
18692
24856
80339
70807
9285
189358
49132
161606
36990
