17298
122199
515940
836893
432671
211841
293115
382819
79460
508747
25206
290899
380308
179489
207746
165601
903621
43980
287454
161194
844642
443781
120438
11386
334699
203330
775058
533027
148931
183422
51158
134005
610689
209783
110070
33090
64720
377752
1040559
289791
806370
318043
141439
14033
295205
419093
625688
280616
227151
262749
177688
47882
182971
332307
356936
249571
588567
586028
127743
727811
996560
211653
26075
156062
359561
310841
75266
1371184
87093
240861
408418
22952
924999
354388
21703
261956
22131
26511
253925
424597
133746
15686
485729
156776
21612
769221
83125
228189
367496
17994
615324
1355879
440577
247793
35089
427331
276372
137255
101391
276405
403915
134624
191505
279629
83772
437922
555943
197532
295390
95921
483674
675723
245658
235816
152650
406762
965024
342458
221618
151114
892449
442969
1461543
260921
278485
87080
387738
286764
96430
22880
165628
381052
210145
465249
217636
161609
1153630
51671
56467
300490
67163
29338
150702
14226
17220
96192
102740
230982
722062
749933
128686
409672
262449
833762
559060
945377
63523
343897
717548
176692
939926
13392
260749
84628
463810
345541
406010
34447
338808
103961
424020
513206
52235
150094
220477
13644
595850
77440
75793
145614
50300
210290
496558
342168
285023
412513
130115
10929
52101
894931
481179
7329
113973
21497
186354
231702
761101
1311592
17088
69805
8166
307904
15138
737531
12037
185223
533887
624483
203012
510053
324055
439528
72134
469048
31895
267288
55201
857360
513792
288096
11462
310648
1043308
113043
80987
72864
760104
4292
170622
312949
124169
306186
170195
76198
470984
91103
224395
701553
111285
160415
439157
79641
145054
469934
313852
167216
529661
540898
845379
130838
429772
258998
134165
184457
383939
9683
4756
569792
671820
1729736
634532
386617
380165
32965
327840
64705
1311065
177340
540893
25947
21146
329389
15852
258427
300269
160683
261023
668687
102376
161323
83966
129531
1023373
595617
184901
34282
136614
555567
661416
578751
195866
359537
17264
273432
53977
17765
177847
467506
6520
24396
185848
196023
19846
13564
74132
378078
321866
145421
454158
360168
23631
30532
463056
644093
43929
76148
204065
341142
708921
178811
230441
292073
637267
345552
50278
983366
316121
418859
517941
349993
181847
253050
1013456
580991
227629
135604
316187
191553
4027
468765
322682
251913
488223
807659
15272
144333
19737
211629
116720
356899
78805
357090
412453
204568
795024
45914
492655
76702
523331
476503
151235
40734
110681
277784
309827
80769
261584
171065
209473
197401
635119
613655
72090
137574
219193
697694
302339
223087
117543
915515
105866
209245
577219
76665
31104
52737
206146
431649
249655
13887
244849
901011
285081
523141
158921
63170
346658
64558
135703
499738
275572
35879
21229
9242
540964
146318
244214
165072
511149
103603
160195
48240
240286
141651
667199
82102
364271
205306
295320
239869
193485
10458
123107
115446
394716
163275
216782
677260
206585
132700
95868
31586
596366
413546
19265
974717
117430
127269
526244
295724
933879
34606
125182
1000760
935938
914224
422361
50365
432159
120884
375286
223115
517910
73109
407093
100882
147081
259697
32491
794015
1977775
95090
267099
281488
176379
662602
604736
43024
221388
328668
951792
207257
547919
39705
572280
38398
879316
404346
291025
307308
75712
24357
237082
562968
29432
472920
352665
546223
543151
428743
281737
239071
345288
59977
867938
410600
536380
36458
24380
966311
457921
73823
155886
692566
204137
97326
501770
605123
168743
304670
260633
25024
5486
193337
1144350
788910
1644070
554922
419397
592936
50093
1160433
261152
212695
865196
126483
549123
870290
378456
601911
29611
28981
23274
68437
964930
94838
128787
874737
287183
376706
726869
9006
102697
23881
283948
358337
119344
79045
10252
9118
704548
154005
59030
122330
33469
333392
808277
364765
450254
247835
146449
235364
52980
53002
69087
630002
184578
328455
142551
42194
188039
37843
288146
85801
556632
476997
461834
377618
167973
90690
420308
299600
96602
601437
728510
131567
269697
171057
57032
1493144
465504
191231
11821
832682
144362
135035
23900
729620
279574
879495
476644
208490
256099
30571
464784
195855
627994
560611
604051
265334
245198
143024
451844
794069
897981
349603
222784
571403
916117
38623
9228
9953
9013
325745
312181
251473
19749
109252
646872
120126
47016
175176
25780
225158
575161
730587
237987
1146043
370367
143504
255054
510722
113489
308838
672056
308231
23193
165671
271711
357920
394922
12342
674012
70958
1020830
1491988
417925
235230
652064
40202
217666
51236
179289
79000
590048
529073
1014252
165648
435331
101570
22005
557697
495943
399049
392399
67198
236378
124169
142964
889406
40991
101949
169203
334658
521918
249465
26189
196684
535354
252598
248314
436083
543919
522291
268921
160546
142795
84124
604271
844612
24209
757190
335743
439400
774761
68635
190968
114684
817156
932533
57773
12030
131178
130435
117443
683053
137989
587477
84507
294359
619459
793308
214271
11923
10667
332076
186817
568769
45523
89846
246332
38761
231696
598357
26069
403490
51623
126888
64660
402956
706451
626214
245688
165582
9069
516761
55859
535178
186117
12955
101662
18467
495478
1242563
67243
49476
23639
17629
106854
1467950
9894
68001
695076
59741
74037
447493
120415
279195
728071
224465
153221
449898
102374
211488
435425
482172
234798
12479
347243
1297818
206055
819570
136160
830004
24569
179448
43974
840810
157032
358135
411549
91759
262820
157245
47227
320460
91963
28119
418875
511568
1566806
68357
600418
44172
460597
78386
714162
73166
4935
360258
142086
3989
17737
147296
224195
277078
141617
225278
314268
18052
165724
787498
1095424
113124
246798
241024
6951
75937
393388
151643
372705
325833
61876
259129
202855
766203
1039089
406464
20508
301449
582389
90525
444907
8353
486011
269730
467113
521267
630823
2610
296682
167978
107249
961537
92916
435839
221211
784096
424900
57377
342014
242423
96867
702645
322526
5883
1166398
277384
739179
95314
207164
4988
463865
952698
317552
1222271
459190
146516
206756
154633
109372
1451310
732783
652878
56879
161362
278661
321112
447284
135769
37235
92886
173793
11598
69999
677203
280773
5659
134981
384157
495047
412197
36522
173043
295340
758482
33673
466523
97747
225649
303084
41941
178043
792998
130119
6372
692768
659355
268562
31569
116674
176310
251312
117516
21877
297721
417535
119845
815052
218066
247040
1197606
373225
37176
323699
143887
396790
113424
162010
957163
376264
285827
291316
163579
565642
7673
294731
105795
133276
192330
18517
541715
163103
219931
284568
287026
776084
397048
465107
97425
600067
108330
345660
13070
365201
165753
323791
188454
163183
179134
1056510
381595
185759
7790
267633
460454
77325
586498
17513
18546
705185
275238
58345
237016
576015
258220
206213
38208
130328
545440
420491
373510
91439
425520
350387
284094
363092
359285
134274
168226
