1348
21628
17493
2262
3454
42933
12090
32769
79926
7181
3552
12539
72518
97040
66701
124092
2311
56340
136672
26627
34410
42408
58518
56626
84493
34907
77154
68744
69947
25996
35394
42248
9669
9668
1719
1393
1938
52263
223413
45325
2272
48399
25209
8961
42599
50565
60339
32151
1791
17724
6213
54508
7501
13661
70464
82232
14468
83090
34072
121705
17043
11153
74478
70676
96927
66181
4760
2503
5782
43888
12011
16367
65155
32133
140158
41904
1679
22434
77266
33928
58207
96016
68528
62204
2806
59667
23652
43678
12939
4900
8392
3278
5341
4881
10559
167829
92951
88073
10955
111630
19059
10943
2137
88806
41806
51275
35777
27414
121583
55901
111956
54454
7435
43512
28496
47379
39355
53146
29937
23825
31091
52620
8180
134864
30255
3463
106209
3729
45404
35893
5852
4187
128068
121211
90948
15418
45842
67066
38006
59922
11546
4366
31160
75753
33284
85014
1966
3016
2678
54252
79534
28134
37067
46267
71916
41528
24882
39525
6426
15867
4541
20165
66752
66982
4165
22245
2316
59297
131883
6352
174348
69092
4226
5986
43073
43384
11177
94744
909
12105
111826
3989
5518
4322
26489
92056
21712
5122
8178
29516
5910
21808
4439
42711
7234
6923
36763
83084
51224
68755
3600
45198
35526
81256
66279
204814
2423
9351
7888
262837
134198
51503
12542
15761
97171
6632
65190
276616
82292
10951
19371
5371
7465
4390
965
18146
95722
36765
10646
42966
3507
84934
13247
12317
3920
3054
25889
78071
3527
1480
56145
27031
10721
56295
5833
35272
78401
92966
53299
4376
7742
17149
42832
5355
19104
39056
28981
64130
23713
81412
26278
1494
73811
68944
54614
3636
8558
31293
8007
55365
73114
20577
40091
111429
106631
29345
9028
59196
69991
715
4973
25165
22147
51184
42858
15500
115964
51273
4145
4072
30954
14295
92557
60893
111845
45005
142110
7119
38866
6863
25487
59291
30860
18369
2241
61720
13826
5834
60756
54226
15589
9870
181637
43330
2207
64787
23527
45143
58946
6109
4095
207848
2849
28350
34932
18052
50731
38448
52549
43604
74782
44240
12565
6444
5635
7986
67341
3956
69911
37190
24318
10329
97296
49971
252135
10072
918
75103
12637
43924
59183
2845
101584
4248
13663
40795
26874
82570
4677
49040
38139
19305
4005
1806
156593
4580
106437
31127
3904
44840
3934
87154
89635
32239
57117
6274
30724
39200
120909
8720
28557
6200
52690
13576
19868
10756
98125
32224
25329
54581
110508
8670
67353
16090
15861
22340
32523
32618
11874
105689
72759
62236
17290
26948
29993
131750
46513
51446
25677
122946
30352
254581
12408
47486
10899
43055
116761
32977
8586
1790
84456
54412
1394
4494
9316
19292
16725
100720
21756
25380
71760
6000
20802
16602
57597
86778
3818
35523
39414
40883
13183
92675
64567
63116
5411
76926
65402
158387
3411
68142
66445
2953
10922
59886
139940
82309
5675
3093
2400
38454
66635
4277
81126
29832
1546
116087
15241
79581
133391
7586
23642
11025
75165
31640
147615
93732
5098
55188
4863
23861
92470
2652
21013
68044
9433
64303
10868
6934
12697
63058
17434
29322
10595
5377
5405
68156
5519
19877
6150
40587
3654
73532
1982
25285
10615
94148
59725
82369
41412
6252
7324
89015
30077
27281
8918
22156
1969
65235
3213
153118
121098
49244
104372
18213
47610
13517
32760
881
42182
22660
20805
54688
7076
67515
23943
151430
78247
126817
74731
3312
24886
54625
2058
43001
86472
19143
37662
12008
56304
107109
91884
12756
23442
7818
5842
24459
11156
30626
7670
59724
1530
6660
11114
62852
108916
17142
17338
8183
8584
29980
3958
2461
2216
32051
2277
30830
36073
32641
49329
7493
7000
40857
24506
105996
62924
102277
1584
131045
59927
8244
48374
18888
3870
25816
70137
2506
11705
62399
82727
28091
78646
2835
16510
21023
4542
34314
3648
5682
30337
53097
72068
75324
42539
19156
14489
80811
46616
31422
115959
7264
4806
223927
33949
57857
36192
8223
29213
28045
8658
3106
53616
81943
3586
90021
28908
37342
16150
8051
26680
45794
35844
59198
87158
49426
34785
14696
59450
147616
47805
54840
109681
80048
4258
2175
33827
35621
68857
15801
13014
38841
2813
2975
4492
49980
8808
6040
41526
37558
14325
7723
29567
13527
11534
34928
25166
1917
21995
36364
23768
61155
28465
104287
51106
118047
14081
7978
108802
19266
79735
114207
81396
51486
19301
53124
26407
1959
109910
8790
76919
1415
6551
9175
7561
22148
5796
9169
5164
1171
20742
96452
27180
5974
11722
45440
1614
2888
70487
11657
71302
5762
14297
1403
166718
6312
124351
1780
43241
2580
42508
5336
6764
24652
5341
70127
9767
9544
32924
19464
48768
107930
60788
34465
25757
9792
72024
1254
10005
45438
6313
36965
12500
9925
7205
29584
1083
3016
18593
11375
2296
67501
4557
7652
49723
4639
25519
17026
23514
47028
1264
8486
42713
72857
29357
68604
36989
5590
84739
15320
3890
50474
70753
13537
11237
57653
5911
4069
21277
2416
28979
29088
75230
15782
121820
5469
1602
32667
53578
36073
6015
2496
7443
41739
30281
3742
2788
8941
31958
7751
46630
8643
56046
16212
14839
16448
90490
5230
12498
40155
26430
124933
2569
100091
1791
39154
6921
31639
26076
1415
61310
19782
24937
1707
44396
5107
17182
1512
5529
148961
32953
3535
18093
1910
64094
27216
137931
56701
16167
78867
12673
53469
9764
18386
54189
62657
77009
44504
11710
3726
118304
29745
80308
59273
18161
100194
7180
80419
2048
21385
1924
6796
33690
101373
49164
40071
17180
28863
70654
46746
34411
34246
49924
18204
22502
38049
28330
116884
101507
48240
5796
42291
55498
43802
2584
88409
83306
29335
43809
128966
874
82637
98699
64806
36169
28301
3553
74546
10794
192982
20932
103472
11599
155655
36613
21588
6268
23604
10382
40017
74411
84818
64651
11853
25110
4790
48764
77146
87666
25460
57839
2452
30599
34131
7788
48874
42558
89723
4940
72169
9129
14426
2560
3355
59776
36822
151741
18487
26807
16536
14960
27081
69848
12637
19672
62650
28728
8954
28730
52752
60935
4251
8817
20395
13882
72027
12854
5191
50460
51252
52744
12640
73261
112065
10248
3112
6182
106924
51494
2884
179135
2005
42487
30624
892
5964
8201
22762
50181
21627
24618
40708
1408
85279
140314
66725
32895
112876
2803
56937
58484
50556
