201271
25890
1020071
505327
43666
648904
234646
396210
195418
488764
363759
176793
374493
164051
416731
338323
10335
547269
340731
429116
313605
29582
234934
220101
189627
95946
1664875
203281
415966
207292
331006
752469
354903
317401
342035
230096
395556
94924
202672
461395
218914
76287
229285
841508
735537
272494
567466
957876
577596
127840
215238
104627
300207
241867
63505
357505
1357389
246797
417973
479139
355113
311766
309034
371015
1020315
397365
15518
650222
56543
124605
636302
182504
990194
397206
15884
267939
505926
13070
760610
637501
775988
195861
743143
302670
130231
1088871
462172
224611
198277
121561
86229
65226
468455
205685
38339
55486
225085
252604
554866
953355
124350
119861
371178
145404
360751
220620
296109
117098
520105
62123
477077
143617
525496
45658
177151
132738
314746
152294
128736
150313
210659
631842
94669
221994
401914
315751
218064
40580
179862
124384
565455
780137
366478
537659
19439
1419438
745623
140958
464540
10563
220245
208878
190499
341441
385263
646683
192529
454459
871582
183660
532703
952740
52583
180472
534631
730156
58275
82728
505250
1362909
1137911
83813
10951
292125
207165
54532
698616
50074
728668
232639
192848
702381
143301
303555
706562
296408
840551
250799
73543
226822
702454
102406
185743
27614
15638
1176874
130345
475397
661517
758117
448916
650553
50986
901832
131134
556640
124933
285355
243684
269338
347906
259369
746341
53994
468559
127512
244826
267101
26307
483713
11415
209637
7097
199998
198918
107070
10724
422366
616732
10886
399605
405950
5907
335698
865475
105435
38415
298829
100091
479635
176466
39576
162975
1131057
527707
242016
74147
299806
759066
78488
330600
599257
198959
310091
131878
92610
282156
228624
63818
80826
34086
541634
885547
792736
243450
155602
196079
14569
144507
30263
744824
1197877
597637
415964
83692
292018
143305
133884
596851
229296
166923
292261
306202
33617
453884
362444
34632
305994
271070
156039
220376
224928
1466820
162448
86910
496687
50974
18595
13690
326288
463899
71692
492681
536017
219404
1177416
119819
428032
338487
485217
418471
519455
75702
823836
395816
74436
699004
659424
507499
442776
48813
226659
139213
289259
117487
227023
433396
267870
337291
80566
140218
688982
616329
320029
469794
252308
388196
357356
23758
216996
314104
105194
390305
505310
187641
65211
502017
73390
409900
471782
102807
236063
247895
198114
23668
929380
802911
66973
185720
506066
356942
603055
53978
274823
193143
238947
59449
205462
46227
494256
712407
600434
177282
26541
1137746
526424
224510
125585
12857
535663
279771
197125
218984
304752
297131
338567
308419
191230
182258
914662
587233
470020
245461
338854
901019
714447
341449
337298
850389
34158
1208237
370742
216527
1031424
188908
143825
302270
704814
406690
372297
378936
717317
684541
601140
219270
242301
53017
59170
1156484
626238
519466
529028
544846
303302
78905
362838
131692
125839
138147
199686
933135
409348
156438
223752
593130
60461
144139
118881
102378
384516
151457
870890
920832
155717
299425
5158
532781
429284
153251
104309
346184
2037189
180368
555276
43660
373333
246334
300804
866435
91445
947748
274631
28245
797448
740941
51570
316410
329373
6268
461911
968818
165835
653172
394313
369355
572067
776574
296372
95428
1552847
75532
1083425
611403
43868
1171323
194607
283716
120980
195930
95877
152173
49259
38992
631423
418665
106637
248510
141729
165750
212599
824969
120911
1127220
281419
1042551
329472
1189550
269088
789735
292718
424656
343302
228103
463112
744887
235646
547348
111342
339728
496413
492165
162522
4344
1329123
163556
638347
483300
468361
169113
178488
126871
1025063
586415
147296
24704
234191
853514
352081
1401054
108887
873224
990943
353307
179299
392551
42782
341870
30340
1578086
612515
477439
70389
472659
858793
893256
279643
354274
5747
363137
259750
201261
22654
1120055
199741
418633
570127
245841
87289
1302585
96122
316513
416623
122172
674116
388404
198904
450089
318796
80500
250235
449990
153966
890662
317273
546689
98818
449418
222556
106378
218997
774174
617939
972522
158747
989009
405095
243024
92117
495729
1070021
477904
1117529
4489
280766
345832
251437
12694
343440
296196
141791
383297
294781
69080
480210
560383
1233750
187487
99848
450767
44375
923208
177512
105088
469512
783140
39952
179251
311747
523154
90821
202937
232103
20802
1076226
258760
262588
277607
165775
782656
1929
301918
457696
8471
923036
699698
137587
32184
132058
304026
787970
770035
37851
131709
629909
740802
182459
185297
450465
969978
1219632
9059
293002
585168
83460
169588
8811
463719
81487
729381
982893
108216
640333
637641
10161
138386
20960
44593
188579
1208545
1003037
1334594
602422
364937
20762
158395
509321
314890
513557
278107
354067
199789
856213
256901
342103
866571
257080
271913
187294
107661
291435
271632
283216
189188
599938
65074
962060
198940
266164
188676
625584
179407
1462773
92652
262560
946979
570608
247238
577586
9922
640773
751135
124259
609397
166716
254597
1279272
110723
264512
417391
259961
701297
317696
314782
73213
653965
152510
19739
182220
455994
288905
833377
200260
449431
465103
611362
235288
11148
72665
19978
115683
136330
744241
121243
1187238
4994
4046
157610
83465
164764
188623
35300
137072
6092
84138
149560
544882
903066
475522
437307
131747
432480
269835
492690
481924
18733
441122
998849
6893
13612
1009639
491350
113125
443026
177001
124962
167380
1073030
275185
36474
389992
707269
266644
462249
268467
82906
108292
132914
1386610
225669
3862
453531
513969
395157
321871
114144
491393
499346
589297
534849
464412
58033
231305
618107
81482
146775
474436
97448
28313
316756
45786
120708
1299969
44677
405827
188352
343032
44369
241610
145980
1236060
295068
567863
414144
325574
800392
14326
788582
156305
15133
1132119
186753
182072
459863
408963
295039
661476
302388
803792
145391
152198
174103
243945
157851
16137
61457
241329
563184
90904
44918
309325
84058
94317
107366
61618
454349
1807606
11151
58158
471700
244978
1140859
136305
463426
283240
241028
68297
179788
415842
558012
13655
617797
1506887
571641
103677
237225
182851
293099
28336
373441
336920
403842
194267
785082
177451
370570
298124
107803
121672
91618
247496
202022
390994
48581
184037
18288
122945
581327
9858
313191
46176
21694
695091
721343
133807
15784
640846
213120
72499
119816
317450
51492
88115
371865
510359
384761
579854
987717
64357
7326
318914
6411
628343
657242
334760
346831
1096242
341303
403106
36152
185315
27128
875518
290819
41305
131290
24509
498204
613885
778590
545608
633110
411588
102850
166916
590758
1527023
764865
316339
596137
248318
97942
47601
91187
131475
193543
69053
368499
91622
708638
903052
1015120
242904
195784
343967
900889
325149
458544
293332
280092
164250
285614
94501
252424
247531
476335
145958
64938
442441
359698
774271
538397
350917
549328
469675
644487
324969
1225281
504429
410089
151364
389268
154756
130511
371594
998959
207877
295363
141662
285711
460837
