2315
6884
1515
34834
2414
11552
15393
18512
46974
11493
59619
71927
26566
1619
14015
3322
1313
37380
2086
16889
17303
5251
12239
11054
20194
36647
26325
3676
4955
7825
4985
7019
3260
5243
8091
3735
2340
22035
3448
4221
2921
11621
33350
18493
2830
14546
2918
8614
3524
2236
11850
3740
2118
37716
12271
31655
4615
6118
44299
2660
1215
15854
3382
1683
6198
3064
13192
3798
20107
3277
30169
3869
4761
27732
1979
14151
2299
8728
33056
1942
34676
8323
15059
2745
16603
3664
29133
4461
18481
1532
8007
3420
5491
4835
1441
1916
25675
5366
4445
10679
49964
47915
8026
7301
5086
9388
2668
3280
4056
3968
15143
4369
1753
6197
1731
22153
1064
60697
5976
1899
2549
5043
2662
5067
3548
1245
5134
4983
12415
18835
2779
35259
8469
1770
3772
13873
1664
5410
6398
6621
11696
1069
9839
18791
4274
9135
2811
6094
4771
1977
11938
60082
5396
38500
2375
3281
5988
5113
2644
2475
20369
7152
24727
3541
7123
18295
3169
3614
1074
39051
3191
4785
16133
4743
48494
2659
9276
4561
1182
25203
2382
4221
8638
2746
23484
18155
7709
10729
8845
961
5376
3394
23908
1106
3768
7894
3546
2292
850
38929
6951
2946
47161
9142
5256
26537
4302
11470
8262
2445
4976
1892
47352
2485
4114
12291
1907
1596
1093
20889
13342
1755
2255
17256
4426
3588
4270
9854
3945
3988
1309
5592
7203
2271
6560
28823
2635
8036
6203
28158
3923
6589
2335
2500
1272
1228
12409
4743
3443
59636
21481
17980
20975
40779
5652
1641
9899
14938
3856
22017
3450
5960
3688
6014
2977
47063
1178
2285
13952
1142
8480
2067
2030
62007
4384
3433
2026
30315
1304
13339
18383
6028
7032
1663
7026
44782
18979
8953
18353
4024
4096
904
2732
19090
7423
14610
16947
12579
14795
27687
2189
8517
3993
9726
17769
15308
2412
12896
22082
41926
1862
34097
27511
3436
7631
3262
6878
6899
18772
19512
4309
2576
1292
9619
11771
2666
2685
6297
5244
21901
9294
948
8982
6235
2337
9492
1886
5295
9795
22101
4060
18373
4681
1103
2504
7096
21441
3938
2235
37842
2559
13973
4765
3840
4068
8739
3663
3524
41011
10456
1675
14109
4429
2597
1918
6401
1923
4421
62756
12326
7163
15484
13962
1155
4741
1304
24893
7296
7406
2787
1756
5092
28983
3482
1569
39943
4293
7209
4271
3354
26893
8843
4282
18445
1839
6020
37755
4198
2309
18932
1997
1210
5826
6192
21439
17653
3640
12499
12021
2631
23955
2269
14353
1420
31994
7362
1006
42782
6535
1486
2397
8531
5479
29655
25514
2047
1438
2316
37724
8214
30828
31665
3012
18635
6482
15399
23631
4028
4117
37768
5550
4485
57330
2002
36276
31959
834
4747
65661
4716
2440
3508
2608
3433
3215
3693
4953
3058
2513
10473
1430
2932
17016
5499
11991
5648
5612
3210
10525
949
15502
11967
2574
13740
1622
3778
8083
4231
4018
6100
2662
10631
26988
2253
8975
14680
15584
3454
3632
72934
55817
3357
15236
2252
61183
55207
18244
2686
5423
2233
1632
18217
2248
1603
2538
42281
28629
7753
2281
21826
2766
16083
8004
2816
2408
49119
4865
1753
23106
8563
2202
13156
11676
6833
3451
19633
26113
15393
2671
4075
3188
4556
1571
10493
3747
1399
5392
13052
5908
5222
1275
20254
24555
3986
2638
3117
5339
1768
2605
5476
21854
2066
9261
28092
21634
7959
2551
31835
26860
4281
9466
61852
6287
1948
3397
820
3702
4588
3175
1057
855
16450
2559
1191
5143
3256
4933
37764
2911
1270
3114
3284
3592
1662
1735
4821
93658
2080
18238
10682
84164
2154
2524
18584
5686
23363
2533
1744
9561
15333
4524
2263
4737
21767
3088
1396
38580
2498
17402
2059
1997
13626
16173
17329
2811
29369
2771
7126
3740
2079
10511
4817
6109
20698
1021
9515
856
13646
15171
7272
10946
2506
2107
3728
2661
3912
5008
1332
3509
4039
5082
1411
1593
2500
2340
12054
22922
3182
1126
2227
5472
1228
25737
2291
5147
3619
3260
29610
3099
2471
6938
2529
1824
7403
1543
4838
19925
11116
32520
3159
5444
4794
2001
10785
17549
3553
14679
2551
3919
18671
4291
8767
4237
13188
2302
9565
10258
9720
2546
50439
4481
10033
4889
22207
3187
3893
55202
4166
29529
1603
8378
2394
21393
2471
21351
23744
1337
42814
1756
4407
16474
4614
1547
4015
11255
1042
3286
1315
2909
11097
6764
3117
6071
3871
1548
2412
3183
1450
13126
85119
9034
1295
39606
20923
12216
813
9873
23957
5083
3148
2998
8834
16632
9267
2370
20997
4896
2604
1409
1085
3399
7909
21638
4540
25568
2342
7625
9518
11209
3991
36788
29948
18775
2548
3733
1727
4097
3487
6228
1327
11299
2471
12560
31873
1211
13442
24416
1192
7132
3891
13782
48451
40380
5392
1224
13957
3872
26355
1849
2019
2219
1970
15782
7999
8670
21118
17951
24468
4964
1033
1782
21479
4541
17810
1792
1514
2295
3218
12355
5492
4521
4960
27383
8257
4351
10299
75204
5934
7635
3016
1166
25139
8375
2639
40677
3028
18736
6362
3577
4438
21156
2872
2185
1101
3101
7497
14943
17045
3514
22888
599
34555
40720
2016
4612
3605
41028
11711
30189
11289
3642
9874
28659
15661
48270
1884
5124
1088
11477
34337
1672
1183
4768
29007
3455
8739
6649
4633
11233
2614
27521
58040
15244
15298
29457
1783
14614
23959
3023
5397
3084
3687
3643
14662
2930
27054
4896
17143
7153
1170
33247
8502
11736
1444
1457
8605
28463
8712
1913
24845
11835
2047
4064
1362
17393
968
2702
1223
14013
3396
2064
5137
20975
5055
4573
2337
9033
32755
18411
6190
55452
2078
1669
1496
55120
15228
1287
7292
1490
2026
3704
8227
1829
9780
1687
4900
2566
1723
12202
4311
6067
963
5056
16973
1968
664
2060
6281
2474
21427
3398
2383
8725
1839
2774
8921
2028
2240
30569
16014
57546
5876
3367
3621
8028
10386
1447
3297
1546
17162
1877
6804
7024
1971
14960
32229
12747
18988
8909
3948
45398
4426
27334
1562
1705
3101
1232
6961
1849
34492
1592
1609
3123
6257
3838
16596
2214
4252
2197
7545
