327581
1900589
816242
717838
1166484
550843
749037
572704
604015
1031964
830749
1196142
3079884
1243474
1892238
699990
328194
923606
694335
2725306
630176
1267156
1362017
484509
2287639
1477092
176659
328416
446947
2633721
846282
1697490
738206
847659
2854700
2033413
1090871
1177849
1236769
2031129
1054404
1203232
211668
1708150
864500
593991
1670775
1571643
1307418
1878040
1443554
1928842
1412328
1934747
854713
1253049
429180
928483
1418643
1878553
674619
872619
866254
866853
1303100
1133435
2151861
1809940
1125206
1461569
2084809
704298
2541007
2155781
396794
336704
723417
1182340
2178467
251487
1469683
778895
3593232
1277952
1868578
1208350
805999
1579419
548934
2101624
1717020
272050
244880
228019
2186387
1168533
979402
1728879
629264
438253
2231383
759071
2551893
144577
4528382
2121791
671769
1067255
2323225
440841
2418478
90275
1322883
2550933
1551022
448737
603601
1614086
1303891
721261
1427776
561175
3567049
1361439
4746706
2963050
898149
854744
2928088
1537809
1296750
932924
1553233
2319562
923920
1040264
919219
366337
5524
2164324
1837313
1877033
3045162
2251831
226532
2307252
1006742
499144
2328703
922717
551919
569870
2643913
751174
365757
1573338
778294
1997826
1672751
3146251
763019
787964
1717159
2097487
1592395
1610208
1299391
1412608
1242171
2827347
1531274
444424
1491802
162051
759540
1317440
1637480
381432
1981079
1441864
229895
1770823
1290179
138829
684249
782977
1014212
578836
955761
350958
250443
2001666
1030263
781310
661673
2190581
1130185
1764602
1956441
977221
1276544
2701909
1154776
266267
336296
146035
534970
4198850
2178383
1796386
3243835
241286
125322
1298876
1601645
1981402
1214557
839225
2121273
366315
1258134
1752498
197531
1635476
1211355
1441932
394918
1039056
612334
1942462
187838
7687840
1574844
49579
2803089
1812085
365331
1083467
1074643
260328
2065306
2984577
1221846
3198441
127873
734109
1061017
1339594
628958
415966
450135
2059808
898616
1311794
1567120
267264
1190832
1880668
520877
2118599
993519
1323562
4146456
199312
533044
1120044
599534
817003
822374
2065250
917475
1935085
2708595
1010542
2250778
381687
1753864
3035397
758356
3164871
1766732
1284042
1325748
1129499
736391
1851175
1114510
754293
337188
716365
885270
1640442
573667
1557890
1326915
1782791
1442982
123191
1189284
532437
1753816
134307
309484
2529911
348704
1050498
915564
2061226
1110886
765652
313385
1558375
217728
1031953
1858367
970225
479791
815403
404670
1298210
1141518
372146
1118375
1675583
204246
1637063
1985892
2605226
1441469
3387603
640461
34822
146268
186990
2684061
663562
457485
214837
1640857
831796
1208047
526032
1531630
2424291
909715
1393540
1065607
1416457
1380686
2055621
2092099
2361425
1190414
278495
1647080
1677269
799506
378179
476912
1657189
1949997
1785663
674386
2128680
879907
1200584
4197650
2691967
2087729
419604
1144683
535578
2812979
234567
2391936
787908
3932171
2989533
1337035
1032073
883566
695412
826140
77025
405829
554990
1069855
1499148
1167968
2705732
1210506
4451924
237614
1153558
3037865
508769
1549582
560837
705249
608615
999724
1558305
1525197
2159851
2023002
959048
809586
726001
548043
314428
301173
684723
1528427
737811
250172
415297
1101187
152686
155272
527618
2043541
205852
4733741
550100
1970020
871811
1286079
1052064
1273198
1479991
2159981
1949559
760853
2825046
753819
1233693
1300627
1388670
1105435
828973
1931905
2417752
554020
1006922
767499
89521
286159
1446073
265621
304669
2862529
713438
3714270
1519356
722445
1373223
431224
549509
834095
177067
23531
624730
957592
2140697
2249835
1631369
299296
1903896
2637716
828907
1621420
849924
1641002
147338
1135450
171555
1194942
899629
2066183
2171718
466258
1695325
626537
361494
466480
1526519
1045583
1254240
849155
954491
1561798
1762098
3106476
131384
270363
761936
231362
2451265
809701
623100
1182971
453572
333075
229566
1231251
2515538
881389
382551
1003433
1389088
1837077
1716458
4840836
391594
2316078
885830
470657
159510
3331947
939858
278031
1219039
2207643
372555
831531
1193031
1411430
3736166
388952
1779923
335014
2598806
722492
791174
837532
897362
1464020
300671
1403500
704080
1563549
2160160
404984
1406346
1904458
1164582
616006
2023807
591659
653312
3341040
168978
2085440
3475342
1324452
1414885
1455696
1568672
347102
351992
857969
5429518
86612
859165
216855
930433
1149362
3127492
977013
15281
1012665
1145500
2258428
730964
1268198
977430
1401134
2074677
122300
190691
974906
740343
310494
821076
923648
2251857
661135
2266129
1154688
1590060
124156
602061
1288562
1232799
1979632
1593103
872081
267202
1139889
267783
450360
2241704
370036
201366
1734405
627637
1093511
2160010
170071
1147956
687693
307608
814600
1082091
1793968
1692995
568612
562589
1964756
1930706
2423844
1463820
2092343
341986
2269934
1524631
561083
1596034
641656
789687
670539
165835
1318410
1714520
296019
1800002
809409
1898160
1215337
798503
661838
4460555
1382387
1125709
2297088
1861330
956798
1665365
595568
1845776
116934
614023
489723
1234996
1489852
3233048
1957332
2169663
1409466
715292
268423
1241482
1771173
402881
293149
502388
1126153
1256094
827114
266587
1772027
443589
3274427
905994
573278
1157939
1494876
2506744
989313
1368366
556624
1046625
620258
1196343
97690
1726227
1843973
2093275
1365147
1280470
470623
921247
315960
232955
2145198
431765
2805997
701715
4518046
1046879
572744
1320504
874105
2856957
721649
1510502
3757369
202270
1238551
1804928
778326
2535799
702330
804412
1184047
916906
770821
917369
2195038
2278374
86882
1002357
542061
1750095
1429381
1072170
701202
540668
185645
511448
555041
1111471
699979
692752
1047163
1137621
2083025
1420307
572824
668311
439159
1503566
763308
2284656
706680
819070
1058538
2192515
3856922
487206
961415
979544
644435
811276
917660
602620
1530143
2707995
999905
634048
881960
617802
596374
1275366
768149
2961885
1094032
89834
1033611
264821
427708
869522
439400
516370
656185
1956213
2000780
2134806
1298375
1106545
1441957
708317
1285155
2099242
1400490
604601
859841
502139
790992
2438175
2321899
324076
1618538
972975
455647
1246344
2242021
1552201
1515376
452761
277057
914718
1554238
2222929
161515
1223536
549021
1210560
988981
1303836
236095
1032003
2223599
1061669
1365328
1738293
1385784
1037948
2349334
205780
1703463
2098771
429961
1976725
946927
2177701
1907158
2323997
1287205
1070684
2716012
471459
136566
579503
812030
737031
454181
272699
1231323
479059
2245715
297206
1101663
1351130
527278
2107253
1103979
1352775
474488
72299
856016
1263708
1281107
438532
1127786
3176050
831945
592669
1162746
1193691
2605447
3969417
2255100
465654
354767
212873
493774
1509608
2353358
1948878
541176
152544
1942016
760846
3172450
1375861
7341009
98081
875860
1306794
1390903
1644827
2159827
3422669
166929
886636
2559653
1110862
922965
808381
1526774
1253781
22425
3495411
519087
88916
1968535
769156
502165
2274762
1634235
2368858
2512605
400904
421871
836678
82741
1062400
3607938
1716613
1468468
2112830
1692164
1218923
856325
405739
279759
163923
528987
1042756
2353852
231842
2582887
926239
1074575
2693119
3629924
870462
3273714
3249643
1899063
3021955
598707
1322400
1769593
2808921
1204149
440400
1379260
1273490
1171859
1693282
575090
2719800
1637706
1127176
494005
965377
1607545
1390813
2776018
517274
1005433
1287242
1021432
451196
784455
1917744
1155195
1640799
4992396
1268719
650389
1145147
1178503
1609851
745265
3195512
1252701
978254
474492
586263
3179339
523268
27255
3562965
122354
2292542
632737
618731
1282111
238827
881056
699388
1155347
1243205
1709616
929087
1184374
1968286
1390590
707653
3095907
133289
1075659
1104047
381786
2662307
152589
1523940
