68283
7281
7240
11640
4522
4323
129047
5308
85171
73546
8718
47956
116770
12659
92726
82055
3085
14223
22605
17474
97776
29903
2761
10629
77184
3319
11889
1990
44254
41397
13022
12054
4158
34673
13727
156361
45073
30936
8547
5207
8540
60544
21559
7378
9552
17343
161521
65743
44904
7607
6212
13456
1442
8362
4634
3857
80460
14567
12000
26376
94130
47039
104807
38290
82659
9087
4468
126779
131276
22601
117939
4342
4295
7946
12738
121802
20534
120914
9665
35871
81355
8254
14588
17288
11797
5838
2962
5642
8478
23349
8469
13685
23651
89633
77018
51828
6090
19805
5691
31648
33846
31894
155177
49498
5891
8643
9884
7873
102198
4016
13956
83730
11797
7377
36512
112937
43484
19371
28244
81734
22478
7409
82815
297728
22154
5090
24222
32035
6142
103555
5624
106947
9428
10393
56957
5515
9865
12950
32963
34340
12257
42424
23138
45166
6978
4034
176851
4455
39517
92051
31997
104283
2986
87941
7213
77246
137883
21248
30864
10179
18810
140661
4155
80130
5289
43338
89267
8107
6918
11728
5576
222959
88733
6172
5113
103760
5991
215527
73162
22005
6384
4110
31687
6982
21172
80172
110507
97335
4374
48627
16440
44154
65798
6732
4279
5481
60990
100536
44312
33734
81085
58774
11612
3743
109579
67846
27196
8416
74994
21748
8404
125679
37189
19391
101524
97095
53043
38687
7032
4211
4294
6803
51916
7034
30549
93102
40787
21947
31094
4380
33899
11465
27216
13525
8839
6791
43115
65735
82212
42018
15628
55033
3878
44629
69820
14973
107012
18069
25947
17195
145469
62390
163025
44643
169339
6039
3574
13098
11375
3939
3407
3641
67498
12500
9493
35139
164578
35522
78343
66209
21504
99920
6232
3492
4881
4885
67387
13223
151994
13337
119082
7059
6333
17533
36554
18198
18611
142287
83190
4595
21553
7949
66362
27713
5289
2895
25427
111353
5322
8993
6108
255493
22465
26294
58078
2245
88718
28931
77581
55328
9354
2727
3907
3050
179283
5743
15811
5924
10271
4348
9758
23678
39292
15492
6277
37891
145142
40829
63292
14192
31576
132880
3070
80342
7058
10290
149627
23702
179593
33485
4842
68888
11498
3896
18199
17654
11913
3972
12557
44750
14813
85617
84744
16067
236000
40608
61507
16766
159495
7919
48442
49164
12707
140584
7183
62179
115490
64305
66083
9002
20470
7329
65906
19575
41646
117528
65047
37245
12241
11216
7522
113901
147987
6862
15481
9639
2461
5866
97747
3943
9935
27284
14253
10168
5645
84286
42199
33627
11833
53767
11496
6225
13061
59855
25623
62116
9745
4245
59712
169944
6476
225689
3617
23414
91335
173603
190308
76339
13802
8260
76302
7329
85305
78697
16013
87933
22022
5422
14709
36938
9618
13125
25963
22551
13309
4680
2426
42315
31687
18156
4204
13848
16375
7558
19245
3546
9874
3688
24690
28535
6791
63758
7157
151315
49928
124159
3528
28560
10569
5240
13281
61802
8225
14239
2747
8987
4644
149482
27003
3805
37103
2033
2705
3852
28987
62072
14773
8974
107701
19511
30949
6049
26378
14828
22596
5036
134738
72479
12869
16336
56117
5908
18996
30698
40865
6271
5433
13524
42701
4662
7391
5416
23945
43063
50776
10972
2436
8176
46743
186336
3807
5388
110013
11496
13544
29501
4803
4131
8440
9240
215900
3545
3761
5190
38617
228376
50140
8871
23256
11989
59343
9160
195522
112983
2011
4240
8493
13659
13410
181847
16855
242474
3979
13877
9775
143039
60848
75564
7499
39382
3382
30741
4000
55145
58149
126182
54250
139455
51706
313799
5447
5470
10236
9874
15622
95306
21600
10508
289113
12794
15301
18657
4333
98748
186232
20572
38936
25222
108700
47196
2401
31138
75772
15300
25449
4405
71275
3141
136804
13336
190587
38001
42442
6769
8857
33752
16581
4906
6884
7267
17448
4664
50465
146895
18847
6471
97490
4820
31816
5531
2686
28221
10232
24546
7297
68265
32313
77912
45615
3503
110872
13273
60328
168028
13343
73553
26924
50754
57887
80828
28810
2675
10529
42898
8141
14759
51355
114364
47183
23723
31073
16114
56925
13085
160573
158313
26460
4583
6134
3577
34414
4106
12965
8581
11377
63535
8001
39211
12964
30204
4092
10995
123488
59573
82338
16697
6052
7489
86307
3055
19008
7158
3279
2904
40229
8665
38900
56906
2509
21489
76935
17702
54412
9310
58002
7951
7350
9503
10299
110836
79479
45278
5130
119735
61910
21254
65043
12564
20400
3989
22470
6546
9756
67142
36351
108808
22021
6933
1692
5233
11050
29521
4424
109168
20462
2693
43511
97788
9930
76623
101063
5716
4116
8439
37663
3834
36372
98896
4077
70870
40166
19549
66343
16575
34669
15532
24839
102800
11259
22905
37583
39604
38765
62777
28961
25665
2780
1739
33296
13138
7456
37150
6744
5414
8310
5092
4319
284233
141379
159115
17081
39160
71034
146377
12226
38094
14190
10236
99734
6780
92425
5904
73577
4771
95973
53970
64562
5562
2393
50346
8468
94630
48120
5140
74434
12586
10244
64157
99140
10390
27355
63823
2392
24814
71228
14494
39115
94045
12325
41847
5165
234630
18499
31046
43928
44837
54327
37055
10807
6841
17815
22684
8311
32910
13435
80699
81607
6664
20718
25021
54617
12536
11409
7557
6971
6786
101031
9582
18317
10729
60171
75247
24220
36587
73432
71246
79664
257829
12092
7285
65684
22749
10184
5476
232892
33573
14383
35099
45752
86301
2941
22277
65757
19787
27648
40736
4760
131770
40074
46197
9335
19387
110181
30156
12963
6209
4322
105359
4464
3724
1386
138836
5280
10025
9279
3975
2803
17257
13508
35070
99855
29948
32113
14004
5362
25851
13685
68456
66605
13180
77572
8476
65582
75946
13669
95118
41955
64237
124684
89333
20182
2873
11386
6375
5307
248385
19573
3560
2904
7126
45387
145385
144987
58400
56211
9324
12937
11872
36036
10317
10069
15881
18524
36403
5576
157502
7423
107564
5057
44641
2747
5635
48199
14220
10312
151711
11488
36717
16564
7422
10830
15330
9181
130301
106702
5776
29974
85661
5959
23606
10410
29383
26839
37181
85271
5660
9243
65008
74143
4937
6959
3887
102457
96948
291296
22580
44937
6261
148270
10000
42092
12482
90610
33115
36305
35182
5073
111687
93106
2644
7986
128696
18924
206778
3219
29920
5729
21521
30119
38766
14392
12743
3117
125790
33473
26885
8451
10283
158404
19242
