497
558
5901
1067
491
3928
784
1130
5204
258
7359
1113
1687
1274
948
374
764
2334
10446
1493
661
2556
1330
2728
333
933
472
1050
1679
291
821
3076
12786
497
713
682
433
577
212
244
442
1062
1866
995
546
489
789
709
656
4572
1276
6258
789
438
1393
377
489
334
370
2285
149
757
1369
504
5262
390
3035
279
1692
566
1408
482
696
1152
669
255
915
1924
314
1200
468
1723
457
353
429
4014
7428
301
942
416
1793
410
1127
316
1014
840
1327
406
536
7956
555
1388
1163
384
381
2994
401
2850
882
6915
12107
2426
712
258
3427
11371
358
2663
10673
1148
556
6507
388
1729
1317
486
890
2598
618
764
328
166
949
781
3661
580
722
775
339
571
332
2120
3575
982
654
7933
150
431
802
5390
9123
3485
1658
912
2149
1148
483
639
382
408
884
2469
2173
6214
930
1071
1180
1267
336
796
640
4736
579
945
948
1036
541
385
493
585
838
447
490
2607
3063
334
1272
763
388
1770
795
695
1931
598
2856
2464
275
8669
547
556
1533
330
2671
509
365
476
358
616
6012
444
1209
3238
250
892
5196
616
945
2655
5543
422
1397
451
890
296
903
4514
1366
804
812
513
10565
431
443
1051
2805
825
836
378
1005
427
443
2122
1396
1545
975
2360
848
9343
1239
1198
1110
1126
518
1194
729
900
1111
1827
538
527
680
352
1020
4835
1180
518
3225
353
6004
628
1000
2623
7129
346
3507
398
6186
3080
508
318
972
1278
1351
1940
823
3822
5986
344
1053
429
5729
592
620
604
1669
3834
740
586
1446
824
614
724
574
1740
481
457
128
656
1929
1399
939
1147
807
5022
881
363
1687
1028
1085
1654
1030
483
2205
2642
542
1385
1033
496
715
4032
2418
1147
1057
2400
8500
1177
293
2245
1426
493
2633
2106
450
936
1765
432
7162
352
5298
4286
793
1285
3110
865
1536
965
481
2617
5476
2699
1486
1829
623
5181
1034
391
3082
520
819
408
3122
1090
561
620
1047
538
898
6301
1517
419
393
1010
482
1021
1488
542
505
2311
450
972
518
617
521
920
1120
807
671
281
842
598
406
790
938
338
278
521
4298
2042
8576
515
584
280
622
747
574
3076
1131
256
4144
1509
209
508
985
490
829
662
770
3456
1346
2448
1131
2168
956
818
993
1128
1586
545
2313
3724
1874
5690
6026
4549
9626
634
427
1138
5802
2261
4142
1189
745
4452
571
756
497
5443
526
1427
992
1301
1577
3806
537
353
3099
2584
2397
1027
452
1704
290
533
5123
687
4337
10372
5508
288
488
1353
506
5528
756
2404
6322
4427
667
1883
1405
4625
6834
1174
525
596
1648
1510
388
397
337
1781
5361
7089
6715
578
981
356
1422
761
378
1563
940
214
5027
343
294
1814
425
897
446
15841
526
816
2250
1679
553
458
649
677
1179
752
2190
640
387
1215
616
1300
2023
1022
1330
4770
1006
717
10201
236
558
472
4253
1794
769
1622
647
694
1955
455
2446
466
3343
1892
2790
8906
995
575
694
595
786
474
460
600
1444
1640
776
2526
3837
714
1082
3348
939
555
333
582
3155
1255
1109
1150
6333
729
955
487
1086
852
1237
462
477
1220
552
11886
290
6584
10315
918
833
1087
1571
1265
560
1084
975
1961
286
436
1530
1347
648
176
6597
499
546
996
656
1299
1159
1346
748
3785
1706
320
731
864
4436
856
1004
692
765
775
1467
1400
718
290
564
412
9047
1010
722
1207
229
512
377
1201
5521
743
6659
689
231
492
2141
823
569
618
1116
1455
560
4906
610
785
825
1420
919
515
454
352
3122
1272
699
1322
3931
383
1191
4269
1363
252
8507
502
5167
1316
3472
3022
1842
4422
6148
491
1799
744
5025
779
4425
1951
353
468
1815
3010
1768
3092
1039
2061
14548
510
365
9819
211
6946
2285
5013
691
445
1035
935
1548
853
718
6524
927
494
548
1676
671
869
2901
2542
417
900
798
397
340
333
1514
4821
460
388
2804
637
3660
515
4419
335
376
2719
560
2564
3833
983
193
645
322
6978
868
1016
841
1074
289
617
191
830
2499
1455
3536
2173
436
438
641
571
378
381
565
1117
601
447
310
817
702
1934
2473
500
1208
722
29208
405
3016
2184
248
1320
3679
698
3429
1026
709
314
1188
1956
520
328
1477
1367
3407
905
439
572
491
1006
2692
1170
7027
1333
798
630
715
3111
826
1784
669
2212
474
9196
1638
1863
719
11233
591
693
321
360
1020
328
895
506
1033
10645
650
5320
716
690
2020
562
1815
1897
714
569
1232
2455
1327
4885
978
1721
9441
763
485
427
1137
2996
3495
408
9886
1029
5632
8689
2177
444
867
905
705
6193
7286
1940
1343
696
623
1680
1832
965
816
710
3300
2562
796
2628
2246
1233
341
530
1977
664
313
554
616
827
12981
820
379
333
4870
490
1460
22541
3017
414
500
588
3953
515
1183
498
2128
10832
3587
1365
1255
479
778
8305
933
2373
695
2077
2215
1746
2859
784
1404
2300
737
4555
1255
405
1016
497
595
566
496
1737
334
511
1272
356
728
958
3240
1399
378
9401
266
676
673
570
5735
614
482
1457
282
11578
1114
545
915
4365
788
4610
505
388
830
276
4531
2069
554
573
5501
8967
2455
4763
1292
4079
1374
1135
10516
796
2724
1090
1286
580
8737
524
2209
874
1252
848
16109
3764
849
598
5481
431
