180346,0,67,0,0,75,0,0
109372,0,89,3,0,60,0,9
11177,0,86,0,0,103,0,0
18281,0,64,0,0,92,0,0
56932,0,54,0,0,79,0,0
104179,0,94,0,0,70,0,2
23114,0,52,0,0,76,0,0
2570,0,71,0,0,103,0,0
91047,0,125,0,0,69,0,0
43509,0,80,0,0,107,0,0
55353,0,71,0,0,59,0,0
20242,0,95,1,0,70,0,1
8629,0,81,0,0,124,0,1
54165,0,77,1,0,146,0,2
90373,0,63,0,0,88,0,1
183132,0,113,4,0,80,0,9
26755,0,46,0,0,96,0,0
6672,0,52,0,0,111,0,0
24965,0,139,0,0,44,0,1
77484,0,86,2,0,59,0,4
77087,0,70,2,0,56,0,2
3842,0,88,0,0,105,0,0
8131,0,95,0,0,99,0,0
24102,0,75,0,0,78,0,0
44865,0,106,3,0,98,0,4
37986,0,25,2,0,66,0,3
48216,0,91,2,0,80,0,3
92901,0,98,0,0,93,0,0
44530,0,91,2,0,126,0,3
159283,0,66,0,0,106,0,0
81675,0,74,1,0,122,0,2
34951,0,84,1,0,71,0,3
16908,0,66,0,0,124,0,1
3554,0,92,0,0,61,0,0
166331,0,77,5,0,37,0,6
10897,0,149,0,0,105,0,0
42964,0,64,0,0,86,0,0
37669,0,31,0,0,112,0,0
111849,0,83,4,0,90,0,7
13466,0,120,1,0,66,0,1
3838,0,45,1,0,81,0,1
21855,0,61,0,0,72,0,1
22556,0,52,0,0,85,0,0
142900,0,70,1,0,150,0,4
4190,0,77,0,0,72,0,0
68483,0,64,2,0,96,0,4
22449,0,94,0,0,143,0,0
74082,0,50,1,0,89,0,2
16974,0,39,1,0,89,0,1
121775,0,105,3,0,121,0,4
216519,0,108,0,0,99,0,0
17433,0,115,0,0,52,0,0
4410,0,100,0,0,66,0,1
6989,0,97,1,0,49,0,1
20855,0,95,2,0,91,0,3
53602,0,70,2,0,96,0,3
33699,0,116,0,0,49,0,2
4828,0,123,0,0,81,0,0
111062,0,143,0,0,114,0,0
293262,0,76,4,0,68,0,9
51838,0,71,0,0,82,0,0
46237,0,60,1,0,63,0,1
98180,0,75,4,0,140,0,5
61415,0,140,0,0,52,0,0
13650,0,59,1,0,95,0,2
3650,0,35,1,0,97,0,1
6103,0,76,0,0,81,0,0
53541,0,72,0,0,101,0,1
112812,0,127,5,0,106,0,8
11267,0,113,0,0,73,0,0
4127,0,143,1,0,39,0,1
42828,0,49,0,0,67,0,0
12405,0,62,0,0,79,0,0
6406,0,84,0,0,110,0,0
163407,0,92,2,0,70,0,7
13460,0,37,0,0,85,0,1
142531,0,103,1,0,96,0,4
154582,0,69,1,0,65,0,1
82943,0,94,1,0,78,0,2
42969,0,62,1,0,63,0,1
90358,0,92,1,0,57,0,1
42075,0,64,0,0,93,0,1
25569,0,94,0,0,52,0,1
12036,0,70,0,0,65,0,0
11543,0,59,1,0,106,0,1
21269,0,94,0,0,100,0,0
49514,0,69,1,0,81,0,1
45673,0,132,0,0,95,0,0
105870,0,121,0,0,95,0,1
22652,0,66,0,0,112,0,0
41271,0,82,1,0,85,0,1
74959,0,67,1,0,76,0,4
24813,0,33,0,0,89,0,0
98297,0,65,1,0,85,0,5
40246,0,87,0,0,102,0,0
86017,0,175,0,0,115,0,0
72623,0,90,0,0,109,0,0
10227,0,52,1,0,105,0,1
8643,0,61,0,0,77,0,0
38747,0,72,0,0,93,0,0
5045,0,68,0,0,94,0,0
26136,0,106,1,0,62,0,1
21344,0,103,0,0,62,0,0
21594,0,111,0,0,44,0,1
131524,0,61,1,0,72,0,2
62270,0,73,3,0,70,0,4
7526,0,67,0,0,60,0,0
72710,0,73,2,0,72,0,2
103769,0,82,0,0,49,0,0
118698,0,100,2,0,100,0,2
162375,0,59,2,0,107,0,4
5196,0,89,1,0,44,0,1
47918,0,67,4,0,85,0,5
47892,0,67,0,0,51,0,0
155956,0,60,1,0,67,0,1
10886,0,57,1,0,94,0,2
27292,0,125,0,0,77,0,1
9231,0,71,0,0,143,0,0
7775,0,84,0,0,61,0,0
71220,0,89,1,0,117,0,2
38593,0,67,0,0,59,0,0
2471,0,71,0,0,106,0,0
10275,0,67,0,0,63,0,0
38166,0,66,0,0,102,0,1
6192,0,35,0,0,86,0,0
91125,0,87,0,0,94,0,2
137557,0,49,2,0,107,0,3
62240,0,146,0,0,94,0,0
24203,0,85,1,0,31,0,1
144212,0,79,0,0,163,0,0
49653,0,87,1,0,80,0,1
211256,0,102,0,0,91,0,0
28536,0,70,1,0,85,0,1
112725,0,81,0,0,74,0,0
53486,0,117,0,0,70,0,2
28677,0,63,0,0,76,0,0
32675,0,129,1,0,64,0,1
14646,0,57,0,0,80,0,0
64057,0,80,0,0,148,0,1
4110,0,95,0,0,151,0,0
116715,0,85,0,0,88,0,0
90778,0,115,3,0,143,0,5
125699,0,114,2,0,88,0,2
97482,0,96,2,0,133,0,3
42001,0,101,0,0,68,0,0
6168,0,121,0,0,51,0,0
74867,0,85,1,0,109,0,1
44688,0,49,0,0,85,0,1
95484,0,77,1,0,92,0,5
13945,0,65,0,0,147,0,0
44204,0,75,0,0,66,0,0
98602,0,104,3,0,128,0,6
108943,0,77,0,0,93,0,2
141399,0,94,1,0,93,0,6
31435,0,95,0,0,56,0,0
42264,0,125,0,0,95,0,0
19964,0,89,0,0,75,0,1
20278,0,60,1,0,74,0,2
69208,0,87,1,0,86,0,1
159592,0,147,1,0,88,0,2
85799,0,102,0,0,75,0,0
92935,0,105,2,0,72,0,4
37143,0,59,1,0,79,0,4
7631,0,94,0,0,79,0,0
55404,0,72,0,0,75,0,0
91832,0,94,0,0,74,0,1
58132,0,56,0,0,123,0,0
51358,0,77,3,0,83,0,5
93475,0,96,3,0,61,0,6
9821,0,106,0,0,57,0,0
9192,0,100,0,0,73,0,0
15940,0,116,0,0,141,0,0
154076,0,124,4,0,101,0,6
115198,0,117,4,0,86,0,5
175316,0,70,1,0,91,0,1
55197,0,171,3,0,74,0,4
17468,0,88,0,0,106,0,0
105374,0,66,0,0,60,0,0
28752,0,97,0,0,94,0,0
48455,0,90,0,0,101,0,0
43640,0,90,1,0,117,0,2
23490,0,42,0,0,117,0,0
3663,0,69,0,0,84,0,0
157134,0,86,10,0,74,0,12
49977,0,32,0,0,72,0,0
37274,0,37,1,0,89,0,1
165637,0,75,3,0,56,0,9
45502,0,70,0,0,94,0,0
9317,0,61,1,0,89,0,1
68120,0,95,0,0,118,0,0
21723,0,43,0,0,65,0,0
19952,0,96,0,0,71,0,1
100097,0,73,3,0,63,0,3
19746,0,104,3,0,96,0,3
14010,0,89,0,0,66,0,1
49019,0,73,0,0,49,0,0
52485,0,81,0,0,33,0,1
10773,0,60,0,0,94,0,0
10362,0,107,0,0,110,0,1
78278,0,56,0,0,72,0,0
110359,0,67,2,0,86,0,4
21142,0,69,0,0,54,0,0
67148,0,85,0,0,120,0,0
181864,0,69,3,0,108,0,6
102600,0,80,1,0,43,0,6
102331,0,149,1,0,85,0,1
30654,0,150,1,0,102,0,1
110229,0,99,1,0,98,0,2
9908,0,108,0,0,96,0,0
25298,0,107,2,0,132,0,3
12985,0,59,0,0,55,0,0
31695,0,98,0,0,31,0,0
7663,0,71,0,0,82,0,1
13857,0,87,0,0,50,0,0
76189,0,56,0,0,80,0,0
62234,0,154,2,0,60,0,6
4239,0,128,0,0,37,0,0
77574,0,99,2,0,97,0,5
58009,0,119,2,0,75,0,5
172502,0,70,3,0,122,0,6
87606,0,108,0,0,65,0,0
5645,0,63,0,0,77,0,0
64037,0,105,0,0,65,0,1
136294,0,143,0,0,79,0,4
107881,0,114,2,0,69,0,5
6843,0,70,0,0,53,0,0
127282,0,106,0,0,85,0,1
30202,0,45,0,0,68,0,0
47858,0,80,0,0,102,0,0
109394,0,60,2,0,68,0,3
151294,0,96,0,0,63,0,0
141920,0,29,4,0,144,0,7
101412,0,64,2,0,64,0,4
4016,0,92,0,0,97,0,0
42009,0,83,1,0,85,0,2
94494,0,64,1,0,136,0,3
124149,0,123,0,0,95,0,0
39452,0,53,0,0,41,0,0
119447,0,40,1,0,83,0,2
73637,0,119,2,0,69,0,5
17172,0,71,0,0,75,0,0
34100,0,73,1,0,44,0,1
32119,0,158,0,0,56,0,0
224720,0,198,3,0,83,0,7
155254,0,64,0,0,60,0,0
14590,0,101,0,0,76,0,1
121733,0,65,0,0,47,0,0
121529,0,64,2,0,114,0,6
3530,0,83,0,0,61,0,0
64797,0,134,0,0,127,0,3
56294,0,62,1,0,96,0,1
79929,0,106,0,0,53,0,0
18703,0,72,0,0,62,0,0
96088,0,66,2,0,79,0,2
48230,0,96,0,0,75,0,0
136308,0,64,1,0,123,0,3
27793,0,48,0,0,114,0,0
105641,0,53,0,0,93,0,0
5533,0,40,0,0,73,0,0
9728,0,121,0,0,92,0,0
14259,0,91,0,0,66,0,0
10203,0,63,0,0,60,0,1
10713,0,61,0,0,84,0,0
27367,0,57,0,0,77,0,0
21447,0,74,0,0,85,0,0
30560,0,63,0,0,93,0,1
61704,0,78,0,0,86,0,0
50278,0,43,0,0,66,0,0
103297,0,64,1,0,77,0,5
51414,0,113,1,0,83,0,1
28953,0,67,0,0,87,0,0
63088,0,62,2,0,70,0,2
221684,0,116,1,0,56,0,1
59592,0,119,0,0,93,0,0
66799,0,92,2,0,71,0,4
38091,0,72,0,0,72,0,1
17892,0,49,1,0,58,0,2
53125,0,75,0,0,46,0,0
160712,0,80,3,0,119,0,5
45188,0,77,0,0,94,0,1
141047,0,96,1,0,102,0,1
26027,0,65,0,0,112,0,0
110196,0,105,0,0,94,0,0
81842,0,77,3,0,73,0,4
164560,0,44,4,0,53,0,6
37959,0,38,3,0,78,0,4
116116,0,54,1,0,127,0,1
144444,0,74,0,0,122,0,0
116800,0,109,3,0,91,0,5
149311,0,78,1,0,59,0,3
87453,0,113,3,0,95,0,5
33876,0,69,0,0,79,0,0
79511,0,103,0,0,78,0,0
165152,0,88,0,0,111,0,0
254645,0,64,3,0,79,0,7
37380,0,67,0,0,61,0,0
115867,0,89,3,0,68,0,4
47433,0,94,1,0,91,0,1
56521,0,85,3,0,95,0,5
106096,0,88,1,0,101,0,5
39199,0,96,0,0,90,0,0
47643,0,49,0,0,44,0,0
119009,0,97,2,0,85,0,6
10079,0,86,0,0,109,0,1
46652,0,119,0,0,78,0,0
109754,0,107,5,0,89,0,8
34900,0,55,0,0,83,0,0
109192,0,42,1,0,70,0,5
4769,0,102,0,0,70,0,0
92472,0,83,0,0,73,0,1
77413,0,94,2,0,56,0,4
150835,0,104,4,0,103,0,8
179324,0,90,3,0,81,0,5
56711,0,56,0,0,63,0,2
71200,0,84,1,0,72,0,1
366524,0,89,7,0,99,0,8
312792,0,65,5,0,152,0,6
15761,0,53,0,0,92,0,0
21396,0,53,0,0,78,0,0
13234,0,87,0,0,159,0,0
159397,0,62,4,0,65,0,7
40142,0,82,0,0,93,0,0
133558,0,99,3,0,45,0,3
140189,0,101,0,0,82,0,0
5955,0,55,0,0,96,0,0
37289,0,66,0,0,49,0,0
4690,0,108,2,0,117,0,2
25128,0,133,0,0,43,0,2
64242,0,79,0,0,90,0,0
66635,0,48,0,0,42,0,0
230425,0,62,4,0,77,0,7
63624,0,39,0,0,90,0,0
81813,0,72,1,0,103,0,6
139322,0,90,1,0,53,0,3
50510,0,60,1,0,107,0,3
25661,0,63,0,0,69,0,0
27247,0,86,0,0,37,0,0
19501,0,80,1,0,42,0,2
39194,0,52,0,0,113,0,0
181611,0,144,5,0,68,0,7
60465,0,127,0,0,89,0,0
54263,0,113,0,0,93,0,1
63272,0,82,0,0,102,0,0
14871,0,101,4,0,58,0,6
114494,0,101,1,0,78,0,1
26270,0,59,1,0,70,0,1
238444,0,102,1,0,102,0,2
71528,0,77,0,0,97,0,1
100565,0,79,1,0,50,0,1
21951,0,76,0,0,73,0,1
14545,0,111,0,0,68,0,0
47311,0,72,1,0,60,0,1
50205,0,107,3,0,49,0,3
189946,0,72,1,0,91,0,1
19918,0,104,1,0,113,0,1
89283,0,99,2,0,125,0,2
23394,0,103,0,0,74,0,0
31394,0,52,0,0,75,0,0
180728,0,61,3,0,90,0,4
33934,0,43,0,0,143,0,0
10289,0,91,0,0,53,0,0
92704,0,67,3,0,68,0,6
6140,0,148,0,0,71,0,0
57069,0,98,0,0,109,0,0
23824,0,127,0,0,75,0,1
34764,0,99,0,0,74,0,0
16266,0,91,1,0,62,0,2
32123,0,80,0,0,99,0,0
16920,0,53,0,0,69,0,0
59028,0,60,0,0,69,0,1
91037,0,91,0,0,75,0,1
33064,0,62,1,0,88,0,1
130865,0,57,4,0,88,0,5
12462,0,83,0,0,139,0,1
106519,0,81,5,0,73,0,9
18476,0,80,1,0,87,0,1
29302,0,101,1,0,42,0,1
23366,0,88,0,0,59,0,0
18507,0,84,0,0,55,0,0
21494,0,113,0,0,78,0,0
33669,0,96,1,0,93,0,1
6305,0,74,0,0,55,0,0
45890,0,123,0,0,118,0,0
10221,0,73,0,0,96,0,0
59490,0,128,4,0,160,0,7
187845,0,137,1,0,65,0,2
37919,0,116,2,0,77,0,4
62505,0,57,0,0,87,0,0
121170,0,62,2,0,52,0,4
86402,0,74,2,0,116,0,6
160492,0,110,3,0,83,0,3
36164,0,92,0,0,56,0,0
6586,0,105,0,0,109,0,0
7864,0,58,0,0,44,0,1
33832,0,114,0,0,51,0,1
8692,0,96,1,0,120,0,2
69625,0,72,0,0,104,0,0
35917,0,82,0,0,100,0,1
97398,0,124,0,0,83,0,0
109736,0,92,3,0,79,0,6
23260,0,141,0,0,110,0,0
17817,0,52,0,0,77,0,0
115863,0,146,0,0,111,0,0
154753,0,118,2,0,141,0,4
71086,0,82,0,0,70,0,1
14600,0,87,0,0,99,0,1
60720,0,50,0,0,128,0,1
128808,0,61,0,0,86,0,2
98899,0,106,2,0,109,0,2
34935,0,64,0,0,92,0,0
18356,0,91,1,0,93,0,1
34282,0,134,0,0,56,0,1
134140,0,103,3,0,81,0,5
82727,0,52,1,0,75,0,7
172366,0,58,0,0,57,0,1
121096,0,63,1,0,104,0,3
113390,0,85,0,0,60,0,0
74072,0,86,0,0,72,0,1
6311,0,80,0,0,61,0,1
56264,0,84,0,0,104,0,1
76777,0,94,1,0,89,0,3
77870,0,139,2,0,50,0,3
6201,0,85,0,0,60,0,1
13231,0,106,2,0,74,0,2
108009,0,89,0,0,120,0,0
8350,0,99,0,0,66,0,0
102647,0,159,0,0,66,0,0
48002,0,95,2,0,116,0,5
198026,0,80,0,0,116,0,0
18640,0,63,0,0,83,0,1
21702,0,65,1,0,82,0,1
33638,0,90,0,0,145,0,1
121207,0,69,1,0,112,0,3
116669,0,89,0,0,68,0,1
23900,0,53,0,0,45,0,1
71769,0,100,0,0,99,0,0
4003,0,66,0,0,112,0,0
28002,0,94,0,0,99,0,2
176528,0,132,3,0,95,0,6
91341,0,94,2,0,51,0,4
186418,0,120,2,0,96,0,6
53253,0,97,0,0,56,0,0
33666,0,100,0,0,84,0,0
83363,0,69,0,0,100,0,0
106478,0,47,0,0,75,0,0
31699,0,53,0,0,93,0,0
288401,0,96,4,0,80,0,9
46681,0,61,0,0,97,0,2
113257,0,71,3,0,80,0,5
3490,0,83,0,0,88,0,1
89636,0,63,2,0,87,0,4
6449,0,63,0,0,84,0,0
95375,0,72,1,0,111,0,3
76968,0,90,0,0,100,0,0
25021,0,50,0,0,81,0,1
12313,0,101,0,0,82,0,0
31410,0,81,0,0,109,0,0
152524,0,95,1,0,72,0,1
64723,0,65,5,0,118,0,7
2275,0,68,0,0,70,0,0
131528,0,158,0,0,54,0,0
70990,0,40,0,0,98,0,0
90652,0,72,2,0,86,0,2
33308,0,131,0,0,63,0,0
23074,0,124,1,0,73,0,1
124631,0,66,1,0,124,0,2
116759,0,72,1,0,58,0,2
14061,0,55,0,0,106,0,0
32533,0,113,0,0,84,0,0
77203,0,115,1,0,100,0,2
5813,0,98,1,0,118,0,1
85453,0,51,2,0,92,0,4
6638,0,89,0,0,65,0,0
197985,0,73,5,0,60,0,7
22559,0,116,0,0,87,0,0
123183,0,110,0,0,91,0,3
3670,0,92,0,0,77,0,0
58372,0,94,3,0,38,0,3
21477,0,160,0,0,80,0,0
27155,0,81,3,0,90,0,4
33370,0,90,0,0,43,0,0
10709,0,141,0,0,41,0,0
49067,0,85,1,0,114,0,2
5607,0,58,0,0,95,0,1
24660,0,82,0,0,120,0,0
64405,0,104,3,0,72,0,4
144781,0,104,0,0,107,0,4
2791,0,44,0,0,89,0,0
185768,0,98,6,0,53,0,8
218655,0,77,6,0,87,0,7
201676,0,60,0,0,78,0,0
106010,0,58,0,0,58,0,0
22645,0,99,0,0,84,0,0
122240,0,131,0,0,130,0,0
30652,0,79,0,0,147,0,0
14043,0,144,0,0,77,0,0
39636,0,54,0,0,124,0,0
249419,0,78,2,0,83,0,4
47579,0,175,1,0,77,0,1
94243,0,93,0,0,101,0,0
23387,0,43,0,0,135,0,1
83378,0,41,0,0,39,0,2
18079,0,34,1,0,68,0,1
4436,0,77,0,0,52,0,0
2134,0,57,0,0,69,0,1
16499,0,96,0,0,74,0,0
38904,0,62,0,0,55,0,1
38008,0,100,4,0,97,0,6
3361,0,72,0,0,56,0,0
35029,0,103,1,0,79,0,1
66669,0,130,0,0,48,0,1
35777,0,71,1,0,63,0,1
67334,0,80,1,0,80,0,1
85851,0,121,2,0,92,0,3
4694,0,95,0,0,40,0,0
44434,0,140,1,0,45,0,4
118012,0,56,1,0,124,0,4
4742,0,79,1,0,105,0,2
15732,0,75,0,0,91,0,0
82240,0,68,0,0,93,0,0
212336,0,64,4,0,81,0,9
92320,0,101,1,0,112,0,2
244574,0,43,1,0,80,0,1
25085,0,65,0,0,80,0,1
33791,0,56,1,0,121,0,1
38128,0,54,1,0,109,0,1
23948,0,58,2,0,72,0,2
29838,0,111,0,0,115,0,0
4618,0,124,0,0,92,0,1
94674,0,145,4,0,86,0,7
82784,0,100,1,0,84,0,3
48434,0,112,3,0,82,0,3
68129,0,65,0,0,122,0,2
5225,0,105,1,0,99,0,1
83507,0,112,2,0,54,0,3
107107,0,73,0,0,77,0,0
105321,0,107,0,0,99,0,0
61712,0,53,2,0,128,0,4
5813,0,92,0,0,128,0,0
29213,0,114,1,0,78,0,1
99315,0,67,2,0,89,0,3
39297,0,64,0,0,59,0,0
57281,0,94,1,0,88,0,4
101770,0,85,2,0,81,0,3
30227,0,41,0,0,70,0,2
49044,0,86,2,0,65,0,2
227369,0,124,2,0,64,0,5
31412,0,63,3,0,78,0,4
69688,0,71,3,0,65,0,3
47020,0,103,1,0,102,0,1
6347,0,48,0,0,86,0,0
25143,0,109,0,0,42,0,0
74107,0,80,0,0,80,0,0
32629,0,52,1,0,69,0,2
31499,0,69,0,0,138,0,0
4227,0,71,0,0,86,0,0
16097,0,74,0,0,55,0,0
55029,0,110,0,0,101,0,0
3170,0,146,0,0,80,0,0
176671,0,116,1,0,76,0,6
38813,0,72,0,0,71,0,0
77142,0,58,3,0,98,0,9
26503,0,117,0,0,49,0,0
131129,0,73,2,0,101,0,3
36146,0,44,0,0,55,0,0
58210,0,84,0,0,139,0,0
38939,0,85,0,0,75,0,1
41887,0,94,1,0,86,0,1
135818,0,92,1,0,138,0,3
7580,0,57,0,0,66,0,0
81162,0,49,2,0,85,0,2
133890,0,72,2,0,122,0,6
140840,0,79,0,0,92,0,0
39843,0,59,1,0,84,0,4
531516,0,116,3,0,50,0,4
153046,0,82,3,0,94,0,5
87144,0,87,2,0,101,0,4
25393,0,62,1,0,76,0,1
47973,0,70,0,0,65,0,0
14118,0,77,0,0,31,0,0
78269,0,111,1,0,44,0,1
22076,0,98,0,0,62,0,1
161917,0,94,0,0,48,0,0
53941,0,82,0,0,59,0,0
153180,0,50,5,0,69,0,10
8469,0,61,0,0,49,0,0
56122,0,74,0,0,60,0,0
4697,0,64,0,0,62,0,0
65314,0,48,2,0,129,0,2
82781,0,96,0,0,109,0,2
1585,0,82,0,0,85,0,0
65644,0,50,0,0,82,0,0
139558,0,98,1,0,102,0,4
54963,0,64,1,0,64,0,4
161330,0,76,4,0,69,0,10
46770,0,101,1,0,80,0,3
12139,0,62,0,0,59,0,0
45167,0,87,3,0,103,0,6
32626,0,79,2,0,94,0,4
95881,0,112,0,0,43,0,0
64218,0,94,0,0,43,0,0
34037,0,68,0,0,56,0,0
15126,0,109,0,0,78,0,1
3808,0,107,0,0,48,0,0
5063,0,51,0,0,82,0,0
14560,0,74,0,0,66,0,0
75732,0,128,2,0,84,0,9
130044,0,53,1,0,45,0,4
60331,0,83,0,0,69,0,0
69552,0,92,0,0,72,0,0
35524,0,71,2,0,81,0,3
10486,0,79,0,0,51,0,0
7081,0,127,0,0,69,0,0
10300,0,99,0,0,89,0,0
28698,0,72,0,0,47,0,1
25562,0,96,0,0,57,0,1
100804,0,67,4,0,62,0,10
66458,0,77,0,0,52,0,1
84016,0,101,0,0,91,0,2
97677,0,111,2,0,82,0,6
45333,0,60,0,0,70,0,0
10995,0,110,1,0,100,0,1
242570,0,130,4,0,71,0,5
28353,0,52,1,0,135,0,1
11932,0,91,0,0,145,0,0
94281,0,103,2,0,69,0,3
13507,0,82,0,0,120,0,0
189263,0,91,6,0,137,0,8
7977,0,90,0,0,84,0,1
15336,0,89,0,0,114,0,0
177255,0,39,2,0,110,0,4
13314,0,93,0,0,59,0,0
120325,0,105,3,0,146,0,8
2381,0,76,0,0,70,0,0
43982,0,82,1,0,45,0,3
9316,0,47,0,0,112,0,1
7207,0,74,0,0,98,0,0
90403,0,53,1,0,73,0,2
17506,0,60,0,0,91,0,0
164355,0,92,5,0,87,0,6
121283,0,101,0,0,99,0,1
24695,0,70,2,0,110,0,2
140612,0,121,1,0,82,0,5
18903,0,61,0,0,55,0,0
146263,0,81,4,0,78,0,12
110713,0,57,0,0,122,0,1
66905,0,140,1,0,82,0,1
34339,0,60,1,0,70,0,2
4924,0,102,0,0,60,0,0
175527,0,116,2,0,117,0,4
241447,0,125,4,0,75,0,7
27927,0,72,0,0,74,0,1
77487,0,66,0,0,64,0,1
76126,0,79,3,0,86,0,7
13513,0,48,0,0,95,0,0
33510,0,103,1,0,78,0,4
37761,0,121,0,0,82,0,0
115580,0,159,3,0,43,0,7
18850,0,73,0,0,101,0,0
11022,0,61,0,0,67,0,0
104088,0,75,0,0,67,0,0
112442,0,92,0,0,116,0,0
54073,0,51,0,0,71,0,2
24806,0,76,1,0,121,0,1
7294,0,158,0,0,69,0,0
104339,0,77,1,0,150,0,1
6840,0,79,0,0,85,0,0
9613,0,64,0,0,73,0,1
35806,0,71,0,0,55,0,1
50082,0,57,2,0,49,0,4
93795,0,74,1,0,88,0,3
31690,0,82,2,0,51,0,2
8025,0,91,0,0,66,0,0
140524,0,64,3,0,68,0,5
257216,0,69,4,0,95,0,8
252964,0,42,0,0,74,0,1
59557,0,76,0,0,129,0,1
15326,0,71,0,0,60,0,0
5981,0,71,1,0,89,0,1
55194,0,83,0,0,54,0,1
5820,0,68,0,0,101,0,0
3085,0,142,0,0,82,0,0
47632,0,54,0,0,77,0,0
67964,0,100,2,0,114,0,3
84781,0,133,0,0,90,0,1
10427,0,61,0,0,110,0,0
51969,0,72,1,0,103,0,2
147130,0,57,2,0,75,0,7
6056,0,76,0,0,99,0,0
73348,0,65,1,0,71,0,2
45403,0,82,0,0,109,0,0
6729,0,77,0,0,90,0,0
39057,0,99,1,0,116,0,3
94609,0,84,0,0,64,0,1
25598,0,66,2,0,83,0,2
72500,0,130,1,0,74,0,3
8057,0,81,0,0,61,0,0
64984,0,102,3,0,69,0,5
9379,0,91,0,0,81,0,1
80930,0,64,1,0,72,0,4
148905,0,80,6,0,89,0,7
28117,0,105,2,0,117,0,3
186594,0,58,3,0,51,0,3
98892,0,132,1,0,74,0,2
137306,0,52,2,0,73,0,2
13974,0,29,0,0,90,0,0
8270,0,73,0,0,144,0,1
185396,0,75,0,0,130,0,5
118673,0,99,2,0,54,0,3
7400,0,88,0,0,60,0,0
48839,0,49,0,0,100,0,0
35681,0,68,1,0,104,0,1
22860,0,105,1,0,73,0,1
162948,0,59,4,0,63,0,6
17323,0,79,0,0,107,0,1
44959,0,61,1,0,138,0,1
20907,0,90,1,0,94,0,1
33745,0,64,0,0,72,0,1
46821,0,76,0,0,110,0,0
94215,0,133,0,0,96,0,1
95134,0,58,0,0,54,0,0
71070,0,74,3,0,48,0,4
48942,0,90,0,0,138,0,4
2993,0,64,1,0,44,0,1
9123,0,59,0,0,101,0,0
49660,0,114,2,0,91,0,2
18505,0,151,0,0,55,0,0
18363,0,43,0,0,71,0,0
47272,0,72,1,0,154,0,1
171766,0,83,1,0,58,0,4
11040,0,88,1,0,81,0,2
8924,0,77,0,0,64,0,0
48393,0,61,1,0,75,0,1
4488,0,114,0,0,64,0,0
247640,0,59,3,0,89,0,6
150844,0,77,0,0,89,0,0
134707,0,70,0,0,136,0,1
4365,0,38,0,0,47,0,0
39317,0,57,0,0,86,0,1
133336,0,85,2,0,79,0,5
91389,0,90,2,0,92,0,6
33015,0,63,0,0,130,0,4
5755,0,92,1,0,66,0,1
106322,0,115,2,0,80,0,4
47211,0,132,0,0,80,0,1
56955,0,55,1,0,84,0,3
111607,0,76,1,0,51,0,1
123336,0,90,0,0,91,0,0
59190,0,36,2,0,58,0,2
103901,0,77,5,0,65,0,8
118048,0,65,0,0,84,0,5
145366,0,72,0,0,81,0,0
2037,0,151,0,0,109,0,1
232225,0,99,3,0,85,0,10
37322,0,84,0,0,82,0,1
81277,0,73,3,0,101,0,6
209835,0,110,5,0,79,0,7
65441,0,78,5,0,124,0,7
6436,0,82,1,0,68,0,1
179043,0,76,6,0,78,0,9
13944,0,99,0,0,55,0,1
124180,0,55,0,0,74,0,3
9035,0,53,0,0,62,0,0
18041,0,58,0,0,66,0,0
103771,0,99,2,0,47,0,6
37318,0,132,0,0,51,0,0
110069,0,48,0,0,74,0,0
23140,0,64,0,0,131,0,0
83118,0,57,0,0,111,0,0
72175,0,80,3,0,96,0,6
147138,0,93,4,0,64,0,7
93230,0,64,2,0,77,0,3
207028,0,112,2,0,81,0,3
106428,0,64,6,0,66,0,7
20106,0,157,0,0,115,0,0
41009,0,62,0,0,104,0,0
4219,0,81,0,0,96,0,1
33640,0,112,1,0,102,0,1
33581,0,129,0,0,109,0,2
118867,0,124,0,0,84,0,0
78413,0,76,4,0,66,0,8
170376,0,88,2,0,82,0,5
3507,0,102,0,0,74,0,0
13186,0,76,1,0,125,0,1
33890,0,108,1,0,65,0,1
187110,0,78,0,0,153,0,1
108688,0,76,1,0,149,0,3
15657,0,102,0,0,57,0,0
5039,0,73,0,0,71,0,0
165079,0,44,1,0,121,0,4
29098,0,62,0,0,79,0,0
2525,0,93,1,0,108,0,1
8111,0,69,0,0,65,0,1
2132,0,86,0,0,43,0,0
38535,0,91,0,0,68,0,0
97550,0,41,4,0,94,0,7
31874,0,101,0,0,76,0,0
4119,0,85,0,0,72,0,0
7327,0,69,1,0,97,0,1
250033,0,91,2,0,55,0,6
108395,0,43,0,0,129,0,1
87612,0,75,3,0,96,0,5
60688,0,67,0,0,119,0,0
204307,0,59,0,0,62,0,2
158713,0,88,1,0,78,0,4
32862,0,74,0,0,88,0,0
9001,0,108,0,0,75,0,0
64301,0,82,0,0,72,0,0
61865,0,154,0,0,51,0,0
231675,0,91,1,0,103,0,1
30670,0,78,1,0,68,0,1
11010,0,71,0,0,63,0,0
13082,0,43,0,0,99,0,0
4869,0,63,0,0,124,0,1
47273,0,53,0,0,54,0,0
40574,0,59,2,0,65,0,3
188202,0,140,7,0,89,0,11
250717,0,27,0,0,149,0,0
170216,0,84,6,0,52,0,8
262027,0,97,3,0,103,0,6
66949,0,57,0,0,73,0,2
133946,0,84,1,0,42,0,4
21913,0,76,0,0,64,0,1
16893,0,89,0,0,111,0,0
38511,0,106,3,0,55,0,5
129915,0,92,4,0,122,0,4
22010,0,76,0,0,68,0,0
119330,0,80,3,0,124,0,8
74458,0,86,4,0,71,0,4
120160,0,64,2,0,53,0,2
135776,0,77,4,0,111,0,7
17545,0,90,0,0,44,0,0
61544,0,67,2,0,49,0,4
103825,0,108,4,0,145,0,5
161859,0,79,4,0,58,0,6
129220,0,71,1,0,79,0,3
73104,0,112,0,0,62,0,0
15387,0,82,0,0,102,0,0
114576,0,91,2,0,66,0,8
123592,0,50,2,0,88,0,5
26594,0,81,0,0,91,0,1
108941,0,39,2,0,111,0,4
25100,0,126,1,0,49,0,1
51795,0,62,0,0,139,0,0
48568,0,103,1,0,62,0,1
224571,0,85,2,0,53,0,6
12714,0,51,0,0,69,0,0
27679,0,63,0,0,83,0,1
12866,0,61,0,0,88,0,1
135294,0,59,3,0,76,0,5
22842,0,78,0,0,33,0,1
48100,0,94,0,0,54,0,1
34784,0,58,3,0,141,0,4
178249,0,69,6,0,55,0,12
79336,0,82,0,0,125,0,0
14305,0,43,0,0,109,0,0
2873,0,39,0,0,128,0,0
238955,0,65,5,0,64,0,10
83318,0,73,0,0,93,0,0
107503,0,58,2,0,100,0,4
28511,0,87,0,0,91,0,0
11004,0,69,0,0,91,0,1
118710,0,60,4,0,86,0,7
7506,0,52,0,0,106,0,0
114504,0,69,4,0,88,0,6
81131,0,123,1,0,118,0,4
15199,0,84,0,0,85,0,1
8052,0,62,1,0,93,0,1
182184,0,103,4,0,56,0,5
10015,0,104,0,0,98,0,0
79517,0,38,2,0,71,0,3
131742,0,163,2,0,113,0,4
37286,0,103,3,0,80,0,3
54139,0,112,3,0,78,0,5
116105,0,84,2,0,46,0,5
7373,0,98,0,0,85,0,0
6333,0,60,0,0,99,0,0
3981,0,87,0,0,61,0,0
105022,0,75,0,0,103,0,2
35723,0,106,0,0,86,0,0
78021,0,137,1,0,58,0,2
56667,0,67,0,0,92,0,0
18632,0,71,0,0,106,0,0
214847,0,79,2,0,87,0,6
47525,0,134,2,0,75,0,4
120117,0,112,2,0,83,0,4
29491,0,78,0,0,79,0,0
117267,0,104,0,0,153,0,0
67153,0,82,1,0,67,0,1
3792,0,85,0,0,64,0,1
177919,0,66,0,0,113,0,1
20341,0,142,0,0,79,0,0
4169,0,60,0,0,93,0,1
36834,0,80,1,0,113,0,3
13390,0,69,0,0,74,0,1
44662,0,108,0,0,63,0,1
92848,0,43,0,0,78,0,0
64640,0,69,2,0,61,0,4
2660,0,64,0,0,81,0,0
8585,0,50,1,0,78,0,1
54261,0,87,0,0,44,0,1
4766,0,86,0,0,74,0,0
4060,0,69,0,0,75,0,0
104292,0,82,3,0,90,0,6
28116,0,63,2,0,73,0,2
59791,0,79,2,0,117,0,5
107400,0,127,3,0,62,0,4
40678,0,62,0,0,90,0,0
48934,0,40,3,0,86,0,5
22705,0,47,0,0,100,0,0
99115,0,61,1,0,48,0,5
74340,0,103,5,0,62,0,7
34513,0,111,0,0,72,0,0
55431,0,61,2,0,165,0,3
29544,0,69,1,0,82,0,1
120387,0,80,2,0,107,0,8
17400,0,47,1,0,53,0,1
74507,0,129,0,0,35,0,4
12688,0,131,0,0,61,0,0
4442,0,45,0,0,134,0,0
36484,0,110,0,0,79,0,0
102509,0,49,1,0,87,0,3
2229,0,53,0,0,130,0,1
1587,0,51,0,0,90,0,1
25677,0,86,0,0,95,0,0
83774,0,86,0,0,81,0,0
97595,0,104,0,0,81,0,0
26412,0,79,0,0,73,0,0
298631,0,70,1,0,54,0,8
28468,0,85,1,0,54,0,1
22378,0,78,0,0,79,0,0
21979,0,39,0,0,71,0,0
8349,0,101,0,0,67,0,1
54948,0,82,2,0,106,0,3
83151,0,76,2,0,87,0,2
93826,0,69,0,0,70,0,0
47649,0,71,0,0,79,0,2
58951,0,49,1,0,28,0,3
123982,0,113,2,0,113,0,3
17944,0,78,0,0,79,0,0
98691,0,142,0,0,131,0,0
9478,0,127,0,0,128,0,0
99952,0,110,0,0,111,0,0
45796,0,82,1,0,111,0,2
28015,0,92,0,0,59,0,0
34456,0,74,0,0,88,0,1
101879,0,78,1,0,94,0,2
14655,0,78,1,0,72,0,1
26087,0,59,1,0,79,0,1
87677,0,114,0,0,81,0,1
4321,0,79,0,0,101,0,1
190770,0,45,3,0,81,0,6
1526,0,47,0,0,66,0,1
19084,0,109,0,0,60,0,1
185658,0,77,3,0,97,0,7
92433,0,52,0,0,128,0,1
45230,0,82,1,0,101,0,3
53598,0,101,2,0,64,0,2
4787,0,68,0,0,80,0,0
9045,0,126,0,0,73,0,1
5792,0,60,0,0,77,0,0
72005,0,61,0,0,85,0,0
41265,0,95,0,0,54,0,0
95790,0,106,3,0,62,0,4
39250,0,59,1,0,130,0,2
20762,0,56,0,0,79,0,1
106482,0,87,0,0,160,0,1
253718,0,98,0,0,118,0,7
24682,0,57,1,0,62,0,1
23608,0,68,1,0,82,0,4
68021,0,51,0,0,89,0,0
104750,0,109,0,0,97,0,2
53114,0,66,0,0,81,0,0
90705,0,57,6,0,87,0,8
74894,0,47,1,0,94,0,1
7507,0,92,0,0,76,0,3
178450,0,78,1,0,160,0,1
171454,0,85,2,0,127,0,5
13631,0,46,0,0,76,0,0
324368,0,74,5,0,64,0,7
43837,0,88,0,0,90,0,0
107424,0,78,0,0,117,0,0
114246,0,57,3,0,42,0,4
23073,0,63,0,0,117,0,0
3423,0,125,0,0,111,0,0
82158,0,119,3,0,91,0,6
38090,0,70,2,0,86,0,2
100092,0,120,3,0,79,0,4
137405,0,91,1,0,105,0,4
68369,0,87,1,0,84,0,1
38551,0,45,0,0,96,0,2
87070,0,81,1,0,151,0,5
45748,0,72,0,0,60,0,0
112392,0,106,0,0,61,0,1
173610,0,62,3,0,100,0,7
176409,0,119,1,0,68,0,5
60453,0,94,0,0,128,0,0
69384,0,92,0,0,90,0,0
18349,0,80,0,0,83,0,0
2824,0,45,0,0,77,0,0
