35128
25510
13740
26446
64969
101674
138382
16360
3828
64053
29352
116678
127451
31845
68453
76544
29718
104811
26717
50144
65158
44354
38531
30843
9333
45921
43267
1574
68478
14689
110158
83870
85804
52931
13465
12221
26826
55108
37676
33282
56774
39046
24337
86126
74763
105392
24314
28130
34080
31644
56794
104003
53687
18500
41310
5920
107722
145779
21229
6824
65895
41928
158913
17102
33334
2688
26233
38448
65697
22466
48593
131780
19721
26133
85128
41499
29006
84763
20939
28531
9060
42153
76037
50003
9858
27812
15373
14012
11561
26075
43701
7241
86285
58476
26739
64444
105442
99807
13998
24483
102441
70072
27938
18149
37928
157516
59910
24907
51777
52603
188480
38098
19458
50433
23273
71882
66150
65233
18874
64894
91716
51959
28927
39071
44705
66002
10932
76379
209147
47659
58855
67348
48306
122351
64731
64372
58573
45670
35912
54071
86881
66047
49930
47323
2495
40942
120987
76969
12339
89571
101266
12034
14113
24601
81526
37897
76137
4579
67413
68906
98750
74465
54676
29517
59868
137262
18888
54431
6722
84300
57681
44976
65888
9944
17807
54289
118810
84792
20929
173759
119862
43641
91540
13433
88525
54082
80219
77385
101623
26575
11456
36256
34326
48190
30916
10025
17422
69916
132109
25293
27720
88024
29335
17956
133525
135635
44371
36465
100424
41534
25358
5874
160979
158462
29736
67946
99243
68522
66525
39392
83343
66072
35769
24492
24937
36920
100912
5524
37988
141244
4051
39026
15367
70923
17333
17250
57981
50829
23980
36085
151392
115986
90462
61027
32310
16326
22052
50851
63352
9516
21609
55056
38676
50293
4377
2710
15948
23779
26083
10942
87608
55617
80072
125851
13831
100878
64525
17789
84797
166571
94051
58362
97058
58319
69309
7905
66207
18397
46142
95848
73270
88783
37896
29876
232030
100917
102336
55150
69535
22748
3809
46345
43988
51236
5099
73071
35803
46882
9708
38179
58018
6589
21286
72150
111501
122902
28388
30312
130455
58361
137017
76066
51444
61066
15141
37446
50444
42071
123500
37227
100070
94070
144067
78446
148523
76385
50413
176483
62266
36029
85264
25268
54550
16789
228185
91115
12242
90084
45752
77591
63618
72038
20112
38034
56547
97882
109223
17102
76508
35508
86350
2371
2771
80046
210297
41758
2733
31786
68788
29826
30976
61136
52779
49142
90316
38306
15657
41974
19596
122469
67666
40309
83104
40774
53238
28565
42462
44094
31277
25233
74848
11825
83252
51751
1432
57634
25194
88601
81024
45766
85119
42668
25099
6381
34367
20802
21906
56789
1305
8743
176693
10159
60292
54123
44269
167781
51953
83892
94044
18086
183196
64284
88685
15818
63220
66177
16246
115925
177598
114546
19466
81033
68551
6304
50146
6496
67975
58370
43923
37531
122635
23338
40073
14494
86816
16269
35670
32884
56778
43409
30147
50524
68383
94915
20709
92899
14227
38096
20453
9396
110174
19053
31049
55480
82904
29576
38868
35178
41191
97495
33917
35377
5454
29780
104871
96351
106327
33160
26764
4082
211204
211819
56686
62856
23005
17325
78957
45639
8387
20179
46078
3300
7993
11399
98017
170629
42476
67712
45107
78825
96537
87569
107099
75807
7881
83635
105724
29170
6071
13803
48377
57054
45877
52058
14320
68481
93402
68317
24994
56600
43623
9144
54657
15700
50951
53516
30388
11828
25078
24099
98507
5795
35872
84674
165465
61420
103087
44789
154345
13399
61281
49501
5787
68741
125417
27007
27192
75021
27815
61177
36570
32549
68641
39329
8756
78128
82420
9218
37459
41888
60400
17260
13329
17674
10663
52505
16271
84676
14829
68288
9860
33617
72310
3606
105062
32279
10814
54241
8439
12070
81328
44645
55735
46298
72981
11655
75803
88836
22144
37648
54053
69237
63685
67340
44647
17802
34973
155361
46538
38838
2881
118222
32781
85128
32991
35423
55709
58801
82535
77451
99570
46046
12515
11767
93919
110510
30903
15024
6012
64408
9420
60300
100611
76819
19024
62600
60942
151806
50427
67316
29192
90106
34834
46764
29464
28058
156077
48443
92683
52705
82643
52659
175839
72610
42406
61630
37725
58712
33951
14775
29348
19295
22209
4661
14257
31476
22152
76315
87039
32996
70675
33008
26225
19886
40067
34333
55967
65152
12056
66874
30867
58239
41237
82958
137939
40997
60105
46842
62281
33569
59865
69041
75004
11839
52706
8894
79361
53236
55211
71852
77278
93921
7623
5831
25429
3688
10359
180200
74536
74221
16927
127218
48672
143127
28975
107697
153366
25529
52339
48911
135348
54987
57765
78798
8750
17659
51379
35640
84407
40507
15411
8367
39529
32231
24471
12655
53478
15565
35649
98484
166357
28566
54992
74991
3053
6579
50153
53264
68834
35587
54239
4775
77736
75224
58745
35598
45044
54848
64495
60636
6547
42333
63689
37134
4081
67400
35835
120179
18072
141616
51781
101356
21648
61643
15752
71164
76598
25508
35014
114960
47632
47863
43787
39898
114759
44049
71816
70509
166945
80350
12572
48191
2438
29154
78248
134237
13439
65388
145749
32929
56160
13808
36626
4953
47821
48814
25190
34570
68504
149503
62300
31219
4008
11453
36397
102750
64407
104075
99405
49825
9304
81262
35537
82660
38914
22437
72083
62601
101702
55403
39881
70280
78531
8546
5448
122631
43993
25760
67542
57824
44207
6600
7628
28160
40276
69887
36990
19229
46645
61228
98112
47476
54770
31129
39814
72254
42593
12957
61492
99473
46433
34590
75149
66570
78590
19124
50263
81437
71220
173040
26743
59015
61234
12863
32266
64374
13302
189852
25527
16486
27056
100696
64355
38713
32336
19507
10621
140030
64731
39504
25516
18831
85016
76430
2759
85460
15863
12670
43473
153555
51634
34520
25383
44221
40623
91462
67524
78588
11460
63030
20482
10544
89689
11321
51902
64635
65824
41489
63676
108388
103484
3331
23321
16197
60475
86767
38971
87638
106833
41772
82636
33392
70265
5781
51952
12156
44855
40416
94239
19559
75997
40637
28211
55145
29879
29170
9787
43475
65591
47891
40350
66875
38453
10658
38075
36166
104074
14873
24450
35825
27401
55845
94510
23154
27332
44813
29261
45502
39974
58275
54867
122695
39911
32060
117631
29676
8305
14640
19655
29800
63321
64586
136190
26721
19460
16803
10491
26685
69983
34359
15583
118384
25858
16549
52528
179797
55046
45709
21577
10224
58108
54908
59830
5348
32689
106237
151674
63474
3656
42773
41429
30185
78913
102774
35631
89304
28261
125223
23839
119076
