34865
1631
1705
1674
8134
5818
14406
3027
1915
16623
1897
1442
897
835
1040
3133
2270
7356
81110
3384
4833
1851
2225
1469
2855
3945
4663
2389
918
1896
21398
1952
25030
1233
3214
13564
981
14131
12194
393
960
1486
1039
8069
1350
1504
6366
2760
1221
9366
906
6385
26135
1745
491
1556
8320
1753
29574
10907
3525
13243
1067
1162
1650
2180
7884
5187
530
1086
11667
28140
1820
1196
6201
2853
5159
36618
14510
857
2456
9665
989
16598
37588
1222
21775
23700
2874
6398
807
9257
3302
718
1584
33429
18183
1702
508
905
1774
1020
2180
4557
15808
4723
2144
4306
4704
12501
2836
1060
2235
3280
686
3286
2342
2388
1272
11247
5825
2378
655
1671
19988
12716
1081
1520
862
1328
2806
5610
5410
690
15670
809
6522
1577
624
1012
623
884
22656
1123
852
33310
39111
3051
1020
700
27050
1822
615
1212
12921
911
9336
8096
518
24556
2134
13717
2484
3418
19324
17081
2282
6584
13507
1298
1201
517
10867
14003
8244
25724
747
16137
1718
5144
1803
2224
397
1793
1924
4312
4678
643
881
1442
5670
4892
1377
1788
9992
2831
1114
6444
1303
1227
2813
1230
1091
1507
1490
1058
4308
759
4881
738
6774
3024
10868
14919
1052
7185
876
3882
8968
19012
2710
14245
764
2119
3169
1891
1879
3597
9733
1527
7132
736
1283
3318
899
457
808
888
1344
2257
1975
24980
3358
56071
491
2817
3304
2329
1299
1593
1480
8630
1833
3181
802
869
22299
2084
10101
2969
18333
1645
7496
1755
10040
2221
6420
56004
1433
442
1863
1073
1798
3049
1172
772
1884
19496
1253
1357
14660
1950
16313
36299
2342
2940
2171
1204
1372
6213
692
3129
702
7803
993
25065
21980
16370
3285
635
1695
14048
8086
1497
2340
2760
5510
1493
677
958
2374
228
4185
1869
16581
16666
37666
5168
854
2114
654
977
19065
912
1276
971
1173
5997
23192
13347
5930
1129
3011
3535
1442
12985
5186
1282
4090
1255
26399
1412
7805
575
845
4415
1110
1364
1155
1142
29266
1915
18295
1508
920
3252
1467
1030
760
1896
13893
688
16160
1261
965
2679
538
2145
31381
2266
19538
805
34270
35008
6251
9590
757
3921
4172
4901
9494
2144
950
1223
1490
22195
739
773
3034
937
1700
32783
1092
16077
4108
1722
2591
5776
17261
27622
35759
1009
32869
929
1342
2453
472
2400
1599
993
4935
11089
2210
16972
5907
3791
861
7395
1129
1511
22581
1624
918
2503
734
1425
1673
725
2149
1674
2053
1500
369
1977
7942
13506
352
1053
21721
46587
6944
1519
22973
1781
5810
1054
26706
2270
24828
24699
1473
1558
21202
5418
29672
1396
31479
1628
1258
2714
2705
2962
2113
1359
1047
5264
1562
5260
776
640
26219
9497
23860
17354
25375
2004
14988
1391
408
645
12838
1405
11785
33555
805
11163
1346
1577
1462
10963
852
4371
1211
3952
2431
18280
22773
2202
9623
7970
698
8807
2878
1183
19398
1061
1581
6046
675
48286
3024
13413
3128
7341
3728
1431
881
1642
2386
8625
889
4476
468
8531
1598
20859
5031
1283
448
4981
1005
1427
1093
1175
1195
10103
4360
1534
2161
1312
16239
12856
29613
6519
2732
402
930
2772
1572
1633
1431
1627
7043
1708
1272
3101
1487
780
20147
2300
8071
15400
693
2166
376
432
21024
2511
13694
35801
1260
969
1495
896
9302
18486
1011
6946
2439
1343
3307
3269
4228
841
6203
1589
2548
2461
1833
2802
6573
6117
1762
1954
20886
582
1285
1145
441
1463
29062
1038
4861
10588
8910
430
803
23789
2557
43178
1870
1706
3207
1389
650
2425
1452
1513
3247
1949
988
879
978
1704
3842
1262
2209
10950
607
2334
12385
13302
1389
1229
447
1783
2163
2271
1100
2579
1396
724
2217
1352
56721
5172
4140
3794
1235
6603
1979
2276
13704
1013
835
18406
393
1911
1151
1457
3332
9368
2551
16586
1232
2135
3790
16744
3373
18706
2460
4416
15912
5491
13367
774
28307
1023
1241
451
19269
1634
3161
1758
3059
871
921
6307
1268
939
1969
1137
1736
3927
2714
2019
609
4298
13513
29141
1875
2393
1056
7002
726
2450
1677
6385
2061
1154
4681
3941
8697
935
1424
29265
4503
20449
1394
2606
39283
1661
12394
15817
378
27000
1021
516
35558
3616
1285
23280
1924
6547
4699
1938
1887
854
41164
1152
32337
1537
50314
11499
748
2090
4363
10144
3024
11627
3128
434
6469
2888
3916
8078
1510
457
3134
747
1445
3054
1209
14353
3299
25125
10676
3883
1604
4659
1201
910
5890
12912
772
9911
2183
9280
4996
6029
458
918
3108
762
1402
2288
2601
8242
1123
4120
17997
932
1324
1535
1550
8006
11610
22101
1983
2291
608
550
980
7738
936
27861
1554
1218
777
22359
71953
20239
3196
4862
1525
1220
20700
2511
8752
889
3179
5393
610
14966
5215
907
982
606
5450
951
795
4715
682
6664
1511
715
754
1172
959
719
1157
600
19403
939
2319
1426
896
3153
1008
3701
1113
6167
4248
901
11314
13252
32381
5817
5248
1377
703
2192
785
1182
3095
8950
971
3294
8625
3302
1662
615
3068
8329
8420
791
1585
3443
998
838
1974
37884
7079
2569
2156
4666
1421
12929
1774
1940
2444
21673
2907
2302
2712
8725
4810
1223
2864
863
27025
3840
3700
22785
488
897
980
2632
703
2502
2260
1097
1527
1100
8790
9105
3578
3730
1766
2013
3784
3124
13756
1113
886
1974
1320
25843
11918
2471
3700
2376
3633
32873
4064
4165
1626
1600
526
1295
5129
755
754
655
1026
9177
2411
1167
3018
2963
15311
3521
490
1803
3241
19839
1389
2708
3351
5128
892
2324
753
18506
7295
2603
11855
16466
9813
682
17515
7102
6308
4138
1652
6529
1004
9792
4968
2362
545
3199
534
3152
21547
2213
10636
1391
763
8679
4068
4059
53785
4718
19997
2264
24839
14618
2089
6959
