32046
2091
28399
14483
24797
30749
27484
14037
23082
7896
38902
42708
21665
61639
75729
16419
3328
13309
20995
2407
61489
105342
74215
13405
38418
17011
35595
43612
6847
2550
17363
21838
22201
6497
44678
13179
8202
52863
46128
4046
4208
6877
16547
3241
35712
26181
15431
22688
3817
2764
22316
75449
17137
14065
52572
2858
14416
19938
29752
19889
17165
79371
8673
40428
19471
4303
14298
44888
19505
15945
30827
23168
76372
36066
20957
31008
24951
10595
21992
1893
15056
40970
13033
21116
16529
3167
20868
2099
20600
10006
12343
23338
18985
33988
42539
38728
1939
36926
44784
13250
12663
23249
12577
20010
77554
31975
38528
51641
56670
13983
76707
4189
16075
45279
25031
27870
27794
26628
2321
5961
4126
59924
40789
3976
35901
37835
3824
15610
27314
16021
9940
59022
3649
62678
15217
88103
133846
25564
3917
76872
8074
25089
11936
10750
13533
55884
7932
20644
11262
26681
6715
40212
3133
6487
20854
38008
75711
47165
27525
10526
47205
17553
39997
37250
61417
5969
27515
4729
4534
38928
52857
4038
32305
1193
60001
16667
43343
13055
11785
21488
54553
46150
14000
61760
16667
11930
34106
48406
13438
33129
4873
3534
26396
11245
13587
43474
2009
17452
82657
12007
23800
57172
7511
29387
32089
75542
7375
55976
18580
17282
22249
27614
96433
110628
24569
4839
20458
52183
40988
25054
25970
12815
27700
17769
54937
30322
17884
38448
30832
27153
18140
1764
33580
7661
89763
29562
8213
80318
56540
38897
4974
16797
29543
15259
19869
15607
3850
11571
13317
28154
14317
23702
43684
19181
18213
43043
16268
45218
32099
14166
6780
15390
9455
16331
21790
47460
28445
7600
30257
100411
46099
76823
25243
41788
29536
23334
7537
42433
13765
7546
12753
27601
40472
60781
51151
15040
76302
10963
15907
19764
34412
5964
13736
1826
4018
14679
37744
30278
16676
19412
28867
12876
5902
48849
3796
18146
12195
30245
35607
30226
69440
22571
5134
40580
16441
20646
33493
23132
19417
21846
3845
22518
1716
34707
5524
69839
65935
1558
4078
6033
16899
60728
5375
48240
8806
56890
70705
17260
19528
46253
11967
3005
27852
39474
35428
17647
49376
9701
40886
33917
6967
13254
22790
18632
4151
52738
32768
45731
17645
7510
18366
36827
34290
69282
11013
9262
25141
3314
10195
59845
20767
34170
23250
28417
31279
43582
14811
22562
3229
68490
53791
28641
65393
22928
28549
12048
31121
51731
83414
14896
32634
75274
34959
48023
19929
23766
12082
2726
24566
23072
29573
12340
984
60555
25180
15575
18050
32652
41086
3540
22895
57733
18231
9222
71907
21148
14532
4115
42142
66187
28748
31524
2092
31590
31576
71312
27444
2434
52955
22554
20451
3957
11579
6359
36190
22507
27331
41085
32742
17459
12946
50784
102215
2335
16160
51337
2561
37506
48887
27632
33173
12244
25702
30893
28557
26494
40136
5832
37830
27774
6125
35956
3008
4243
10418
5225
62361
33145
43046
8841
66763
16039
34903
11152
6495
2319
1405
10491
15538
15862
30690
24559
71387
13451
37585
3095
73456
25061
28006
27615
2938
21827
106821
4418
10552
13492
44717
3604
29507
76460
20442
24451
107575
30801
41853
23517
10741
37140
26329
8095
8869
33249
33128
32272
25621
18075
12414
42871
11984
8752
13877
68288
77431
14583
36479
63148
16205
33104
12370
12635
8447
44794
80120
18783
12615
33349
46335
109414
89574
10368
10147
21918
25985
30430
104918
15355
19595
2716
6533
8527
14992
16996
24227
3799
26648
3839
32298
35478
35175
25307
12340
10456
23829
15340
9583
34193
89725
10585
39962
9043
6023
6542
6201
36194
44150
42615
4476
22513
9509
37179
43726
65742
3691
22364
14982
39516
66555
38396
13898
18027
11332
20707
14168
6486
92313
12601
15336
48019
36962
13406
3530
56255
34451
18040
6087
37173
14550
43880
7046
33896
3247
29836
5251
72158
2829
5295
30307
20311
26966
29873
12243
5602
30490
8483
15376
12232
50379
6206
35857
21012
63482
8517
14330
4027
16043
23386
24251
63245
2783
48046
14483
48394
30397
36349
1488
36230
23624
17929
50225
39250
45629
21074
16935
8376
5537
22694
26378
32205
26122
29919
29093
28506
13975
4310
11545
23258
19868
109131
15090
34047
18061
30748
30703
48333
36540
29136
27224
14717
15874
10042
7308
12665
34259
2147
47403
27697
12440
62514
13262
19767
30131
48296
7631
10906
19554
15202
1251
18517
4208
75319
27409
4067
12526
91511
23335
71062
17953
20382
37912
43017
64751
23314
4801
4049
29074
12813
13685
75766
37146
39444
18059
3542
13792
17934
1550
15658
31215
4305
25061
9291
29210
8181
7664
19310
46085
13602
57978
23253
15277
26614
65324
11100
5894
32804
41467
3271
9782
13941
15903
23566
20680
24093
7976
5490
24272
26730
6336
22747
18307
44236
34333
11279
69823
43524
13755
12063
17585
22709
20082
19994
55874
26300
16341
28252
22201
50857
54146
23742
17327
58371
28259
34088
43451
5981
8676
45514
19294
26054
42255
7721
30092
33560
27957
12260
62382
48902
134579
7318
81398
22639
93552
41852
37834
1178
12820
2623
5637
15172
19293
19960
4717
10109
3458
8895
24120
28355
91249
81975
28139
5049
6075
26734
24365
6593
17538
17449
8498
15703
40879
6056
21827
47822
19480
52125
35381
9195
43706
104054
46158
59818
27629
107594
14681
11658
31788
12802
8623
21714
26550
39314
14388
19273
63614
14775
4652
6254
13818
10359
16658
11823
17880
6089
79566
37947
44086
63323
50747
19583
31187
53942
5213
11786
5188
2364
18723
9407
16832
10961
22218
39040
3795
41884
34110
46718
31052
19703
46513
18744
3173
62941
7878
50990
2420
50841
18178
40133
3482
14040
6269
37920
23612
22211
18280
2705
16426
15067
39593
8519
11823
34659
8743
49980
22778
14721
18013
6811
7749
29001
36193
31579
9805
13960
34371
34169
11471
23766
47653
8509
39502
4762
51961
24047
10004
57843
48574
50915
64576
8490
7690
5696
29649
23238
12197
9095
41937
56931
50723
3066
19901
15990
74791
90990
6609
48186
16333
25100
15275
20481
8398
54076
4026
55003
22285
22394
19162
19040
39728
9684
19792
43184
70518
46091
44244
110996
43604
30305
28391
11657
38240
13673
13130
30765
19226
16735
32012
22653
10405
1878
22812
23944
16687
17114
9946
14855
50615
19435
8222
30445
11946
2246
