5524,988985,20,2058765,20,1,0,0,0,0
6175,580001,20,1081170,20,0,1,0,2,0
6839,1372673,20,1024894,20,0,0,0,1,0
7580,1085455,20,1173032,20,1,1,0,0,0
1936,1209837,20,1400705,20,1,0,0,1,0
3594,930245,20,1423059,20,0,0,0,1,0
6932,956344,20,965687,20,1,0,0,0,0
7787,718487,20,1727766,20,0,1,0,0,0
10683,1252805,20,1325006,20,2,0,0,0,0
5180,1154472,20,1107421,20,3,0,0,1,0
6681,1155147,20,1411339,20,1,0,0,0,0
6009,1073268,20,964461,20,0,0,0,0,0
11047,771480,20,1097819,20,0,0,0,1,0
12225,1170824,20,1448823,20,1,1,0,1,0
5976,561776,20,1303564,20,1,1,0,0,0
3776,792480,20,1202641,20,0,0,0,0,0
12894,1356452,20,1187325,20,1,1,0,1,0
2586,869920,20,984700,20,2,0,0,0,0
3051,1064686,20,1396545,20,0,0,0,0,0
1333,1023406,20,859136,20,1,0,0,0,0
9435,1110101,20,1559167,20,0,1,0,1,0
5853,1503094,20,1114288,20,0,2,0,0,0
3279,768114,20,1253659,20,10,0,0,1,0
1402,1266406,20,831677,20,0,0,0,1,0
3028,968820,20,1056092,20,0,0,0,2,0
1254,1146493,20,1587648,20,0,0,0,1,0
5071,1074676,20,1102049,20,0,0,0,1,0
4812,1213240,20,919560,20,2,0,0,0,0
11305,994666,20,1175638,20,0,0,0,1,0
1323,776344,20,1246832,20,0,0,0,0,0
4452,876629,20,1212243,20,0,0,0,1,0
5403,741515,20,874229,20,0,0,0,2,0
7561,1482752,20,825408,20,1,0,0,0,0
13142,1067338,20,1361704,20,0,2,0,0,0
17311,1361149,20,963590,20,0,0,0,3,0
7239,1261940,20,698658,20,0,0,0,0,0
1960,1163939,20,846999,20,0,0,0,0,0
2827,973521,20,1038226,20,1,0,0,0,0
8621,1143710,20,849872,20,1,1,0,0,0
3258,1338037,20,1120313,20,1,0,0,0,0
2422,1267944,20,1323975,20,2,0,0,0,0
2579,1022581,20,750355,20,0,0,0,0,0
3441,1437014,20,1170050,20,0,0,0,0,0
6141,1169982,20,1373546,20,0,0,0,0,0
5339,905245,20,846726,20,1,0,0,1,0
5394,1455853,20,1301008,20,1,0,0,0,0
9228,1257174,20,1284588,20,0,1,0,0,0
9139,1167528,20,1525904,20,0,0,0,0,0
4009,830628,20,1052557,20,2,1,0,1,0
3107,876807,20,1073778,20,2,1,0,0,0
14587,1135624,20,961715,20,3,0,0,0,0
12076,1108556,20,1561228,20,0,0,0,0,0
2157,1026155,20,835603,20,1,0,0,0,0
868,1022552,20,1035753,20,0,0,0,0,0
5455,866217,20,1147039,20,0,1,0,1,0
1947,1303630,20,948781,20,1,0,0,1,0
2329,986931,20,1519356,20,0,0,0,1,0
6197,1253940,20,727747,20,1,0,0,0,0
3173,1490438,20,1007427,20,0,0,0,0,0
8510,1021474,20,813294,20,2,1,0,0,0
4496,1176316,20,1015790,20,1,0,0,0,0
5426,1340744,20,1203413,20,0,1,0,1,0
8662,1035744,20,883511,20,0,0,0,1,0
2465,1077426,20,1180250,20,0,0,0,0,0
5218,1019152,20,1041252,20,0,0,0,0,0
13932,1675642,20,921233,20,3,0,0,1,0
2687,684055,20,963391,20,0,0,0,0,0
11249,1630071,20,921448,20,0,0,0,2,0
5384,745112,20,1101346,20,1,0,0,0,0
2594,811416,20,1175833,20,0,0,0,0,0
2867,1122416,20,930822,20,10,0,0,0,0
7705,1259583,20,980332,20,0,0,0,0,0
2701,1267559,20,943745,20,0,0,0,0,0
19963,851404,20,900784,20,1,1,0,1,0
12392,1144869,20,880959,20,0,1,0,0,0
8575,1216122,20,916411,20,0,0,0,1,0
6261,1553621,20,928419,20,2,0,0,0,0
11839,1101049,20,1160823,20,1,0,0,1,0
1650,1236982,20,1234229,20,0,0,0,0,0
3208,522663,20,1142979,20,1,0,0,0,0
4241,1698264,20,1003258,20,0,0,0,0,0
11807,915849,20,1033623,20,0,0,0,2,0
6273,1075072,20,1341495,20,0,0,0,0,0
4626,1361157,20,1377156,20,2,0,0,0,0
7985,761048,20,775031,20,0,0,0,3,0
1565,1033753,20,1090387,20,0,0,0,0,0
3584,1150838,20,1058736,20,0,0,0,1,0
2467,1116863,20,1070965,20,0,0,0,1,0
10015,818482,20,1444331,20,2,0,0,1,0
6749,846743,20,713087,20,1,0,0,0,0
5640,977712,20,628114,20,0,1,0,1,0
1486,778819,20,1562116,20,0,0,0,1,0
1849,917748,20,910823,20,2,0,0,0,0
11271,1680551,20,1121595,20,0,0,0,0,0
2500,933187,20,1218302,20,0,0,0,0,0
6065,1102477,20,1182987,20,1,1,0,1,0
1366,973842,20,941542,20,0,0,0,0,0
8224,1204259,20,1008735,20,0,0,0,2,0
4027,1294973,20,623154,20,0,0,0,0,0
10181,784557,20,1061710,20,0,0,0,0,0
1686,1064217,20,834736,20,0,0,0,0,0
4672,1255570,20,974700,20,0,0,0,1,0
8744,903185,20,884496,20,0,0,0,0,0
2533,657445,20,851778,20,0,0,0,0,0
6364,1065725,20,934949,20,2,0,0,0,0
2253,1283856,20,1170014,20,0,0,0,0,0
7512,887184,20,1005673,20,1,0,0,1,0
3911,841512,20,745245,20,0,0,0,0,0
11057,858153,20,929951,20,0,0,0,1,0
12239,2057625,20,1041842,20,2,0,0,1,0
11515,1220534,20,891814,20,1,1,0,0,0
8384,1184592,20,1102892,20,0,1,0,1,0
12761,1087193,20,1461515,20,1,1,0,1,0
4368,1058452,20,942858,20,1,0,0,0,0
2923,1128699,20,774852,20,1,1,0,0,0
5721,1272228,20,1061141,20,1,0,0,1,0
5697,876713,20,1014501,20,0,0,0,1,0
3518,1222759,20,748386,20,0,1,0,0,0
6412,1345681,20,944066,20,1,0,0,1,0
8794,823891,20,1201255,20,0,0,0,0,0
3119,1713576,20,924264,20,0,0,0,1,0
3138,1151031,20,1243625,20,1,0,0,0,0
2516,1064658,20,1108611,20,1,0,0,1,0
1983,975684,20,1033974,20,2,0,0,2,0
7965,856995,20,1413804,20,0,0,0,0,0
5366,1340996,20,966160,20,0,0,0,1,0
3111,745152,20,1057143,20,1,0,0,1,0
13962,1123994,20,851940,20,2,0,0,0,0
10394,928578,20,1045941,20,2,0,0,1,0
2279,622383,20,1434448,20,0,1,0,0,0
3691,1383612,20,942374,20,0,0,0,1,0
1820,784377,20,1025573,20,0,1,0,0,0
1117,937459,20,1201315,20,0,0,0,1,0
8413,1271289,20,940032,20,0,1,0,0,0
6117,821754,20,726399,20,1,0,0,1,0
11098,1157006,20,1118036,20,1,0,0,3,0
6474,1414625,20,846318,20,0,0,0,1,0
3565,930005,20,730057,20,2,0,0,0,0
10654,863036,20,1322768,20,2,0,0,1,0
10664,1411082,20,957375,20,0,0,0,2,0
9498,1358369,20,1160895,20,1,0,0,0,0
2495,956233,20,1036462,20,0,0,0,2,0
10060,1067599,20,611085,20,0,1,0,2,0
4820,787841,20,687416,20,0,0,0,1,0
1395,1486204,20,909850,20,0,0,0,1,0
7868,1289502,20,1030151,20,1,0,0,1,0
2818,1118141,20,1063800,20,0,0,0,1,0
10164,1070059,20,1164698,20,1,0,0,1,0
6238,1192394,20,793424,20,0,0,0,0,0
5778,1223262,20,968884,20,1,0,0,0,0
3381,1230779,20,1483251,20,1,0,0,0,0
8383,991582,20,1105709,20,0,0,0,0,0
5244,849213,20,1122266,20,1,0,0,1,0
4159,1002811,20,1301663,20,0,0,0,0,0
3019,1133786,20,1076572,20,17,0,0,0,0
6148,677786,20,1485852,20,0,0,0,2,0
5417,964895,20,1277390,20,0,0,0,1,0
2588,1258949,20,1114135,20,1,0,0,0,0
10018,1065702,20,962552,20,3,0,0,1,0
6559,1451887,20,880398,20,1,0,0,1,0
6461,713460,20,1358022,20,0,1,0,2,0
4943,1036690,20,823269,20,0,0,0,0,0
7402,1029929,20,1620313,20,1,2,0,1,0
12485,1879557,20,775514,20,0,1,0,1,0
4086,858692,20,1011857,20,0,0,0,0,0
6111,792913,20,1303068,20,0,0,0,1,0
4725,1072769,20,1285194,20,1,0,0,0,0
3819,1142751,20,895411,20,0,0,0,1,0
5583,1038483,20,737670,20,3,0,0,1,0
6927,772707,20,966275,20,0,0,0,1,0
3451,1020924,20,890505,20,0,0,0,0,0
1880,588172,20,1240882,20,0,0,0,1,0
9699,1214627,20,1169108,20,0,0,0,3,0
7047,645561,20,967819,20,0,1,0,0,0
3740,1240992,20,836451,20,0,0,0,1,0
9151,1283801,20,862523,20,1,0,0,0,0
4674,1056114,20,1202411,20,1,0,0,1,0
5735,1086694,20,842754,20,1,0,0,1,0
484,825054,20,1114203,20,1,0,0,0,0
2308,982002,20,1062530,20,1,0,0,2,0
6284,965022,20,954773,20,0,1,0,0,0
1783,707372,20,1080949,20,20,0,0,1,0
8596,1154083,20,1356068,20,2,0,0,1,0
5918,1239225,20,962908,20,0,1,0,0,0
5910,808065,20,1139771,20,0,0,0,0,0
2150,1023735,20,1064686,20,0,0,0,0,0
6094,1315744,20,1509320,20,0,0,0,0,0
5092,852221,20,986611,20,0,0,0,0,0
8576,883610,20,918749,20,0,0,0,0,0
10191,1034892,20,1225732,20,1,0,0,1,0
15911,1232645,20,1130817,20,0,0,0,1,0
3662,1221051,20,1102596,20,0,0,0,0,0
568,916459,20,877932,20,0,0,0,0,0
8532,1157946,20,884598,20,17,0,0,2,0
7064,992654,20,694622,20,2,0,0,0,0
3795,995613,20,1413417,20,0,0,0,0,0
2899,1036427,20,860433,20,1,0,0,1,0
7255,1032094,20,1108850,20,0,1,0,2,0
3525,843398,20,916917,20,0,1,0,1,0
6679,1056161,20,1458396,20,0,0,0,0,0
10245,1375573,20,1145666,20,0,0,0,1,0
5403,899755,20,1194946,20,0,0,0,1,0
11129,1020154,20,1082147,20,0,0,0,1,0
11726,1134870,20,1132696,20,1,0,0,3,0
7202,1062262,20,1077288,20,0,0,0,2,0
4421,1044236,20,1003605,20,0,0,0,1,0
8945,1336785,20,1207477,20,0,0,0,0,0
1540,1234612,20,1042768,20,1,1,0,0,0
5575,1054508,20,1080749,20,1,0,0,1,0
2359,1197876,20,905870,20,0,0,0,3,0
5503,844616,20,1436965,20,1,0,0,0,0
7963,763941,20,963037,20,0,0,0,0,0
9021,1602574,20,1108298,20,0,0,0,4,0
3051,1307938,20,1122051,20,2,0,0,0,0
790,778141,20,1389734,20,0,0,0,0,0
9947,938830,20,1181597,20,2,0,0,2,0
4670,1253005,20,740979,20,2,0,0,1,0
7297,1094182,20,956150,20,1,0,0,2,0
7056,1298337,20,1111161,20,0,0,0,0,0
4476,1182622,20,991897,20,0,0,0,0,0
15216,1115315,20,933355,20,1,1,0,0,0
3569,1304531,20,917960,20,0,0,0,1,0
2107,1259345,20,921780,20,1,0,0,0,0
11137,1328844,20,1464333,20,0,0,0,1,0
3408,709147,20,962780,20,0,0,0,0,0
4661,608407,20,1269131,20,1,1,0,2,0
5162,1077174,20,1039490,20,0,2,0,1,0
11623,1541708,20,1459429,20,1,0,0,1,0
671,1207158,20,1740814,20,0,0,0,0,0
2885,1323581,20,952428,20,1,2,0,0,0
1445,1109218,20,1538776,20,0,0,0,1,0
501,842347,20,1171667,20,0,0,0,1,0
3376,1285591,20,1066794,20,1,0,0,0,0
12032,1047789,20,906611,20,1,1,0,3,0
9617,1152140,20,925384,20,1,0,0,3,0
1307,1233516,20,1379728,20,3,0,0,0,0
7646,689850,20,1230376,20,0,0,0,1,0
9672,913328,20,1611973,20,0,0,0,0,0
2883,704655,20,854240,20,0,0,0,2,0
7423,1176795,20,1379456,20,2,0,0,0,0
6503,1787566,20,565093,20,0,0,0,1,0
8264,953116,20,1181933,20,0,0,0,0,0
8648,892342,20,1445176,20,1,0,0,0,0
19355,1266401,20,1564379,20,0,2,0,4,0
14369,888004,20,1061181,20,0,0,0,1,0
17951,1346695,20,1035254,20,0,0,0,1,0
4386,1046119,20,964754,20,0,0,0,0,0
8945,958960,20,1277927,20,1,0,0,1,0
2131,588850,20,1252755,20,1,1,0,1,0
1862,927917,20,770021,20,1,0,0,0,0
5987,832271,20,1664679,20,0,0,0,1,0
2868,970758,20,683106,20,0,0,0,2,0
17938,1558726,20,1249634,20,0,0,0,5,0
5115,781972,20,636241,20,1,0,0,1,0
6286,916336,20,1952856,20,1,0,0,1,0
3756,1066279,20,1127347,20,0,0,0,0,0
6526,1433614,20,942188,20,1,0,0,0,0
2232,1199442,20,954671,20,0,0,0,0,0
2659,1194108,20,1561156,20,1,0,0,0,0
3763,852497,20,875410,20,0,0,0,0,0
10645,816799,20,1109821,20,0,1,0,0,0
1917,1172461,20,985709,20,2,1,0,0,0
3049,777062,20,1166414,20,0,0,0,1,0
12887,1159735,20,985162,20,0,0,0,1,0
13666,908399,20,898455,20,2,1,0,0,0
2954,916645,20,742724,20,0,0,0,1,0
6353,1450681,20,1102464,20,0,0,0,0,0
2324,1016185,20,1255742,20,3,1,0,0,0
5388,871735,20,1012881,20,1,0,0,1,0
3185,761674,20,650741,20,1,0,0,0,0
8902,819714,20,1250106,20,1,0,0,0,0
10893,898019,20,962559,20,2,1,0,1,0
5259,1121679,20,1109584,20,2,0,0,1,0
4763,986711,20,1017110,20,0,0,0,1,0
4869,1231748,20,1353320,20,0,1,0,0,0
2575,842088,20,1716897,20,2,0,0,0,0
1885,1282621,20,783108,20,0,0,0,0,0
9191,995575,20,1255644,20,0,1,0,0,0
2347,1227207,20,1246111,20,1,0,0,1,0
4511,1342634,20,1006403,20,0,0,0,1,0
3517,975063,20,1044474,20,0,0,0,0,0
3654,1125902,20,1297195,20,1,0,0,0,0
4127,817650,20,897322,20,1,0,0,0,0
758,1275433,20,1353510,20,0,0,0,0,0
7300,935710,20,1363780,20,0,0,0,0,0
4158,995675,20,1099655,20,2,0,0,0,0
3393,1077164,20,1140642,20,0,0,0,3,0
10315,1609066,20,1105111,20,1,0,0,1,0
6910,891570,20,976827,20,1,0,0,1,0
1515,1038004,20,1265713,20,0,0,0,0,0
4254,1463707,20,1164940,20,1,0,0,1,0
6980,920563,20,1122871,20,1,1,0,0,0
3413,1295096,20,1272631,20,0,1,0,2,0
5549,1017216,20,1348257,20,1,0,0,0,0
5226,1125616,20,1172105,20,1,0,0,1,0
10224,986259,20,1272795,20,0,0,0,3,0
10984,1120517,20,1587045,20,5,0,0,0,0
3743,974748,20,837044,20,2,0,0,1,0
7345,1094536,20,993263,20,1,0,0,1,0
5417,937544,20,1393972,20,0,0,0,0,0
2867,1300936,20,1065181,20,0,0,0,1,0
10911,862137,20,1459798,20,1,1,0,7,0
5155,1202833,20,855947,20,0,0,0,0,0
1075,1196614,20,1139225,20,0,0,0,0,0
15092,905749,20,1349345,20,0,0,0,0,0
1582,1006128,20,1361398,20,0,0,0,1,0
3947,885090,20,1138264,20,1,0,0,0,0
4751,905345,20,1036922,20,1,0,0,0,0
2842,924313,20,1141850,20,0,0,0,0,0
4868,850109,20,942593,20,0,0,0,1,0
3957,1274245,20,875114,20,1,0,0,1,0
4686,846773,20,1197909,20,0,0,0,0,0
4148,1023508,20,1490327,20,1,0,0,1,0
12605,1713131,20,1328352,20,0,0,0,20,0
3385,793410,20,800770,20,0,0,0,0,0
5032,1135926,20,642297,20,1,0,0,3,0
8565,1682915,20,1399411,20,3,0,0,0,0
2950,1325985,20,780861,20,0,0,0,0,0
3772,987151,20,1114393,20,1,0,0,0,0
7068,1070352,20,847748,20,1,0,0,0,0
1175,912624,20,661677,20,0,0,0,1,0
8608,1475320,20,1507875,20,2,0,0,0,0
4606,1016507,20,1034751,20,0,0,0,0,0
6838,848436,20,1493542,20,0,0,0,1,0
1558,1138919,20,1090063,20,1,0,0,2,0
16274,1250297,20,862827,20,0,1,0,1,0
6191,763620,20,1684906,20,0,0,0,0,0
2431,1120901,20,894931,20,0,1,0,0,0
5984,726268,20,1546368,20,0,0,0,1,0
4914,1491881,20,916363,20,2,0,0,1,0
8961,1180641,20,743134,20,0,0,0,0,0
2285,1051774,20,1319727,20,1,0,0,0,0
3482,1161253,20,1780997,20,0,0,0,0,0
11802,855802,20,779148,20,0,1,0,0,0
10349,1143155,20,1025415,20,1,0,0,2,0
545,1350233,20,983681,20,2,0,0,0,0
8365,963853,20,863496,20,1,0,0,0,0
2303,1313027,20,1149764,20,1,0,0,0,0
6731,976636,20,1255058,20,0,0,0,1,0
9168,1068704,20,1727200,20,0,0,0,3,0
5787,1128808,20,1008786,20,1,0,0,0,0
3429,874731,20,897177,20,0,0,0,0,0
2003,1023846,20,1528433,20,0,0,0,0,0
3371,1261942,20,1076141,20,1,0,0,0,0
2475,747344,20,969308,20,3,0,0,1,0
5172,1199137,20,1049016,20,3,0,0,0,0
9617,914182,20,1110873,20,1,0,0,1,0
11647,794445,20,866426,20,1,0,0,1,0
6407,1166105,20,1293015,20,1,0,0,0,0
6674,1077116,20,1025371,20,1,0,0,1,0
10992,1275771,20,1400164,20,1,0,0,1,0
3513,940062,20,968028,20,0,1,0,0,0
2428,1012513,20,1172732,20,0,0,0,0,0
9658,1043829,20,855007,20,1,0,0,1,0
8459,1170879,20,1241936,20,0,0,0,0,0
6029,1308658,20,912033,20,0,0,0,0,0
4703,1201149,20,830307,20,0,0,0,0,0
9581,721220,20,1287368,20,1,0,0,0,0
11344,1413092,20,862968,20,0,0,0,0,0
2862,864431,20,1054723,20,1,0,0,0,0
3826,921972,20,1135731,20,1,0,0,1,0
5688,925484,20,1220338,20,0,0,0,0,0
5424,1316582,20,858351,20,0,0,0,0,0
10662,967783,20,1015278,20,0,0,0,1,0
2329,1444181,20,1267371,20,1,1,0,0,0
3476,994163,20,916463,20,0,0,0,0,0
4627,1063864,20,1063989,20,0,0,0,4,0
12563,1203059,20,1174545,20,1,0,0,0,0
12654,1027115,20,1247365,20,2,0,0,2,0
7663,1053316,20,1220279,20,1,0,0,0,0
2797,1103655,20,1104049,20,1,0,0,1,0
5408,1389355,20,1180497,20,1,0,0,0,0
7416,1123624,20,1134521,20,0,0,0,0,0
5280,1116757,20,1061713,20,0,0,0,13,0
9242,864165,20,1196029,20,0,0,0,4,0
1927,1364019,20,1337060,20,0,0,0,0,0
2562,825419,20,599613,20,0,0,0,0,0
12178,976036,20,1399846,20,0,0,0,5,0
11440,982352,20,942625,20,1,0,0,0,0
3998,615943,20,997047,20,1,1,0,0,0
3074,887567,20,922163,20,1,0,0,1,0
8845,1026594,20,769740,20,0,1,0,0,0
10128,860071,20,1438219,20,0,0,0,0,0
4021,957881,20,982290,20,0,0,0,3,0
5964,1082557,20,940253,20,1,0,0,2,0
5700,1251026,20,653009,20,0,0,0,1,0
5228,1294581,20,733024,20,1,0,0,2,0
1358,986215,20,1423988,20,0,0,0,0,0
6550,793818,20,1071887,20,1,0,0,0,0
8936,1016191,20,1250240,20,1,0,0,0,0
8445,926095,20,1190701,20,1,1,0,0,0
2756,1119029,20,1105184,20,0,0,0,1,0
3613,1359367,20,500812,20,0,0,0,1,0
5685,1001740,20,1165535,20,0,0,0,1,0
4686,932015,20,814166,20,1,0,0,0,0
4109,828088,20,965866,20,1,0,0,0,0
9626,1558721,20,1328155,20,2,0,0,1,0
9471,966600,20,914831,20,1,0,0,2,0
3569,888323,20,749580,20,0,0,0,1,0
5720,1185492,20,1625343,20,0,0,0,0,0
4855,889623,20,986980,20,1,0,0,0,0
8792,815693,20,953430,20,3,0,0,0,0
6292,625380,20,1254378,20,0,1,0,2,0
762,1359973,20,1000301,20,0,0,0,0,0
4192,720069,20,995816,20,0,0,0,1,0
2835,621197,20,1485605,20,1,0,0,0,0
7142,1239014,20,819854,20,0,0,0,2,0
3326,792803,20,962816,20,0,0,0,0,0
3491,1069351,20,988092,20,0,0,0,0,0
3894,1274534,20,750076,20,0,0,0,0,0
5503,1598617,20,1640496,20,0,0,0,0,0
5685,1039362,20,1018568,20,1,0,0,0,0
8648,736740,20,814832,20,0,1,0,0,0
7775,1072239,20,1120303,20,1,0,0,2,0
11200,1042171,20,879066,20,2,1,0,2,0
9004,1072448,20,1388106,20,0,0,0,0,0
10928,1504893,20,1574496,20,1,0,0,0,0
3272,1451992,20,655372,20,1,1,0,0,0
4273,591317,20,1020625,20,1,0,0,0,0
970,968386,20,891174,20,0,0,0,1,0
2795,1136680,20,1288182,20,0,0,0,0,0
1591,1044992,20,798887,20,0,0,0,1,0
3641,1183557,20,762544,20,1,0,0,1,0
1693,1056281,20,1021463,20,2,0,0,1,0
7713,1011331,20,886465,20,1,0,0,0,0
7053,990465,20,960090,20,0,0,0,2,0
3382,1180411,20,996909,20,2,0,0,0,0
3363,1170944,20,1002834,20,0,0,0,0,0
11523,909727,20,692056,20,2,0,0,2,0
10456,883168,20,1067753,20,1,1,0,0,0
8471,1215635,20,1781770,20,2,0,0,0,0
2023,1251560,20,1154847,20,0,0,0,0,0
7814,1081401,20,1230012,20,2,0,0,3,0
8456,611017,20,1157911,20,0,1,0,0,0
17827,1144606,20,869348,20,0,0,0,2,0
8096,1002324,20,828562,20,0,0,0,0,0
4741,1535983,20,921677,20,0,0,0,2,0
2602,1071880,20,681529,20,1,0,0,0,0
2510,1037969,20,1224487,20,0,0,0,0,0
4666,1015930,20,1027388,20,1,0,0,2,0
2003,868983,20,1275400,20,1,0,0,3,0
6191,1123491,20,787950,20,0,0,0,1,0
6246,854703,20,1003366,20,1,0,0,1,0
9036,836388,20,740370,20,1,0,0,0,0
6631,1300196,20,1326993,20,0,0,0,1,0
1960,825157,20,815911,20,0,0,0,0,0
459,720272,20,1063009,20,0,0,0,0,0
2984,1173239,20,1143724,20,0,0,0,2,0
4781,922429,20,1043901,20,0,0,0,0,0
3319,1057085,20,862501,20,0,0,0,0,0
3623,1012525,20,1133475,20,0,0,0,1,0
7363,1615993,20,1003730,20,0,0,0,0,0
15635,1060494,20,938225,20,0,0,0,1,0
8584,1347825,20,936279,20,1,0,0,0,0
3105,1127079,20,1332455,20,0,0,0,0,0
2104,1132536,20,1265721,20,0,0,0,0,0
3803,880582,20,782943,20,0,0,0,0,0
15813,1276848,20,1600794,20,0,3,0,1,0
3380,871271,20,786233,20,1,0,0,1,0
12760,1477407,20,1589072,20,1,0,0,1,0
4449,1351366,20,771097,20,0,1,0,0,0
2199,715869,20,1034813,20,1,0,0,1,0
3743,814102,20,961859,20,2,0,0,1,0
6146,1090617,20,906701,20,1,0,0,0,0
12548,1067561,20,1227744,20,1,0,0,0,0
9896,1302877,20,911262,20,1,0,0,2,0
8048,970724,20,1058342,20,0,0,0,0,0
9557,1003728,20,1098496,20,0,0,0,1,0
2913,762130,20,953337,20,1,0,0,0,0
4362,1104429,20,914163,20,1,0,0,0,0
5814,1471789,20,1030091,20,0,2,0,14,0
2175,1171162,20,943307,20,0,0,0,1,0
9289,944302,20,773768,20,0,0,0,0,0
2214,1180960,20,983896,20,0,1,0,0,0
7393,1125656,20,968371,20,0,0,0,0,0
6679,1139946,20,884084,20,2,0,0,2,0
5030,1014020,20,879829,20,0,0,0,1,0
8596,1336649,20,1802425,20,2,1,0,1,0
2932,965649,20,794033,20,0,0,0,0,0
4586,1181073,20,1059980,20,0,0,0,2,0
3077,1132882,20,1100230,20,0,0,0,0,0
12753,1081738,20,1046951,20,1,0,0,2,0
2709,1104835,20,1073401,20,0,0,0,3,0
3520,1450499,20,1209658,20,1,0,0,0,0
1468,1560665,20,1210534,20,0,0,0,1,0
8562,1330996,20,1281089,20,0,0,0,1,0
2659,936760,20,793840,20,0,0,0,0,0
2568,1090173,20,877983,20,1,0,0,1,0
6490,1193130,20,915377,20,1,1,0,2,0
16285,1037430,20,1096516,20,1,0,0,1,0
4935,1459724,20,754827,20,0,0,0,0,0
7313,1260934,20,1112107,20,0,0,0,0,0
6754,1048921,20,1102368,20,1,0,0,0,0
4879,958446,20,960901,20,0,0,0,0,0
4931,1442758,20,737020,20,0,1,0,0,0
1841,721218,20,1351990,20,0,0,0,1,0
6317,1298762,20,968236,20,0,0,0,1,0
4506,990774,20,895504,20,0,0,0,0,0
2967,1328427,20,921111,20,1,1,0,2,0
5725,1102266,20,1005689,20,0,1,0,1,0
6240,908340,20,757218,20,1,0,0,7,0
11258,695946,20,1297226,20,0,0,0,1,0
3192,924683,20,912246,20,1,0,0,0,0
858,1344618,20,874300,20,1,0,0,0,0
8771,1267395,20,679968,20,0,0,0,0,0
6445,1522057,20,1343662,20,2,1,0,1,0
8888,889654,20,1647706,20,1,0,0,0,0
5499,958151,20,644186,20,1,1,0,0,0
5433,850651,20,655972,20,0,0,0,0,0
3097,777594,20,1802651,20,1,0,0,0,0
3032,1215060,20,1040919,20,1,0,0,0,0
4812,1186779,20,1312821,20,0,0,0,0,0
6071,1580408,20,1365806,20,1,0,0,1,0
3962,1049346,20,725908,20,0,0,0,1,0
13023,1063856,20,1427197,20,1,0,0,1,0
3561,848089,20,1231927,20,0,0,0,0,0
3912,957554,20,1251522,20,0,0,0,2,0
8806,1142102,20,654241,20,1,0,0,1,0
5666,792089,20,1451385,20,2,1,0,4,0
6342,1225954,20,810372,20,0,0,0,1,0
3227,854930,20,613054,20,1,2,0,0,0
4012,1008898,20,919301,20,1,0,0,0,0
7992,1084129,20,1086880,20,1,0,0,0,0
1592,954593,20,925243,20,1,0,0,1,0
5732,737798,20,888850,20,0,0,0,0,0
9656,1289385,20,1240050,20,1,0,0,1,0
5365,897151,20,938007,20,0,0,0,0,0
9414,1290026,20,849499,20,0,0,0,2,0
3669,1114297,20,1290132,20,1,0,0,2,0
1633,1350914,20,868973,20,2,1,0,2,0
4836,866529,20,748549,20,0,0,0,1,0
6805,1205205,20,1924315,20,0,0,0,0,0
1824,1495009,20,572918,20,0,0,0,1,0
4104,709976,20,1066929,20,0,0,0,1,0
2385,1044765,20,1333162,20,1,0,0,0,0
8777,1001161,20,915445,20,2,0,0,1,0
10645,1056597,20,1177330,20,0,0,0,0,0
2545,768177,20,1418752,20,0,0,0,0,0
2236,1485106,20,887556,20,1,0,0,0,0
6507,1089189,20,885314,20,0,0,0,0,0
7927,725801,20,976128,20,2,0,0,3,0
2747,658372,20,882962,20,0,0,0,0,0
7301,1360968,20,1014882,20,0,1,0,1,0
9191,1278736,20,1112165,20,0,2,0,0,0
11340,1160869,20,1102581,20,0,0,0,0,0
8034,1197212,20,871251,20,0,0,0,0,0
7665,866012,20,1758456,20,1,0,0,1,0
2392,924747,20,1192904,20,0,0,0,0,0
12855,1439887,20,1178915,20,1,0,0,1,0
8758,641065,20,953340,20,2,0,0,1,0
2712,892041,20,859738,20,0,0,0,0,0
3069,657430,20,1607062,20,1,0,0,1,0
8087,931975,20,1102430,20,1,1,0,0,0
1117,1279747,20,711648,20,0,0,0,1,0
7214,1067585,20,1007046,20,1,0,0,1,0
6370,1098303,20,1077476,20,0,0,0,1,0
5016,1211765,20,1503175,20,0,0,0,0,0
2507,797308,20,1252059,20,1,1,0,0,0
8573,671675,20,851956,20,1,1,0,0,0
6023,1422364,20,1313421,20,1,0,0,0,0
1938,632639,20,1119406,20,2,0,0,0,0
5652,1230379,20,969837,20,2,0,0,1,0
2772,657233,20,943396,20,0,0,0,1,0
1740,1361844,20,1199611,20,18,1,0,0,0
4561,868423,20,848595,20,0,0,0,0,0
3858,952008,20,1402794,20,1,0,0,0,0
9770,1417688,20,1305687,20,1,1,0,0,0
3519,742636,20,960991,20,0,0,0,2,0
7602,1490143,20,818035,20,1,1,0,1,0
2402,1267510,20,873766,20,0,0,0,0,0
8756,818576,20,783293,20,0,0,0,2,0
5085,827680,20,977903,20,1,0,0,1,0
2178,1172284,20,852750,20,1,0,0,0,0
5066,1131994,20,1414006,20,0,0,0,0,0
9589,1473877,20,730790,20,0,0,0,0,0
8406,711670,20,1015526,20,0,0,0,0,0
21281,1026102,20,1706790,20,1,1,0,2,0
4709,783602,20,1047639,20,0,0,0,0,0
5835,1145512,20,866957,20,0,0,0,1,0
4381,1160682,20,769985,20,0,0,0,0,0
8455,1815733,20,1351498,20,0,0,0,0,0
5962,953488,20,1249877,20,0,0,0,2,0
4001,1509886,20,1023633,20,0,0,0,0,0
3278,717941,20,942446,20,3,0,0,0,0
3189,909318,20,1437617,20,0,1,0,0,0
1127,978060,20,1147428,20,0,0,0,0,0
5929,1061256,20,1328055,20,0,0,0,0,0
3755,910435,20,911659,20,1,0,0,2,0
5124,897135,20,810335,20,1,0,0,1,0
6417,1123749,20,1327281,20,0,0,0,1,0
3789,775189,20,900563,20,0,2,0,1,0
3339,1061389,20,1150219,20,4,2,0,3,0
4759,780701,20,1047636,20,0,0,0,0,0
6381,1477788,20,834350,20,1,0,0,0,0
6307,1026418,20,1051066,20,1,1,0,0,0
2158,893406,20,798509,20,1,0,0,2,0
5384,1241137,20,850250,20,0,0,0,11,0
3146,777839,20,1101403,20,1,0,0,1,0
1563,1067660,20,651686,20,0,0,0,1,0
1923,1244037,20,777574,20,0,0,0,0,0
3358,748883,20,777898,20,0,1,0,0,0
14172,1066638,20,1141248,20,0,0,0,0,0
8542,951761,20,1309962,20,0,0,0,0,0
8935,1001488,20,1486804,20,1,0,0,1,0
11226,850423,20,1520228,20,0,0,0,0,0
4033,1426226,20,1449402,20,0,0,0,0,0
11555,1032933,20,920919,20,2,1,0,0,0
6731,1293754,20,752041,20,1,0,0,0,0
4848,1336415,20,977923,20,0,0,0,0,0
5754,1059549,20,1711989,20,0,0,0,1,0
3085,723237,20,1246452,20,1,0,0,0,0
815,1129714,20,1296024,20,0,0,0,0,0
5020,999059,20,1662416,20,0,0,0,0,0
2017,849031,20,548811,20,0,0,0,0,0
9458,1199315,20,992142,20,0,0,0,0,0
8569,1103366,20,1339570,20,0,0,0,0,0
2146,1289428,20,1094492,20,0,0,0,1,0
9270,977041,20,819664,20,0,0,0,0,0
3142,1215950,20,1245093,20,0,0,0,0,0
5431,1254677,20,894342,20,1,0,0,0,0
12091,1270670,20,1005070,20,0,0,0,1,0
5021,1119531,20,821657,20,1,0,0,0,0
1964,1097343,20,871736,20,0,0,0,1,0
4083,1059833,20,1172979,20,0,0,0,1,0
11408,1084095,20,968200,20,1,1,0,0,0
6132,1178426,20,1233583,20,3,0,0,1,0
8483,939236,20,1200131,20,0,0,0,3,0
4626,1562872,20,1114403,20,1,0,0,0,0
5613,999288,20,1260325,20,1,0,0,0,0
7100,1005091,20,931275,20,0,0,0,0,0
3686,922191,20,1157176,20,1,1,0,1,0
8525,1144527,20,974990,20,1,0,0,1,0
9050,950117,20,781006,20,2,0,0,1,0
2866,1135632,20,1024266,20,0,0,0,2,0
14545,805119,20,1334928,20,1,1,0,1,0
1438,1031310,20,895133,20,0,0,0,1,0
10041,950540,20,1163999,20,1,0,0,0,0
4120,948470,20,688567,20,0,0,0,1,0
6334,1447093,20,936391,20,0,0,0,2,0
1216,806066,20,636981,20,0,0,0,0,0
12107,585660,20,1785155,20,3,0,0,0,0
5353,625446,20,1274957,20,0,1,0,1,0
2931,1513342,20,847431,20,0,0,0,1,0
5663,761522,20,1087475,20,0,0,0,2,0
6261,1197004,20,1281660,20,0,1,0,1,0
12248,1527362,20,1306719,20,0,0,0,1,0
11496,669515,20,979370,20,0,0,0,1,0
3737,1031787,20,1014944,20,1,0,0,1,0
3758,1194362,20,1259362,20,0,2,0,1,0
15256,772517,20,947159,20,0,2,0,0,0
1656,1015759,20,741846,20,0,0,0,0,0
3112,1096624,20,1232409,20,1,0,0,0,0
6474,977509,20,1177612,20,2,0,0,1,0
7840,1238131,20,895953,20,1,0,0,3,0
5742,1101737,20,1194363,20,1,0,0,0,0
3988,889377,20,1208770,20,0,1,0,0,0
1594,860793,20,761591,20,0,0,0,0,0
7948,1227263,20,1785744,20,2,1,0,1,0
6694,1463956,20,1039567,20,1,2,0,0,0
8860,833780,20,954449,20,0,0,0,0,0
2896,1352652,20,1050065,20,0,0,0,0,0
8498,1281584,20,959851,20,0,2,0,1,0
2445,769442,20,967676,20,0,0,0,0,0
7057,961044,20,663408,20,1,0,0,0,0
2816,847505,20,1158343,20,0,1,0,1,0
4382,777431,20,1043428,20,0,0,0,1,0
4234,1152820,20,1084913,20,1,1,0,0,0
1145,963383,20,912178,20,1,0,0,0,0
6809,1187225,20,1254184,20,1,0,0,3,0
6117,836943,20,1180445,20,0,0,0,0,0
4430,1369133,20,1015961,20,0,0,0,0,0
8389,1392909,20,1233497,20,0,0,0,1,0
7648,1088215,20,930394,20,0,0,0,1,0
5377,1042979,20,958551,20,1,0,0,0,0
5534,988725,20,747281,20,0,0,0,0,0
2095,808826,20,1087171,20,1,0,0,0,0
5238,1003521,20,1043194,20,1,0,0,0,0
10898,1522224,20,961382,20,0,0,0,1,0
7647,832659,20,765220,20,0,0,0,2,0
9744,1206679,20,1448611,20,0,0,0,0,0
4792,1446280,20,1498597,20,0,0,0,0,0
749,804560,20,828339,20,1,0,0,2,0
5907,943316,20,1317973,20,0,0,0,0,0
1646,726739,20,775507,20,0,0,0,1,0
13328,900139,20,1109811,20,1,1,0,2,0
8051,1070304,20,776791,20,0,1,0,2,0
17340,1200717,20,979572,20,0,0,0,1,0
3059,1046557,20,930846,20,2,1,0,1,0
2815,1256864,20,1595827,20,1,0,0,1,0
3114,1302128,20,1244224,20,0,0,0,0,0
3390,1351660,20,1333322,20,0,0,0,2,0
3244,1348337,20,926651,20,0,0,0,0,0
5913,1231417,20,1204147,20,2,0,0,0,0
8061,1115213,20,972056,20,2,0,0,3,0
14501,1290012,20,1115991,20,1,1,0,2,0
2066,1025995,20,1210128,20,0,0,0,0,0
5717,1308544,20,1482060,20,0,0,0,0,0
8803,1058126,20,1260871,20,0,0,0,1,0
3138,1357186,20,1341526,20,0,0,0,0,0
3596,1092731,20,846019,20,0,0,0,2,0
7770,1146150,20,1423564,20,2,0,0,0,0
801,1555332,20,1021841,20,0,0,0,0,0
2570,1197840,20,1107538,20,1,0,0,1,0
7600,1012137,20,881544,20,2,0,0,0,0
3058,1307486,20,1250157,20,0,0,0,5,0
13129,1409374,20,1023608,20,0,0,0,2,0
9539,1328923,20,1021249,20,1,0,0,3,0
5831,1118897,20,983174,20,1,0,0,2,0
1917,1182053,20,938704,20,0,0,0,0,0
2517,975014,20,842091,20,0,0,0,0,0
11577,1151712,20,1373099,20,1,1,0,1,0
4434,1235141,20,993489,20,2,0,0,16,0
12664,1123884,20,1243904,20,0,0,0,2,0
8059,1235823,20,1536608,20,0,0,0,1,0
11200,1537059,20,907433,20,0,0,0,0,0
2965,1444157,20,819879,20,0,0,0,2,0
4873,914740,20,1248550,20,2,0,0,0,0
7369,791931,20,1013822,20,2,0,0,2,0
5522,1091251,20,733666,20,1,0,0,1,0
18132,914082,20,1452769,20,2,1,0,1,0
18382,1202005,20,1286457,20,0,0,0,0,0
10497,632225,20,1290476,20,1,0,0,0,0
5546,1281520,20,1163822,20,0,0,0,2,0
5309,1104079,20,1100932,20,1,0,0,4,0
10815,1577134,20,1075779,20,1,1,0,1,0
5257,723268,20,1071101,20,0,0,0,0,0
19644,901912,20,1230434,20,1,0,0,2,0
3134,1084139,20,1251426,20,1,0,0,2,0
3224,849712,20,857551,20,0,0,0,1,0
11195,1334447,20,1337791,20,1,2,0,0,0
4756,1013000,20,1527488,20,0,0,0,0,0
8915,1306404,20,1027720,20,0,0,0,0,0
11163,1137815,20,943184,20,2,0,0,0,0
6413,1110098,20,1064973,20,0,0,0,0,0
9403,1000116,20,1103201,20,0,0,0,3,0
5107,987815,20,1341814,20,0,0,0,1,0
3910,1463545,20,1520878,20,0,0,0,1,0
8871,1297128,20,2062484,20,2,0,0,0,0
4839,1281793,20,1100795,20,0,1,0,0,0
6254,1103690,20,877037,20,0,0,0,0,0
6010,790973,20,879317,20,0,0,0,1,0
7350,1131264,20,1273715,20,0,0,0,3,0
10038,1353908,20,1011435,20,2,0,0,1,0
12965,945399,20,1256660,20,0,0,0,2,0
18689,1058094,20,1269959,20,2,1,0,1,0
1851,1075002,20,1429692,20,0,1,0,2,0
3780,1160393,20,1079854,20,0,1,0,0,0
1845,941565,20,1027169,20,1,0,0,2,0
2603,1282345,20,885048,20,0,2,0,0,0
1087,713943,20,919479,20,0,0,0,0,0
6549,1427683,20,763263,20,1,0,0,1,0
4244,1192424,20,935003,20,1,1,0,0,0
11312,938352,20,1254786,20,1,1,0,0,0
5122,712725,20,806328,20,0,0,0,1,0
11445,1496524,20,1423262,20,1,0,0,1,0
2977,1193226,20,1010119,20,1,0,0,0,0
6495,1000663,20,1336023,20,3,0,0,1,0
7277,990080,20,1137364,20,0,1,0,0,0
3737,1006893,20,878819,20,0,0,0,1,0
8179,1102670,20,820313,20,2,0,0,0,0
3053,1164352,20,1005604,20,0,0,0,0,0
10274,875758,20,944269,20,0,0,0,0,0
2612,955423,20,1277151,20,1,0,0,1,0
6704,838307,20,1635984,20,1,0,0,2,0
10447,1189660,20,1145081,20,0,0,0,0,0
3166,998204,20,952560,20,1,0,0,0,0
2725,1429400,20,1350591,20,1,0,0,1,0
18416,1198619,20,867766,20,2,1,0,1,0
15165,1112747,20,1055474,20,1,0,0,2,0
3962,1222836,20,707524,20,0,0,0,0,0
10051,998569,20,1067581,20,0,1,0,3,0
2638,1053663,20,710979,20,0,0,0,0,0
7046,824442,20,865469,20,1,0,0,2,0
1775,1720481,20,887513,20,1,0,0,0,0
4476,965251,20,1047009,20,4,0,0,0,0
3472,927756,20,816378,20,0,0,0,0,0
3060,1163838,20,1050259,20,0,0,0,0,0
5558,1188892,20,1639525,20,0,0,0,1,0
9752,1251751,20,822797,20,1,1,0,4,0
2976,824382,20,881972,20,1,0,0,0,0
10495,1194573,20,756866,20,2,1,0,0,0
4596,901165,20,1111638,20,2,0,0,0,0
5614,625516,20,1078148,20,1,0,0,0,0
3069,1291337,20,1098787,20,0,0,0,0,0
6869,1303927,20,720630,20,0,0,0,2,0
2367,927626,20,938518,20,0,0,0,0,0
6359,830278,20,1315818,20,1,0,0,1,0
3100,1373351,20,1097608,20,0,0,0,2,0
9335,1806112,20,1153293,20,1,0,0,1,0
1922,673140,20,800095,20,0,0,0,0,0
3080,855065,20,1633412,20,0,0,0,1,0
4549,1471652,20,1122639,20,1,0,0,1,0
7925,1226003,20,1227515,20,1,0,0,1,0
5363,1129042,20,1328075,20,0,0,0,14,0
3277,933448,20,1533641,20,2,0,0,0,0
1995,1062011,20,998765,20,3,0,0,0,0
7815,921262,20,1449220,20,2,1,0,0,0
4536,1121152,20,989121,20,0,0,0,2,0
10857,899173,20,1335333,20,0,0,0,1,0
8757,1451274,20,709262,20,0,0,0,1,0
1917,1116868,20,1378508,20,0,1,0,1,0
9069,896668,20,1399809,20,2,0,0,1,0
3454,1201387,20,1188751,20,0,0,0,1,0
2980,1230326,20,1227286,20,0,0,0,0,0
3919,1203256,20,804426,20,0,0,0,1,0
7496,943134,20,923383,20,1,0,0,0,0
6064,952100,20,1580141,20,1,0,0,2,0
1778,838661,20,1085657,20,0,0,0,1,0
5021,1466289,20,1296393,20,0,0,0,0,0
10424,1003343,20,1228805,20,1,0,0,1,0
3082,981626,20,982713,20,1,0,0,0,0
3600,1089425,20,1129532,20,1,0,0,3,0
3591,652000,20,1279978,20,1,0,0,0,0
4766,1129522,20,1043606,20,1,0,0,0,0
4615,978547,20,1405851,20,1,0,0,2,0
10103,1263648,20,978072,20,1,0,0,3,0
3672,1615244,20,1045705,20,0,1,0,0,0
3944,1304886,20,1085263,20,0,0,0,1,0
843,1121285,20,1065114,20,0,0,0,0,0
4712,1301421,20,1300021,20,1,0,0,1,0
4166,1014872,20,1075306,20,1,1,0,0,0
4007,794350,20,1050939,20,0,1,0,0,0
8692,1476194,20,1197327,20,1,0,0,2,0
9497,864707,20,895735,20,0,0,0,0,0
3567,1049127,20,977498,20,0,0,0,1,0
2582,1186254,20,1523774,20,0,0,0,0,0
16864,1339367,20,949528,20,0,0,0,2,0
5106,934578,20,813626,20,2,1,0,0,0
1434,1463797,20,871748,20,0,0,0,2,0
5838,842230,20,1095837,20,1,2,0,0,0
8783,1146895,20,1406030,20,0,0,0,0,0
5529,1061250,20,1129730,20,0,0,0,0,0
3109,946156,20,902521,20,0,0,0,1,0
4754,778292,20,658857,20,1,0,0,0,0
2768,854001,20,1379536,20,0,0,0,2,0
1932,921113,20,1615946,20,0,0,0,1,0
5989,1310962,20,867962,20,0,0,0,1,0
12555,1198056,20,922852,20,2,0,0,2,0
3130,1556143,20,842292,20,2,0,0,0,0
1975,841682,20,1153839,20,0,0,0,1,0
9317,1251548,20,777346,20,0,0,0,3,0
2054,1115330,20,767636,20,2,0,0,0,0
8126,504797,20,945462,20,0,1,0,0,0
3741,1031706,20,925671,20,0,0,0,1,0
1314,1145014,20,862685,20,0,0,0,0,0
1954,1014936,20,1098465,20,0,0,0,1,0
5326,995382,20,853566,20,0,0,0,2,0
7658,979253,20,1126039,20,1,0,0,0,0
6479,1437249,20,805483,20,0,0,0,1,0
13634,1048863,20,1046058,20,3,1,0,0,0
5008,700107,20,1156908,20,0,0,0,0,0
9855,1009536,20,948480,20,3,0,0,1,0
6163,1090626,20,877823,20,0,0,0,1,0
3957,737973,20,883491,20,0,0,0,2,0
593,1316072,20,1425767,20,0,0,0,1,0
4057,798014,20,992187,20,1,0,0,0,0
10104,1627417,20,964418,20,1,0,0,0,0
6465,954858,20,1209751,20,0,0,0,0,0
13913,1345789,20,1446272,20,2,0,0,0,0
6241,1147441,20,1031660,20,0,0,0,1,0
4191,597556,20,1026912,20,1,0,0,2,0
1472,844706,20,635431,20,0,0,0,1,0
1023,1054322,20,954788,20,0,0,0,0,0
4820,1081685,20,1115601,20,0,0,0,0,0
7363,1160767,20,1007344,20,0,0,0,5,0
12590,1017701,20,1329667,20,3,0,0,3,0
3657,1378137,20,936044,20,0,0,0,3,0
5106,1582150,20,787970,20,0,0,0,0,0
7765,1071004,20,1745165,20,0,1,0,2,0
7922,1172484,20,775290,20,1,0,0,1,0
4570,1259242,20,1017584,20,0,0,0,2,0
150,872731,20,1066461,20,0,0,0,1,0
1029,893548,20,803763,20,0,0,0,0,0
3365,941978,20,706577,20,1,0,0,0,0
1856,1014181,20,1829937,20,1,0,0,1,0
2930,770793,20,964590,20,0,0,0,1,0
4552,1142634,20,586122,20,1,0,0,0,0
12405,1238843,20,1077066,20,0,0,0,1,0
6082,1076282,20,922592,20,0,0,0,0,0
2826,1181008,20,1009869,20,0,0,0,19,0
5414,810210,20,1241156,20,0,0,0,0,0
6203,1490025,20,1330611,20,0,0,0,1,0
6522,1123865,20,1224296,20,1,0,0,0,0
10538,1245770,20,1434112,20,0,0,0,1,0
4633,1065112,20,802925,20,1,0,0,0,0
13688,1283147,20,1417624,20,2,1,0,2,0
3619,1118466,20,866082,20,1,0,0,0,0
7447,1373553,20,1132135,20,0,0,0,0,0
10974,1095991,20,1165661,20,2,0,0,1,0
5856,1635653,20,870288,20,1,0,0,1,0
12746,1052678,20,905649,20,0,0,0,0,0
5638,1394947,20,780152,20,0,0,0,0,0
3462,1006281,20,800505,20,0,0,0,1,0
10356,898282,20,1461432,20,1,0,0,1,0
7689,1085993,20,1388195,20,0,0,0,1,0
11556,1120512,20,1021960,20,1,0,0,0,0
795,877558,20,1430833,20,0,0,0,1,0
8161,1018060,20,1188619,20,0,1,0,0,0
8004,932373,20,833593,20,0,0,0,3,0
679,1205450,20,731849,20,1,0,0,0,0
6149,1227513,20,1055428,20,0,0,0,0,0
3937,886185,20,853886,20,0,1,0,1,0
11657,1444850,20,1143721,20,0,0,0,1,0
9588,1498002,20,1122502,20,0,0,0,0,0
2328,856861,20,1162398,20,0,0,0,1,0
9382,1288222,20,1052184,20,1,0,0,2,0
6247,1149793,20,1700162,20,0,0,0,0,0
9776,1008652,20,995433,20,4,0,0,1,0
13076,1278041,20,1205734,20,0,0,0,1,0
7856,1358680,20,1086306,20,0,0,0,0,0
5251,1204028,20,1410438,20,0,1,0,0,0
5473,959186,20,1108706,20,0,0,0,1,0
2497,1054818,20,1203621,20,0,1,0,0,0
17069,729699,20,1219314,20,1,1,0,0,0
2224,998631,20,1050977,20,0,0,0,2,0
3764,970348,20,1122103,20,0,0,0,0,0
6445,776567,20,798488,20,1,0,0,3,0
8067,1210861,20,844058,20,2,0,0,1,0
3959,1402026,20,1314563,20,0,0,0,0,0
914,940381,20,678165,20,1,0,0,1,0
20701,1622064,20,1161906,20,0,1,0,1,0
6500,1661936,20,940633,20,0,0,0,1,0
4741,1480816,20,1045720,20,1,0,0,0,0
1314,826430,20,1074498,20,1,0,0,0,0
4470,791896,20,1554707,20,0,1,0,0,0
14258,1492768,20,1160749,20,1,0,0,0,0
1733,799107,20,1010704,20,0,0,0,0,0
9459,941620,20,743886,20,1,1,0,1,0
708,1040289,20,744371,20,0,0,0,0,0
10290,879086,20,754025,20,1,1,0,1,0
7474,907623,20,835889,20,2,0,0,0,0
4270,1299151,20,1642040,20,0,0,0,0,0
9539,1060784,20,940394,20,3,0,0,0,0
9163,1117704,20,1463720,20,0,0,0,0,0
6798,1050875,20,1249956,20,1,0,0,1,0
6411,1020197,20,873998,20,0,0,0,1,0
6712,1073661,20,1068573,20,0,0,0,0,0
1824,1030696,20,741576,20,0,0,0,0,0
4052,1112744,20,834594,20,0,0,0,0,0
11992,1234954,20,927610,20,0,0,0,0,0
4235,1399079,20,1483281,20,0,0,0,0,0
5384,843985,20,1119968,20,0,0,0,1,0
2243,1247452,20,1041070,20,0,0,0,0,0
2719,985536,20,964202,20,0,1,0,0,0
13660,1182292,20,1342643,20,0,0,0,0,0
329,1111300,20,1052786,20,0,0,0,1,0
4323,635844,20,1161530,20,0,0,0,1,0
1319,1355072,20,935662,20,0,0,0,0,0
8942,1184457,20,1271159,20,0,1,0,0,0
2789,686549,20,1058386,20,0,1,0,0,0
5804,1214730,20,1219235,20,0,0,0,1,0
7178,1053813,20,1501392,20,0,0,0,0,0
3057,1199271,20,861895,20,1,0,0,0,0
1746,961358,20,827666,20,1,0,0,0,0
1527,1045728,20,1173660,20,0,0,0,0,0
8616,944352,20,1218558,20,0,0,0,0,0
5241,1231463,20,1066038,20,1,0,0,2,0
609,1221846,20,900050,20,1,0,0,1,0
9279,949394,20,1100927,20,1,0,0,1,0
2725,1109580,20,1177139,20,1,0,0,2,0
8448,998913,20,920378,20,1,0,0,0,0
2325,1271922,20,1203179,20,1,0,0,0,0
4527,1637903,20,857996,20,0,0,0,0,0
4719,1620295,20,1149684,20,0,0,0,0,0
7591,882487,20,1091514,20,0,0,0,0,0
7055,1274739,20,1017784,20,2,0,0,0,0
4856,1330338,20,1295595,20,1,0,0,0,0
8659,857835,20,1072644,20,1,1,0,0,0
1465,1100117,20,1103963,20,0,0,0,0,0
3221,991947,20,722955,20,0,0,0,2,0
3154,1449010,20,1108342,20,0,0,0,1,0
6088,862053,20,1139740,20,0,0,0,0,0
8325,1330409,20,962688,20,1,0,0,1,0
5643,839863,20,1085648,20,1,0,0,1,0
5119,1268971,20,1258679,20,0,0,0,2,0
3964,917192,20,1373651,20,0,0,0,0,0
5709,1457970,20,1458617,20,1,0,0,0,0
5247,1562299,20,546224,20,2,0,0,0,0
9980,1196385,20,772185,20,12,0,0,0,0
14671,1090332,20,1144158,20,1,1,0,2,0
8803,1271242,20,923830,20,0,1,0,0,0
4501,1105119,20,1597428,20,0,0,0,0,0
5775,987477,20,1221403,20,0,0,0,0,0
10161,1240102,20,892643,20,1,1,0,2,0
12664,1666770,20,771979,20,0,0,0,2,0
6091,973155,20,876548,20,1,1,0,0,0
11476,907549,20,1164031,20,1,0,0,1,0
2965,1091660,20,996137,20,1,0,0,3,0
9935,1280296,20,1120319,20,0,1,0,1,0
4748,792649,20,914513,20,0,0,0,1,0
1407,1103878,20,1422608,20,1,0,0,0,0
4803,876852,20,1268214,20,0,0,0,1,0
8010,810231,20,787899,20,1,0,0,1,0
2743,1207414,20,724193,20,0,0,0,0,0
5696,1636820,20,884167,20,0,0,0,1,0
4392,784005,20,968611,20,0,0,0,0,0
4595,948908,20,914529,20,0,0,0,1,0
5810,928341,20,883842,20,1,1,0,0,0
3522,841356,20,1159574,20,1,0,0,0,0
1753,869657,20,1180018,20,0,0,0,1,0
