5834,399560,20,224457,20,0,0,0,2,0
1266,232701,20,180936,20,2,0,0,0,0
1173,211849,20,267616,20,2,0,0,0,0
1422,236881,20,227107,20,0,1,0,0,0
2147,264534,20,231905,20,0,0,0,0,0
834,327165,20,299976,20,1,0,0,2,0
1951,185597,20,234520,20,0,0,0,2,0
1580,303091,20,359130,20,2,1,0,1,0
2031,184350,20,238765,20,2,1,0,1,0
1697,206918,20,264406,20,1,0,0,1,0
2007,246818,20,269283,20,0,0,0,1,0
2645,220746,20,264897,20,0,1,0,1,0
1197,215471,20,181033,20,0,0,0,1,0
1070,230750,20,236481,20,0,1,0,1,0
4117,316812,20,239512,20,1,0,0,0,0
1830,307693,20,249723,20,0,1,0,0,0
1445,284219,20,300132,20,2,0,0,1,0
4933,378346,20,296433,20,0,0,0,2,0
1377,182502,20,258417,20,1,2,0,1,0
1362,334690,20,146129,20,0,0,0,3,0
1855,214890,20,314983,20,0,2,0,0,0
3605,247522,20,228275,20,1,1,0,1,0
781,307299,20,281400,20,0,2,0,2,0
2202,236965,20,240859,20,2,0,0,0,0
1298,268336,20,213769,20,0,0,0,2,0
1338,264678,20,276499,20,1,0,0,2,0
2069,196831,20,292422,20,0,1,0,0,0
1349,281511,20,302860,20,0,0,0,0,0
3223,188557,20,229349,20,1,0,0,2,0
1106,194979,20,192103,20,0,1,0,1,0
2839,233346,20,221664,20,0,0,0,1,0
1249,282895,20,248195,20,0,0,0,2,0
1507,235999,20,204819,20,2,1,0,2,0
2058,252562,20,281617,20,0,0,0,1,0
1166,289275,20,177208,20,2,0,0,1,0
625,217066,20,294344,20,1,0,0,0,0
347,188940,20,252880,20,0,0,0,2,0
2076,291894,20,219124,20,2,0,0,0,0
969,315821,20,317848,20,0,0,0,0,0
911,348560,20,196256,20,0,0,0,0,0
1056,248290,20,218915,20,0,0,0,1,0
1107,200938,20,248877,20,0,0,0,0,0
472,265716,20,185934,20,0,0,0,1,0
1593,319279,20,212689,20,0,0,0,1,0
1009,237558,20,233714,20,3,0,0,0,0
1220,199560,20,264117,20,0,0,0,0,0
1484,214853,20,394720,20,0,0,0,1,0
2481,302024,20,239388,20,3,0,0,1,0
2285,254760,20,274144,20,1,0,0,0,0
2101,260399,20,293302,20,0,0,0,3,0
1695,354905,20,250759,20,1,0,0,0,0
2109,222871,20,259352,20,0,1,0,0,0
1056,251912,20,252056,20,0,0,0,1,0
1998,184725,20,289711,20,2,0,0,1,0
2473,172013,20,258045,20,1,0,0,1,0
3115,251951,20,240083,20,1,2,0,2,0
1958,223774,20,290468,20,0,0,0,0,0
3015,266150,20,237822,20,0,0,0,1,0
3526,287544,20,204151,20,0,1,0,2,0
1010,251581,20,209943,20,0,0,0,1,0
3218,271625,20,229267,20,0,0,0,1,0
1817,225394,20,245537,20,0,0,0,0,0
1503,221301,20,180489,20,1,0,0,0,0
3721,224135,20,261267,20,2,2,0,1,0
2328,277653,20,171065,20,1,0,0,2,0
3425,246738,20,182577,20,3,0,0,3,0
1275,179107,20,193514,20,0,0,0,1,0
694,192206,20,315210,20,0,0,0,1,0
785,150159,20,257992,20,1,0,0,2,0
724,317561,20,220079,20,1,0,0,0,0
2127,247527,20,347848,20,1,0,0,1,0
3056,294292,20,301628,20,1,0,0,1,0
2130,162669,20,262345,20,0,0,0,1,0
3166,252118,20,268320,20,0,0,0,1,0
2159,227774,20,235842,20,1,0,0,2,0
1614,279906,20,216367,20,0,1,0,0,0
1712,303116,20,245399,20,2,0,0,0,0
1100,291044,20,330458,20,0,0,0,0,0
1437,238276,20,267113,20,4,0,0,0,0
2165,246370,20,339680,20,0,0,0,0,0
579,349892,20,216308,20,1,0,0,0,0
3198,251161,20,273430,20,1,0,0,0,0
1205,242438,20,263194,20,1,0,0,3,0
4186,247332,20,313439,20,1,0,0,3,0
2059,251865,20,210321,20,3,0,0,1,0
3353,330220,20,191157,20,0,0,0,1,0
2370,244512,20,222550,20,1,0,0,1,0
1197,286873,20,266012,20,0,0,0,0,0
1294,230007,20,216549,20,0,0,0,1,0
2182,215161,20,232105,20,1,0,0,0,0
1419,246240,20,263730,20,0,0,0,0,0
2780,199569,20,302425,20,2,2,0,1,0
3087,251634,20,225113,20,0,0,0,1,0
1118,269356,20,199461,20,0,1,0,0,0
1326,228501,20,237233,20,1,0,0,1,0
1356,248964,20,306999,20,0,0,0,1,0
4627,226968,20,179136,20,0,1,0,3,0
810,152262,20,205012,20,3,0,0,0,0
786,220954,20,329388,20,0,0,0,1,0
1821,210969,20,221033,20,0,1,0,1,0
1353,224257,20,302273,20,0,0,0,0,0
1856,200310,20,234421,20,0,0,0,0,0
1230,287838,20,186161,20,0,0,0,0,0
2722,259574,20,192598,20,1,0,0,2,0
602,269396,20,233533,20,0,0,0,1,0
1102,255125,20,249680,20,0,1,0,1,0
745,243208,20,232823,20,1,0,0,0,0
1844,237642,20,243679,20,0,0,0,1,0
3236,202820,20,326517,20,2,0,0,1,0
2182,229346,20,238995,20,0,0,0,0,0
1507,370843,20,259182,20,0,0,0,1,0
688,321855,20,356808,20,0,0,0,1,0
999,187573,20,179699,20,0,0,0,0,0
612,182087,20,275150,20,0,1,0,2,0
2508,340549,20,204455,20,0,0,0,2,0
1732,243726,20,227326,20,2,0,0,1,0
1548,230682,20,179098,20,1,0,0,0,0
1861,213735,20,248836,20,1,1,0,1,0
2099,306825,20,289712,20,0,0,0,0,0
1608,276037,20,303811,20,0,0,0,1,0
1589,379131,20,204935,20,0,1,0,0,0
1532,246240,20,243457,20,1,1,0,1,0
3129,279880,20,246532,20,2,0,0,1,0
1931,191726,20,190764,20,2,0,0,1,0
660,351718,20,228400,20,2,0,0,2,0
3124,194216,20,270093,20,0,0,0,0,0
3181,254537,20,168176,20,0,0,0,1,0
1890,170110,20,227247,20,0,0,0,0,0
2862,251743,20,231070,20,1,0,0,1,0
1193,302649,20,265603,20,2,0,0,2,0
1281,167610,20,204058,20,1,0,0,1,0
479,210681,20,318661,20,1,0,0,3,0
2446,252640,20,212414,20,0,0,0,0,0
1379,202758,20,191621,20,1,0,0,0,0
2841,321439,20,246658,20,0,1,0,0,0
3579,324354,20,344596,20,0,1,0,6,0
288,209301,20,230421,20,0,1,0,0,0
1774,281549,20,186519,20,0,1,0,3,0
1008,304192,20,248125,20,2,0,0,0,0
1967,180805,20,257959,20,0,0,0,2,0
1957,308438,20,214477,20,1,2,0,0,0
912,257965,20,305187,20,1,0,0,0,0
1490,133573,20,325215,20,2,1,0,0,0
3149,296904,20,199779,20,0,0,0,1,0
3739,374920,20,220688,20,0,0,0,1,0
678,242697,20,275364,20,0,0,0,1,0
1850,297971,20,278269,20,0,0,0,0,0
2051,327223,20,169881,20,1,0,0,3,0
1612,192294,20,173820,20,0,1,0,1,0
2530,200000,20,224632,20,0,0,0,1,0
1854,322978,20,285147,20,0,0,0,1,0
2234,198827,20,324376,20,2,1,0,0,0
1808,211921,20,263460,20,1,0,0,1,0
1937,221023,20,268596,20,0,1,0,0,0
2045,246080,20,203295,20,0,0,0,2,0
935,239737,20,160145,20,0,0,0,1,0
1039,260999,20,323808,20,0,0,0,1,0
3759,249463,20,362803,20,0,0,0,2,0
1123,172561,20,192350,20,0,0,0,0,0
1040,298260,20,178787,20,0,0,0,1,0
1935,292138,20,282413,20,0,1,0,0,0
1983,152007,20,228512,20,1,0,0,2,0
2356,259161,20,268187,20,3,1,0,2,0
1142,222496,20,162237,20,2,0,0,2,0
2596,306397,20,284935,20,2,1,0,1,0
1945,250069,20,267788,20,0,0,0,0,0
2867,312928,20,173285,20,1,0,0,0,0
935,264728,20,258024,20,0,0,0,0,0
1448,220834,20,272457,20,0,0,0,1,0
3989,289521,20,172247,20,0,0,0,0,0
2660,316899,20,209066,20,0,0,0,3,0
5463,258230,20,323497,20,1,1,0,1,0
2228,323229,20,233933,20,3,0,0,1,0
6123,242895,20,220012,20,0,1,0,1,0
1844,439940,20,220847,20,2,0,0,0,0
1428,145553,20,175339,20,0,0,0,18,0
1145,331517,20,247714,20,0,0,0,0,0
2389,272362,20,259246,20,1,0,0,0,0
1556,240919,20,271220,20,0,1,0,0,0
4929,264009,20,257357,20,1,0,0,0,0
1615,345606,20,251185,20,0,0,0,2,0
1687,230987,20,288381,20,1,0,0,0,0
2634,303572,20,315645,20,0,0,0,1,0
1296,191704,20,326875,20,0,0,0,1,0
3604,357601,20,187195,20,0,0,0,0,0
2086,251065,20,211019,20,1,0,0,0,0
2098,314766,20,202686,20,0,0,0,2,0
855,194539,20,200512,20,0,0,0,2,0
1086,242096,20,406738,20,0,0,0,0,0
2022,222182,20,320387,20,1,0,0,0,0
1872,260459,20,199363,20,0,1,0,1,0
2240,242757,20,207622,20,0,0,0,0,0
2394,175810,20,286106,20,0,0,0,1,0
2165,171404,20,271546,20,3,1,0,1,0
1448,155357,20,213129,20,0,0,0,1,0
3085,237254,20,249786,20,1,0,0,3,0
986,243967,20,278378,20,0,0,0,0,0
2308,265380,20,273578,20,21,1,0,0,0
1193,340364,20,265201,20,0,0,0,0,0
1164,313573,20,268447,20,0,0,0,1,0
976,305789,20,216075,20,0,0,0,0,0
1304,249180,20,253466,20,0,0,0,0,0
2873,381294,20,255122,20,2,1,0,1,0
1644,270872,20,287031,20,1,0,0,1,0
2688,269307,20,304366,20,1,0,0,2,0
1552,290419,20,167027,20,0,3,0,0,0
1250,278078,20,239285,20,1,0,0,1,0
1020,219504,20,264542,20,0,0,0,1,0
1518,282880,20,289169,20,1,0,0,0,0
817,234058,20,235858,20,1,0,0,0,0
840,232532,20,301180,20,0,0,0,0,0
2513,256472,20,381054,20,1,0,0,4,0
2740,170166,20,235703,20,1,1,0,1,0
1304,231070,20,182354,20,0,0,0,0,0
1710,239814,20,330602,20,1,0,0,1,0
1401,193391,20,177291,20,1,0,0,0,0
1589,375787,20,233389,20,1,1,0,0,0
1096,141629,20,255224,20,16,0,0,1,0
1961,334234,20,295697,20,0,0,0,1,0
1494,307213,20,208572,20,1,0,0,0,0
1606,283582,20,241099,20,0,0,0,0,0
1788,216410,20,281069,20,0,0,0,1,0
629,182863,20,185863,20,0,0,0,1,0
1104,191036,20,240804,20,0,0,0,0,0
1343,212983,20,237822,20,0,0,0,1,0
1335,197667,20,245655,20,1,0,0,1,0
776,242122,20,315450,20,0,0,0,2,0
1335,219031,20,221895,20,0,1,0,0,0
2196,240362,20,293855,20,1,0,0,1,0
1668,217260,20,203401,20,0,0,0,1,0
2512,308888,20,262626,20,1,0,0,2,0
2182,302328,20,282718,20,0,0,0,1,0
793,257016,20,179053,20,1,1,0,0,0
2116,307773,20,220519,20,1,1,0,1,0
1068,308515,20,258513,20,1,0,0,0,0
2407,230479,20,309315,20,3,0,0,0,0
1842,230782,20,215652,20,0,0,0,0,0
1314,331796,20,251467,20,1,0,0,1,0
2193,200025,20,232238,20,2,0,0,1,0
2491,180794,20,166791,20,3,0,0,0,0
1534,231572,20,298964,20,0,0,0,1,0
1812,267080,20,242966,20,1,0,0,0,0
1600,286086,20,244255,20,0,0,0,0,0
2377,328532,20,326797,20,0,2,0,0,0
3747,257155,20,199551,20,0,1,0,0,0
2052,279224,20,238266,20,1,2,0,0,0
2621,278614,20,282040,20,1,0,0,2,0
1703,259436,20,219558,20,0,0,0,2,0
1861,190897,20,148730,20,1,0,0,0,0
1031,325221,20,174959,20,1,0,0,0,0
2034,258719,20,259087,20,0,0,0,3,0
3181,267437,20,272579,20,1,0,0,1,0
725,259393,20,247977,20,2,0,0,1,0
967,225682,20,193669,20,1,0,0,0,0
1638,344753,20,342369,20,3,0,0,0,0
2170,326519,20,349447,20,1,0,0,1,0
933,174955,20,201011,20,2,0,0,1,0
1427,242344,20,172669,20,1,0,0,0,0
1246,261116,20,238533,20,1,0,0,0,0
1318,302593,20,249190,20,1,0,0,0,0
1886,315492,20,305670,20,0,1,0,1,0
1863,271085,20,181019,20,0,1,0,0,0
2014,249166,20,205402,20,1,0,0,3,0
1068,274587,20,262913,20,1,0,0,0,0
1176,278598,20,243897,20,0,0,0,0,0
781,215351,20,237262,20,1,0,0,1,0
775,199592,20,207686,20,0,0,0,0,0
2034,196274,20,210338,20,0,0,0,3,0
1463,230992,20,244120,20,17,0,0,1,0
1119,173678,20,218920,20,0,1,0,3,0
850,269795,20,203577,20,1,0,0,2,0
1011,208787,20,274972,20,0,0,0,0,0
559,228388,20,299503,20,1,1,0,0,0
2138,223644,20,195735,20,0,0,0,2,0
1463,268480,20,269919,20,0,0,0,0,0
2294,204976,20,221534,20,0,0,0,1,0
1871,203573,20,232634,20,2,2,0,3,0
1850,342667,20,362213,20,2,0,0,3,0
607,179206,20,255353,20,0,0,0,1,0
1517,281517,20,361263,20,1,1,0,1,0
663,337130,20,278185,20,1,0,0,0,0
1334,188929,20,229251,20,1,1,0,0,0
3299,366248,20,245164,20,0,0,0,2,0
1959,288848,20,265854,20,0,1,0,0,0
2394,250857,20,255647,20,0,1,0,0,0
944,235115,20,211139,20,0,2,0,0,0
2526,423033,20,357110,20,0,0,0,0,0
615,224778,20,284473,20,1,0,0,3,0
1234,247702,20,299899,20,0,0,0,1,0
991,254665,20,144144,20,0,0,0,0,0
928,350718,20,244964,20,0,0,0,2,0
2086,220920,20,273864,20,1,2,0,0,0
1382,269355,20,272731,20,1,0,0,0,0
1212,240721,20,303099,20,1,0,0,1,0
2982,148101,20,301772,20,1,1,0,2,0
3988,271821,20,261815,20,3,0,0,1,0
2752,170323,20,197299,20,0,0,0,0,0
698,252566,20,187775,20,2,0,0,0,0
1422,370881,20,273004,20,1,1,0,0,0
687,282440,20,256069,20,0,0,0,0,0
1343,181902,20,228324,20,0,0,0,0,0
1634,229484,20,221628,20,2,0,0,0,0
2027,243193,20,198017,20,0,2,0,1,0
835,307140,20,282404,20,0,1,0,17,0
1976,242108,20,269665,20,0,0,0,0,0
822,151618,20,219039,20,1,0,0,0,0
526,271591,20,262759,20,0,1,0,0,0
1541,495117,20,235047,20,0,0,0,0,0
999,192065,20,364770,20,2,0,0,3,0
1527,275420,20,193886,20,2,0,0,0,0
1634,273025,20,325898,20,0,1,0,0,0
861,166130,20,180830,20,0,0,0,0,0
2828,269974,20,346712,20,1,1,0,1,0
2363,301414,20,240172,20,1,0,0,0,0
2177,317915,20,177384,20,0,0,0,2,0
1598,409078,20,229828,20,7,0,0,4,0
750,208679,20,280275,20,0,0,0,0,0
1297,167443,20,328056,20,1,0,0,0,0
3454,391093,20,219755,20,1,0,0,0,0
781,335802,20,170249,20,1,0,0,2,0
2098,203593,20,214800,20,0,0,0,2,0
476,258038,20,147053,20,0,0,0,2,0
1049,378116,20,329402,20,0,1,0,1,0
2173,285803,20,303060,20,1,0,0,0,0
2781,196294,20,163196,20,0,0,0,1,0
1114,166566,20,218899,20,0,0,0,2,0
1250,221479,20,323061,20,0,0,0,0,0
2580,275054,20,208328,20,1,0,0,1,0
1167,359842,20,362264,20,0,0,0,0,0
1713,324906,20,338841,20,0,0,0,0,0
2648,284897,20,327927,20,1,0,0,0,0
462,166309,20,254085,20,2,0,0,1,0
2599,195562,20,248417,20,0,0,0,0,0
2039,348768,20,318764,20,1,0,0,1,0
2508,309659,20,202411,20,1,1,0,2,0
897,163180,20,350329,20,0,0,0,0,0
2675,455676,20,222002,20,0,0,0,0,0
896,286735,20,195865,20,0,1,0,20,0
1136,196875,20,271699,20,2,0,0,18,0
2833,280271,20,221770,20,0,0,0,0,0
839,312672,20,183287,20,0,0,0,0,0
862,189759,20,229885,20,0,0,0,1,0
1076,264972,20,257997,20,0,0,0,0,0
653,286803,20,223393,20,3,0,0,2,0
574,268921,20,265549,20,1,0,0,1,0
1326,223150,20,233882,20,1,0,0,1,0
1300,236149,20,216335,20,0,1,0,0,0
2063,164303,20,242017,20,1,1,0,1,0
2198,297703,20,250608,20,2,1,0,3,0
1761,155935,20,251214,20,0,0,0,0,0
931,344085,20,297208,20,0,1,0,0,0
1743,325172,20,358815,20,1,0,0,1,0
1137,319146,20,329334,20,0,2,0,2,0
2498,332524,20,237160,20,1,1,0,2,0
1076,284271,20,211263,20,0,0,0,1,0
1107,210805,20,195402,20,1,0,0,2,0
4745,253296,20,283500,20,0,0,0,2,0
1577,283251,20,304827,20,0,0,0,1,0
1257,271252,20,230724,20,1,1,0,1,0
1486,242889,20,225968,20,0,1,0,0,0
508,275457,20,206300,20,2,0,0,1,0
2447,261217,20,318838,20,1,0,0,1,0
1192,264838,20,249115,20,0,0,0,0,0
740,153398,20,243721,20,0,0,0,0,0
2400,170721,20,229942,20,1,0,0,2,0
3433,256842,20,238487,20,0,1,0,3,0
1396,223106,20,217016,20,0,0,0,1,0
1485,247777,20,299590,20,0,0,0,0,0
3566,188439,20,272091,20,0,0,0,4,0
1719,231687,20,177236,20,2,0,0,0,0
1546,372390,20,163236,20,0,0,0,1,0
2589,199289,20,164290,20,2,0,0,1,0
1321,184984,20,167632,20,1,0,0,2,0
662,241213,20,281317,20,0,0,0,1,0
1063,282921,20,181178,20,12,0,0,0,0
961,207699,20,248661,20,1,0,0,1,0
2426,302416,20,299584,20,0,2,0,1,0
699,272013,20,232145,20,0,0,0,0,0
1082,215247,20,218661,20,1,0,0,0,0
2532,237411,20,290305,20,0,0,0,0,0
1219,388803,20,309892,20,1,0,0,0,0
1701,303412,20,196063,20,0,0,0,0,0
844,337138,20,223455,20,0,0,0,0,0
851,179936,20,228375,20,1,0,0,0,0
667,281346,20,262144,20,1,0,0,1,0
2882,301859,20,258585,20,1,1,0,2,0
1027,210225,20,173456,20,0,0,0,0,0
1607,391044,20,270194,20,0,0,0,1,0
3055,230344,20,304633,20,2,3,0,1,0
2115,285397,20,244893,20,0,1,0,1,0
2429,280488,20,146416,20,2,1,0,2,0
1829,273399,20,337795,20,1,0,0,2,0
1582,227681,20,190242,20,1,0,0,1,0
2393,296345,20,216488,20,1,0,0,3,0
2514,267894,20,349988,20,1,0,0,1,0
1680,220054,20,286387,20,1,0,0,2,0
2443,158356,20,229011,20,0,1,0,1,0
1083,189335,20,226909,20,0,0,0,1,0
2716,342996,20,268438,20,0,0,0,4,0
902,186129,20,326879,20,1,0,0,1,0
1375,284872,20,205855,20,2,0,0,1,0
802,194349,20,130242,20,1,0,0,0,0
2945,340640,20,168399,20,1,0,0,0,0
2437,193499,20,235200,20,0,0,0,1,0
893,235044,20,295381,20,0,0,0,2,0
2349,183588,20,247299,20,2,0,0,0,0
1554,202297,20,204449,20,0,0,0,1,0
1612,239925,20,271300,20,0,1,0,3,0
1383,197866,20,270886,20,1,0,0,2,0
2661,162904,20,251800,20,0,1,0,2,0
2006,223599,20,256723,20,2,0,0,0,0
2784,330608,20,180848,20,1,1,0,0,0
2161,367353,20,302573,20,0,0,0,1,0
1914,276636,20,155278,20,0,0,0,3,0
2123,343539,20,271567,20,0,0,0,0,0
1441,235284,20,179104,20,1,0,0,0,0
2514,165023,20,264763,20,0,1,0,3,0
809,246044,20,161957,20,0,0,0,1,0
2292,195511,20,171681,20,0,0,0,0,0
2071,239402,20,215301,20,1,0,0,1,0
545,161297,20,291891,20,1,0,0,1,0
1768,294786,20,178154,20,1,1,0,1,0
660,231246,20,303974,20,2,0,0,0,0
2374,290409,20,197621,20,0,1,0,0,0
1213,310910,20,265025,20,2,0,0,0,0
1952,238466,20,362034,20,1,2,0,1,0
527,323088,20,242577,20,1,0,0,0,0
1391,261592,20,259580,20,0,0,0,2,0
952,173515,20,220271,20,1,0,0,3,0
1948,254821,20,344899,20,1,1,0,1,0
1512,199848,20,272618,20,2,1,0,0,0
566,257088,20,187164,20,1,0,0,0,0
1345,156469,20,239106,20,0,1,0,1,0
764,261266,20,249795,20,1,0,0,1,0
2284,277030,20,180288,20,1,0,0,1,0
2479,237705,20,313977,20,3,1,0,0,0
1849,167329,20,392845,20,0,0,0,0,0
1549,266626,20,383976,20,0,0,0,0,0
1661,267511,20,249441,20,2,1,0,2,0
2222,252746,20,252445,20,0,0,0,1,0
1064,213719,20,150702,20,0,0,0,1,0
2201,301681,20,246686,20,0,0,0,1,0
3688,203685,20,246674,20,1,0,0,1,0
1749,284089,20,297289,20,0,0,0,1,0
784,206191,20,230020,20,0,0,0,1,0
1937,241704,20,204849,20,0,0,0,1,0
855,290644,20,283667,20,0,0,0,2,0
2389,350954,20,246685,20,0,0,0,1,0
2254,245591,20,174645,20,0,0,0,1,0
2269,181035,20,225459,20,0,0,0,1,0
1864,250729,20,207623,20,1,2,0,0,0
3281,307299,20,281498,20,2,1,0,1,0
2331,309360,20,199519,20,0,0,0,3,0
723,194443,20,266730,20,1,0,0,0,0
1592,169237,20,261114,20,0,0,0,0,0
1001,301585,20,140612,20,0,1,0,1,0
898,246390,20,188164,20,1,0,0,2,0
1564,239395,20,213392,20,3,1,0,1,0
2421,301902,20,209980,20,0,0,0,0,0
1442,260007,20,214283,20,1,0,0,1,0
1088,184389,20,236927,20,2,1,0,0,0
749,242082,20,341101,20,1,0,0,2,0
899,205378,20,188028,20,0,0,0,0,0
1656,285773,20,203325,20,0,1,0,0,0
2499,215332,20,193748,20,0,0,0,1,0
2063,195735,20,252071,20,0,0,0,0,0
1652,225427,20,253577,20,0,0,0,0,0
1347,237378,20,179342,20,1,1,0,0,0
969,312853,20,267182,20,1,1,0,1,0
1188,207699,20,225579,20,0,0,0,1,0
2347,260868,20,387679,20,0,0,0,0,0
2305,275471,20,278392,20,0,0,0,1,0
1965,172079,20,274469,20,0,0,0,1,0
1452,259208,20,255405,20,0,0,0,0,0
1332,174716,20,186575,20,1,0,0,0,0
345,217081,20,427555,20,1,0,0,0,0
2844,225997,20,189832,20,0,1,0,0,0
1878,269352,20,273970,20,2,0,0,0,0
973,345621,20,281056,20,1,0,0,1,0
1109,231704,20,274817,20,0,0,0,1,0
2217,258530,20,204160,20,0,0,0,3,0
1741,238226,20,204354,20,2,1,0,2,0
2015,372453,20,311744,20,1,0,0,4,0
1632,356746,20,250877,20,2,0,0,1,0
2375,252287,20,255541,20,0,1,0,0,0
1254,284947,20,280913,20,0,1,0,2,0
1463,222383,20,244224,20,0,0,0,1,0
1417,195702,20,310725,20,1,0,0,0,0
2081,306007,20,190017,20,0,0,0,0,0
1863,187356,20,221431,20,2,0,0,0,0
2384,299759,20,303357,20,0,1,0,1,0
1181,237354,20,194445,20,0,2,0,1,0
1422,316876,20,249424,20,1,0,0,2,0
1825,190233,20,193123,20,0,0,0,1,0
1441,343852,20,250017,20,1,0,0,1,0
3959,281955,20,258062,20,0,1,0,2,0
1103,392996,20,232822,20,2,0,0,1,0
1969,253465,20,294249,20,1,0,0,1,0
1953,258671,20,155667,20,0,0,0,1,0
1482,305143,20,314480,20,0,1,0,0,0
1182,248911,20,326973,20,1,1,0,0,0
1775,220605,20,280019,20,2,1,0,1,0
719,251028,20,284576,20,2,0,0,0,0
2850,267738,20,259682,20,2,2,0,1,0
1693,226910,20,274539,20,1,0,0,0,0
946,294510,20,163814,20,1,1,0,1,0
2030,228645,20,334636,20,2,0,0,1,0
820,270703,20,222551,20,0,0,0,1,0
1635,326058,20,230205,20,0,2,0,0,0
2193,284224,20,286789,20,0,2,0,1,0
1221,215808,20,254128,20,0,0,0,0,0
788,270365,20,169544,20,1,0,0,0,0
3432,343259,20,286383,20,0,0,0,1,0
1480,205102,20,327094,20,1,0,0,0,0
1283,224244,20,282291,20,1,0,0,0,0
1926,205655,20,228767,20,0,0,0,1,0
1004,308167,20,226513,20,0,0,0,1,0
515,227488,20,184443,20,0,0,0,2,0
2454,204551,20,209714,20,0,0,0,1,0
2143,297625,20,283886,20,1,0,0,2,0
917,364906,20,188009,20,1,1,0,1,0
1827,301833,20,207728,20,0,0,0,1,0
1618,185733,20,203596,20,0,0,0,0,0
722,240904,20,216655,20,0,0,0,0,0
458,251317,20,265743,20,0,0,0,3,0
2671,229060,20,202851,20,2,0,0,0,0
986,243930,20,312604,20,0,0,0,2,0
881,241040,20,422398,20,0,0,0,2,0
2155,317093,20,211158,20,1,0,0,1,0
2725,349540,20,306848,20,0,1,0,1,0
762,227619,20,214209,20,0,0,0,0,0
2517,244446,20,289026,20,0,0,0,2,0
1795,214523,20,136607,20,0,0,0,0,0
4493,277173,20,251369,20,0,1,0,3,0
859,207947,20,268938,20,0,0,0,0,0
802,282035,20,234606,20,0,0,0,2,0
5032,434391,20,209132,20,2,1,0,2,0
818,204630,20,241428,20,0,0,0,0,0
2922,209960,20,291291,20,0,1,0,1,0
2327,181814,20,315988,20,2,1,0,2,0
1232,254309,20,275462,20,0,0,0,0,0
980,178854,20,238568,20,1,0,0,0,0
3861,265846,20,224853,20,0,1,0,2,0
1066,209230,20,213290,20,0,0,0,0,0
1808,205467,20,245343,20,1,0,0,0,0
1989,225694,20,212538,20,0,0,0,0,0
2244,324634,20,134052,20,0,0,0,1,0
922,149783,20,234543,20,0,0,0,2,0
1645,142398,20,233640,20,0,0,0,2,0
2778,262374,20,267291,20,0,0,0,0,0
1560,184096,20,243455,20,1,1,0,2,0
2462,347233,20,249029,20,0,0,0,0,0
1796,343833,20,233581,20,0,0,0,1,0
1942,262321,20,208681,20,1,1,0,1,0
3061,218340,20,266596,20,1,1,0,5,0
1678,198778,20,227419,20,1,0,0,0,0
1206,288862,20,258900,20,0,0,0,1,0
834,230355,20,255407,20,0,1,0,0,0
1616,184630,20,114794,20,1,0,0,0,0
1329,208082,20,230634,20,1,0,0,0,0
1430,290750,20,174832,20,1,1,0,17,0
897,310554,20,209198,20,2,1,0,1,0
850,420822,20,280793,20,0,0,0,0,0
1635,259900,20,154862,20,0,0,0,2,0
1660,209898,20,280207,20,2,0,0,1,0
2989,353564,20,287799,20,2,0,0,1,0
1663,243816,20,244624,20,2,1,0,0,0
2581,218936,20,304268,20,1,1,0,0,0
1585,229847,20,215664,20,1,0,0,0,0
1015,272380,20,356769,20,0,0,0,1,0
2114,241298,20,240164,20,1,0,0,0,0
1223,265307,20,140914,20,1,0,0,0,0
1230,226580,20,299422,20,1,0,0,0,0
884,159439,20,264171,20,0,1,0,1,0
1348,277830,20,210298,20,0,0,0,0,0
769,209283,20,260628,20,0,0,0,1,0
1280,214112,20,237157,20,0,1,0,1,0
1793,280205,20,266630,20,0,1,0,3,0
1832,293231,20,352996,20,1,0,0,0,0
2066,201482,20,187319,20,0,0,0,1,0
1330,295308,20,227632,20,0,0,0,2,0
1177,277531,20,307939,20,0,0,0,1,0
3459,312625,20,222246,20,3,1,0,2,0
1277,346010,20,344864,20,0,0,0,0,0
1727,247827,20,335107,20,0,0,0,0,0
3514,278719,20,318753,20,2,2,0,4,0
1297,308475,20,334753,20,1,0,0,1,0
1039,288935,20,328654,20,0,0,0,0,0
2641,333015,20,239350,20,3,0,0,1,0
1118,245769,20,196013,20,0,0,0,0,0
2770,383506,20,246283,20,0,1,0,1,0
3238,190565,20,224027,20,3,0,0,1,0
2400,185190,20,211114,20,1,1,0,1,0
2908,253043,20,283672,20,5,1,0,1,0
2622,243560,20,277454,20,0,1,0,1,0
3616,238384,20,305375,20,1,0,0,2,0
955,196139,20,201015,20,1,0,0,0,0
2734,230228,20,271916,20,1,0,0,0,0
1580,260072,20,250645,20,0,0,0,1,0
1684,224382,20,235245,20,0,0,0,1,0
1663,230474,20,409621,20,1,1,0,2,0
1045,240450,20,268478,20,0,0,0,0,0
2900,272367,20,311417,20,0,0,0,3,0
2242,399829,20,249865,20,1,1,0,0,0
2107,312654,20,307745,20,0,0,0,4,0
1672,234200,20,204609,20,2,0,0,0,0
2407,316690,20,398237,20,0,0,0,0,0
2999,262037,20,184255,20,1,0,0,3,0
3377,179817,20,280012,20,2,1,0,0,0
2252,230061,20,265132,20,0,1,0,1,0
913,154877,20,181884,20,0,0,0,1,0
3027,213394,20,208333,20,2,0,0,2,0
1743,252583,20,314817,20,1,1,0,0,0
1087,336441,20,271737,20,1,0,0,0,0
2801,283598,20,241104,20,1,1,0,1,0
1564,349853,20,176387,20,1,0,0,0,0
1490,242817,20,293864,20,2,0,0,1,0
2269,325728,20,251661,20,1,0,0,0,0
2212,287299,20,175562,20,0,1,0,0,0
909,229125,20,172229,20,0,0,0,0,0
2894,224361,20,237551,20,2,0,0,1,0
509,191256,20,270823,20,0,0,0,0,0
3031,292894,20,247448,20,0,0,0,4,0
1500,264063,20,182207,20,1,0,0,1,0
1146,197983,20,197148,20,0,1,0,2,0
2452,284427,20,324028,20,0,1,0,1,0
1469,271394,20,123846,20,10,1,0,1,0
1892,174084,20,230780,20,0,1,0,0,0
2573,316950,20,158997,20,0,0,0,0,0
2443,221394,20,178254,20,5,2,0,0,0
2600,271427,20,178773,20,1,2,0,3,0
1642,247969,20,371698,20,0,0,0,1,0
1420,213651,20,227862,20,0,0,0,0,0
516,247870,20,326278,20,1,0,0,1,0
1658,337604,20,205977,20,1,0,0,1,0
2653,237336,20,236901,20,7,1,0,0,0
2502,248299,20,248651,20,0,0,0,2,0
2612,172814,20,246935,20,1,0,0,0,0
2188,295093,20,322148,20,3,0,0,2,0
653,201676,20,228796,20,1,0,0,0,0
3631,300811,20,288346,20,2,0,0,2,0
1324,229343,20,369030,20,1,0,0,1,0
1832,214072,20,299094,20,0,0,0,0,0
2310,257019,20,395911,20,1,0,0,2,0
1373,284963,20,208730,20,2,0,0,0,0
553,207702,20,215619,20,3,0,0,0,0
813,172481,20,316520,20,0,0,0,0,0
1040,297218,20,257167,20,1,0,0,1,0
1766,243255,20,200876,20,0,1,0,0,0
1278,255158,20,184204,20,0,0,0,1,0
2510,331201,20,235290,20,1,0,0,1,0
1696,335892,20,252337,20,1,0,0,3,0
2603,229293,20,315923,20,1,1,0,1,0
1582,270642,20,225701,20,2,0,0,1,0
2162,262323,20,248021,20,1,1,0,0,0
1316,175072,20,201344,20,0,0,0,0,0
4728,249370,20,318078,20,2,0,0,0,0
2306,242694,20,211378,20,0,1,0,2,0
980,219547,20,296837,20,2,1,0,0,0
2124,302147,20,278975,20,0,0,0,0,0
2543,198444,20,236602,20,0,2,0,0,0
2475,209323,20,361565,20,1,0,0,0,0
3190,352702,20,279622,20,1,0,0,0,0
2916,247690,20,230551,20,1,0,0,1,0
1850,256443,20,231548,20,3,0,0,0,0
2282,326130,20,258523,20,0,2,0,1,0
3049,219737,20,252852,20,2,0,0,1,0
4381,199477,20,200820,20,0,0,0,2,0
1109,141302,20,150437,20,0,1,0,1,0
3312,289948,20,331539,20,1,0,0,4,0
1504,245298,20,282535,20,0,1,0,2,0
1110,255678,20,158201,20,1,0,0,2,0
1245,280702,20,307916,20,0,1,0,1,0
1875,224178,20,253681,20,0,1,0,1,0
1827,303811,20,192118,20,0,0,0,0,0
3220,256085,20,272873,20,0,0,0,1,0
1390,191598,20,212953,20,0,0,0,1,0
1599,322185,20,274975,20,2,2,0,0,0
2310,217059,20,291053,20,0,0,0,0,0
3179,274978,20,237693,20,0,1,0,0,0
2728,225318,20,219772,20,1,0,0,3,0
1677,212016,20,227073,20,0,0,0,0,0
1847,217019,20,218800,20,1,0,0,0,0
958,279621,20,250971,20,1,0,0,1,0
1645,255705,20,346959,20,1,0,0,0,0
1833,265866,20,284513,20,0,0,0,1,0
2568,226673,20,161561,20,0,1,0,2,0
591,257885,20,263141,20,1,0,0,1,0
1590,256229,20,287892,20,1,0,0,0,0
1689,305694,20,316656,20,2,0,0,1,0
488,174808,20,199399,20,0,0,0,1,0
2132,238095,20,223645,20,3,0,0,1,0
821,214042,20,192452,20,0,0,0,1,0
2800,281394,20,307250,20,0,0,0,1,0
1795,268676,20,254002,20,1,1,0,0,0
731,253753,20,173927,20,0,0,0,1,0
3202,201974,20,301269,20,0,0,0,0,0
4188,229373,20,209524,20,2,0,0,2,0
1570,205941,20,253717,20,4,0,0,1,0
1772,189844,20,324136,20,1,1,0,1,0
2738,290807,20,221966,20,1,0,0,0,0
2466,207167,20,228050,20,0,0,0,0,0
2090,345083,20,201164,20,0,2,0,2,0
2521,270583,20,379789,20,1,0,0,2,0
2527,344698,20,238902,20,0,0,0,3,0
1704,339729,20,190665,20,2,0,0,0,0
1679,177058,20,349090,20,0,1,0,1,0
956,284349,20,248958,20,1,0,0,0,0
3578,328874,20,227351,20,1,0,0,0,0
1603,215604,20,163373,20,0,0,0,1,0
573,254335,20,217600,20,1,1,0,0,0
1311,299674,20,285166,20,0,0,0,2,0
2195,313249,20,213089,20,2,0,0,0,0
2439,243852,20,206593,20,1,0,0,2,0
2613,224336,20,262968,20,2,0,0,0,0
2775,332235,20,338959,20,0,0,0,2,0
1563,372535,20,303567,20,2,0,0,16,0
2258,300331,20,258545,20,0,0,0,1,0
713,273119,20,240542,20,0,0,0,0,0
997,221073,20,229682,20,0,1,0,0,0
2827,280034,20,279830,20,0,0,0,1,0
886,246248,20,395957,20,3,0,0,0,0
765,146267,20,218739,20,1,0,0,0,0
4337,211764,20,285009,20,1,0,0,4,0
1413,293926,20,270276,20,1,1,0,2,0
2400,330143,20,200157,20,0,0,0,1,0
2476,245306,20,184029,20,0,0,0,0,0
1691,201565,20,251906,20,0,1,0,0,0
1766,196131,20,210372,20,0,0,0,0,0
1148,267227,20,283677,20,0,0,0,0,0
997,263502,20,201098,20,0,0,0,5,0
6890,371425,20,316568,20,3,1,0,3,0
1816,312271,20,241403,20,0,0,0,1,0
1415,224977,20,241764,20,1,0,0,1,0
519,333461,20,165258,20,1,0,0,0,0
803,238662,20,234871,20,1,0,0,0,0
3800,240778,20,245536,20,0,2,0,0,0
1280,198261,20,320748,20,0,0,0,0,0
3674,285343,20,227952,20,0,0,0,1,0
1657,186320,20,179239,20,0,0,0,1,0
1785,306769,20,241590,20,1,1,0,1,0
2134,231677,20,219953,20,1,0,0,1,0
820,231685,20,243751,20,2,0,0,1,0
1272,235932,20,255412,20,2,0,0,2,0
1579,271346,20,219272,20,0,0,0,1,0
3512,290506,20,175539,20,1,1,0,0,0
2592,212315,20,296283,20,1,0,0,0,0
581,234800,20,303972,20,1,0,0,1,0
2084,247856,20,304124,20,1,1,0,1,0
1703,313480,20,270710,20,2,0,0,0,0
1196,156134,20,235193,20,0,0,0,1,0
1400,316370,20,176098,20,0,0,0,1,0
1398,203225,20,193761,20,1,2,0,0,0
2274,258710,20,291463,20,1,0,0,2,0
1599,332771,20,296312,20,0,0,0,0,0
950,256608,20,212895,20,0,1,0,0,0
1606,258730,20,255309,20,2,0,0,0,0
1733,379127,20,272686,20,2,0,0,1,0
1749,212067,20,343018,20,1,0,0,0,0
1634,170729,20,248409,20,0,1,0,1,0
966,164457,20,319123,20,1,0,0,2,0
1754,177824,20,211875,20,0,2,0,0,0
1003,310736,20,271505,20,0,0,0,0,0
574,399923,20,228662,20,0,0,0,0,0
3483,240400,20,259294,20,1,0,0,1,0
1111,219579,20,230524,20,0,0,0,0,0
1966,192169,20,234305,20,2,0,0,0,0
2370,223873,20,293688,20,0,0,0,1,0
1998,168029,20,189439,20,3,1,0,0,0
3122,264818,20,205898,20,2,0,0,1,0
2979,224586,20,264565,20,0,1,0,0,0
995,339611,20,225219,20,2,0,0,1,0
3121,234015,20,293658,20,0,1,0,2,0
1978,244435,20,217438,20,0,1,0,0,0
851,219717,20,251066,20,0,0,0,2,0
2525,189537,20,233767,20,3,0,0,2,0
2299,249216,20,241849,20,2,1,0,1,0
2379,274219,20,204423,20,0,0,0,0,0
3914,280308,20,246492,20,4,0,0,12,0
1000,263668,20,233018,20,1,1,0,0,0
3706,304828,20,235880,20,1,2,0,1,0
978,333485,20,225988,20,1,0,0,0,0
735,261392,20,225139,20,1,1,0,1,0
3225,293096,20,151044,20,0,0,0,1,0
1780,260347,20,255027,20,1,0,0,1,0
1132,179089,20,300646,20,0,0,0,2,0
963,263933,20,233824,20,1,0,0,1,0
2596,202269,20,410787,20,0,1,0,0,0
2121,352413,20,235743,20,0,0,0,0,0
2374,269623,20,234127,20,2,0,0,0,0
1501,261137,20,189889,20,0,0,0,0,0
2921,222827,20,160937,20,0,0,0,0,0
2201,235427,20,199387,20,0,0,0,1,0
609,229945,20,200250,20,1,0,0,0,0
2262,302380,20,244574,20,0,0,0,0,0
2619,270413,20,149327,20,0,0,0,1,0
837,223705,20,239022,20,0,0,0,0,0
3783,229049,20,258278,20,1,0,0,4,0
2127,199023,20,197592,20,3,0,0,0,0
4208,367149,20,269349,20,0,0,0,2,0
1372,220854,20,222491,20,0,0,0,0,0
1080,165849,20,129188,20,2,0,0,1,0
606,211125,20,269552,20,0,0,0,0,0
1258,243720,20,198537,20,1,3,0,1,0
2071,205103,20,215557,20,2,0,0,2,0
1349,231690,20,246092,20,1,0,0,0,0
1673,156056,20,235689,20,1,0,0,1,0
1745,257514,20,338718,20,2,0,0,0,0
848,231807,20,292696,20,1,0,0,0,0
724,262259,20,192013,20,0,0,0,0,0
3689,291105,20,250496,20,0,0,0,1,0
2695,277728,20,241518,20,1,1,0,2,0
1210,273040,20,331969,20,2,0,0,0,0
1997,261599,20,256463,20,0,0,0,3,0
1278,175958,20,261290,20,0,0,0,1,0
2600,204745,20,269707,20,0,2,0,3,0
2262,170213,20,208853,20,0,0,0,1,0
1224,241667,20,186968,20,2,0,0,1,0
665,203741,20,280042,20,0,1,0,0,0
1213,233388,20,221558,20,1,0,0,1,0
4759,325154,20,263697,20,2,0,0,0,0
2848,280202,20,280258,20,1,0,0,2,0
3506,311050,20,176596,20,0,0,0,1,0
2482,227353,20,215999,20,0,0,0,0,0
1391,261474,20,248196,20,1,1,0,0,0
2849,279397,20,243346,20,0,2,0,1,0
1255,218287,20,186779,20,0,0,0,0,0
1425,283302,20,200922,20,1,0,0,1,0
2268,244448,20,283574,20,2,0,0,9,0
1876,356223,20,237987,20,1,3,0,3,0
995,252710,20,200720,20,1,0,0,0,0
1177,354987,20,244538,20,0,1,0,0,0
892,287140,20,187860,20,0,0,0,1,0
2112,263682,20,329018,20,1,0,0,3,0
1848,220712,20,325062,20,2,0,0,1,0
2904,281133,20,250443,20,1,0,0,1,0
2271,287972,20,254529,20,1,0,0,1,0
699,297297,20,263844,20,0,0,0,0,0
1446,211183,20,324942,20,1,1,0,0,0
841,243335,20,302776,20,0,0,0,1,0
1442,273926,20,246463,20,2,0,0,3,0
1470,296961,20,207732,20,0,0,0,0,0
3547,303704,20,324109,20,2,0,0,1,0
1107,258404,20,370963,20,1,0,0,0,0
3432,191796,20,307946,20,0,1,0,2,0
685,282159,20,310002,20,1,0,0,4,0
2102,369428,20,295747,20,0,0,0,1,0
464,276877,20,233891,20,0,0,0,0,0
1539,195263,20,245355,20,1,0,0,1,0
1463,287918,20,161147,20,0,0,0,1,0
2054,333879,20,246971,20,0,0,0,0,0
2981,189627,20,381451,20,1,1,0,2,0
1914,274088,20,198774,20,0,0,0,0,0
2273,171960,20,266937,20,0,1,0,1,0
2067,197935,20,288051,20,0,0,0,1,0
2031,172906,20,263809,20,1,0,0,1,0
2402,214439,20,244790,20,0,0,0,1,0
1595,264870,20,253807,20,1,1,0,0,0
1538,321955,20,200788,20,0,0,0,2,0
543,190459,20,299776,20,1,0,0,0,0
1077,242580,20,280380,20,1,1,0,0,0
550,148865,20,211459,20,0,0,0,0,0
2321,306070,20,128115,20,0,0,0,0,0
1446,213306,20,233318,20,1,0,0,0,0
1339,197319,20,118325,20,1,0,0,1,0
1602,207979,20,204126,20,0,0,0,1,0
1727,240147,20,188440,20,1,0,0,1,0
2231,196691,20,279521,20,0,0,0,1,0
3715,278389,20,264105,20,0,2,0,2,0
1829,204623,20,296370,20,0,0,0,0,0
1645,293458,20,180148,20,0,0,0,0,0
1781,256865,20,162036,20,0,0,0,0,0
2359,303856,20,210297,20,0,2,0,3,0
1530,318307,20,240609,20,3,0,0,1,0
1694,168086,20,188587,20,0,0,0,2,0
2703,239019,20,387199,20,1,1,0,1,0
2120,215658,20,237078,20,0,0,0,0,0
3186,251891,20,200459,20,2,0,0,1,0
916,219684,20,249817,20,0,0,0,0,0
2027,303426,20,199898,20,0,1,0,0,0
1500,313928,20,217764,20,1,0,0,2,0
1812,237482,20,221687,20,1,0,0,1,0
1121,231772,20,205487,20,0,0,0,0,0
1360,264638,20,299288,20,0,0,0,0,0
1826,278413,20,169181,20,1,0,0,0,0
2166,253223,20,201772,20,0,0,0,0,0
2426,261326,20,372812,20,1,2,0,1,0
1831,325204,20,304884,20,0,0,0,1,0
690,321195,20,296366,20,0,0,0,1,0
1007,222272,20,336152,20,0,1,0,0,0
2639,360973,20,249281,20,0,0,0,1,0
1054,268013,20,205280,20,19,0,0,0,0
1788,268225,20,173445,20,0,1,0,1,0
2868,229984,20,300859,20,1,0,0,2,0
1610,249079,20,229144,20,0,0,0,1,0
1117,328974,20,188468,20,0,0,0,0,0
1778,287223,20,238174,20,2,0,0,1,0
3592,327777,20,246599,20,0,0,0,2,0
2271,243161,20,184945,20,2,2,0,2,0
2078,275619,20,187806,20,1,1,0,2,0
1746,120713,20,244223,20,1,0,0,1,0
1798,247936,20,230662,20,0,0,0,1,0
920,271016,20,263168,20,2,0,0,2,0
757,259288,20,238766,20,1,0,0,0,0
3170,221940,20,341566,20,1,0,0,0,0
1336,255599,20,233509,20,0,0,0,1,0
1974,240757,20,255100,20,0,0,0,0,0
1337,209540,20,241508,20,0,1,0,0,0
3246,200756,20,264982,20,0,0,0,1,0
1994,327045,20,127245,20,0,0,0,1,0
2876,405667,20,334330,20,0,0,0,0,0
2853,319593,20,302040,20,0,1,0,0,0
1803,300340,20,277030,20,1,0,0,2,0
1629,246802,20,296053,20,2,0,0,1,0
2575,263212,20,282944,20,2,1,0,3,0
705,198194,20,452807,20,0,0,0,0,0
881,252427,20,280574,20,1,0,0,1,0
1920,105698,20,242775,20,0,0,0,4,0
878,198478,20,333927,20,0,0,0,0,0
1482,198434,20,314528,20,0,0,0,1,0
3416,156640,20,289009,20,1,1,0,0,0
852,238591,20,337745,20,0,0,0,0,0
1188,224682,20,337489,20,0,1,0,1,0
2253,272989,20,238498,20,3,0,0,0,0
1327,179724,20,225634,20,0,0,0,1,0
1049,253386,20,253048,20,1,0,0,3,0
3109,237264,20,302474,20,1,1,0,3,0
4498,250739,20,164852,20,0,1,0,6,0
1027,161260,20,198998,20,0,0,0,1,0
2567,350212,20,292127,20,0,0,0,2,0
1251,208571,20,241667,20,1,1,0,0,0
2515,249505,20,360738,20,1,0,0,1,0
1516,365433,20,314678,20,0,0,0,0,0
1672,252141,20,273148,20,1,0,0,0,0
1496,207208,20,198140,20,1,0,0,1,0
1878,282183,20,337923,20,1,0,0,3,0
1410,214238,20,249854,20,0,0,0,1,0
920,222145,20,180042,20,0,0,0,1,0
3134,330640,20,339529,20,3,2,0,2,0
1518,264065,20,166355,20,0,0,0,1,0
1239,320198,20,183060,20,0,0,0,0,0
2133,320923,20,238291,20,0,0,0,1,0
1354,270312,20,206620,20,0,0,0,0,0
2434,295364,20,204837,20,1,1,0,1,0
1896,258100,20,318632,20,0,1,0,1,0
1469,219213,20,229136,20,1,0,0,0,0
793,328869,20,230268,20,1,0,0,1,0
1247,208633,20,267330,20,1,0,0,1,0
1499,246048,20,187126,20,0,0,0,0,0
2431,242266,20,229932,20,3,1,0,0,0
1667,241009,20,221581,20,1,0,0,1,0
4549,291832,20,316416,20,2,0,0,0,0
1156,182103,20,234218,20,1,0,0,2,0
2410,185259,20,258134,20,3,0,0,0,0
3412,275634,20,238828,20,2,1,0,3,0
1203,178912,20,282899,20,0,0,0,0,0
1479,338740,20,173209,20,1,0,0,0,0
1216,386691,20,213992,20,1,0,0,0,0
713,300209,20,237416,20,0,0,0,0,0
1418,180844,20,204072,20,1,0,0,0,0
1166,212339,20,317735,20,0,0,0,0,0
1359,254873,20,239234,20,1,0,0,0,0
1235,178269,20,305516,20,1,1,0,0,0
1577,261135,20,226856,20,0,0,0,1,0
1945,191370,20,294638,20,0,1,0,2,0
1128,278836,20,210998,20,0,1,0,1,0
1801,197537,20,217863,20,1,1,0,1,0
898,177011,20,308964,20,2,0,0,0,0
1267,203175,20,326049,20,2,0,0,1,0
1160,230270,20,303688,20,1,1,0,1,0
1312,191595,20,229658,20,0,0,0,0,0
1152,251274,20,258792,20,2,0,0,0,0
2346,267831,20,290484,20,0,0,0,1,0
2011,304783,20,319697,20,1,1,0,0,0
1330,313726,20,235365,20,2,0,0,1,0
833,216935,20,166401,20,1,0,0,0,0
1536,285136,20,210231,20,0,0,0,0,0
891,266100,20,200251,20,2,0,0,1,0
1374,242750,20,276592,20,1,0,0,1,0
1126,262368,20,177904,20,0,0,0,1,0
2096,206345,20,313888,20,0,0,0,0,0
852,256172,20,195810,20,2,0,0,2,0
1556,276555,20,259525,20,2,0,0,0,0
593,255868,20,288324,20,1,0,0,0,0
1015,339953,20,185919,20,2,1,0,1,0
1410,262478,20,231935,20,0,1,0,0,0
1184,202705,20,321473,20,1,0,0,0,0
3662,250200,20,405486,20,1,0,0,3,0
2475,192497,20,254318,20,0,1,0,0,0
2022,206025,20,365672,20,0,0,0,1,0
1120,285471,20,248397,20,12,0,0,2,0
2867,257281,20,306422,20,1,1,0,2,0
1604,181500,20,381711,20,0,0,0,0,0
522,264988,20,209671,20,1,0,0,1,0
2097,257218,20,237349,20,0,0,0,1,0
1315,233499,20,231290,20,0,1,0,0,0
2127,293864,20,202617,20,0,1,0,2,0
735,318607,20,252082,20,0,0,0,0,0
1773,235906,20,174113,20,0,0,0,0,0
843,258334,20,319988,20,0,1,0,2,0
