1880,3313422,20,2291005,20,0,0,0,0,0
4035,2935280,20,4583759,20,0,0,0,0,0
4048,2153587,20,2672458,20,1,0,0,2,0
20013,3236208,20,4621108,20,0,0,0,0,0
37163,3117739,20,4484924,20,0,0,0,1,0
15427,2230915,20,3971848,20,2,1,0,0,0
12667,4683688,20,3232720,20,0,1,0,1,0
14698,1749651,20,2988548,20,1,0,0,1,0
18554,3326365,20,2435405,20,0,0,0,0,0
3865,4237344,20,3496809,20,1,0,0,0,0
18280,6006425,20,2550767,20,3,1,0,0,0
5162,3649332,20,4381641,20,1,0,0,1,0
11805,2756780,20,2812683,20,0,0,0,1,0
8122,5512844,20,3249704,20,0,0,0,0,0
33160,2361317,20,3569086,20,0,0,0,1,0
4390,3675514,20,3164372,20,2,0,0,2,0
36061,3537964,20,3367046,20,1,0,0,1,0
7723,4122255,20,3583606,20,0,0,0,1,0
7397,3346667,20,4377620,20,0,0,0,0,0
7183,3464554,20,4442179,20,1,0,0,0,0
26130,3617248,20,4528990,20,1,0,0,1,0
10703,4295598,20,4836869,20,0,1,0,2,0
14782,2770257,20,2299731,20,0,0,0,0,0
1057,3398826,20,3565977,20,0,1,0,0,0
38045,3627902,20,3647120,20,0,0,0,0,0
4662,2852192,20,2674332,20,1,0,0,0,0
26209,4010259,20,4763639,20,1,2,0,0,0
15443,4225609,20,3155033,20,0,0,0,0,0
26993,4865832,20,3257104,20,0,0,0,1,0
13681,4246808,20,3478090,20,0,0,0,1,0
5845,3086030,20,5495300,20,0,1,0,2,0
50944,4549867,20,3026050,20,0,0,0,1,0
22359,3958916,20,2779120,20,0,0,0,0,0
14783,2933341,20,3666649,20,1,0,0,15,0
4584,2089509,20,3621749,20,0,0,0,0,0
15722,5639493,20,3465755,20,3,0,0,1,0
17646,2914459,20,3249479,20,2,0,0,1,0
13458,3790576,20,2775883,20,0,0,0,0,0
21242,3681617,20,4098829,20,1,0,0,1,0
3143,2636801,20,4226181,20,0,0,0,0,0
23162,4319367,20,3378673,20,0,0,0,0,0
4940,3698502,20,3214839,20,0,0,0,0,0
9125,4741093,20,5235309,20,0,0,0,0,0
14646,4287054,20,3603579,20,0,0,0,0,0
9926,5003088,20,3470961,20,1,0,0,0,0
4196,2156419,20,4178284,20,1,0,0,2,0
11964,3097754,20,3711254,20,0,0,0,0,0
17512,2203656,20,4310464,20,0,0,0,1,0
22501,1782784,20,3326734,20,0,1,0,2,0
4707,3384132,20,4441049,20,0,0,0,0,0
2801,2990155,20,3901110,20,0,0,0,0,0
19465,3650069,20,2971898,20,0,1,0,1,0
23958,3882884,20,4443130,20,0,0,0,1,0
8351,4390994,20,4916056,20,1,0,0,0,0
10100,4031496,20,3776844,20,17,0,0,1,0
5834,5240263,20,4660024,20,1,0,0,4,0
16848,4257563,20,2323236,20,1,0,0,0,0
20491,3353489,20,4913043,20,2,0,0,2,0
21079,3866637,20,3551620,20,0,0,0,0,0
20687,3753478,20,2617411,20,1,0,0,1,0
34092,3044665,20,4465692,20,0,0,0,1,0
11776,4278425,20,2541402,20,0,1,0,1,0
17366,1665578,20,2575167,20,0,0,0,0,0
11612,2724545,20,3915534,20,1,0,0,0,0
17035,4498540,20,3968958,20,0,1,0,7,0
7181,3618822,20,3206659,20,1,0,0,0,0
31886,3314001,20,3945606,20,1,0,0,0,0
10435,3779498,20,4652276,20,0,0,0,0,0
21292,3324883,20,4466330,20,1,0,0,0,0
14417,4743026,20,3666438,20,0,0,0,0,0
8849,5993308,20,4138202,20,1,0,0,0,0
15983,4327214,20,5629159,20,0,0,0,0,0
31706,3699384,20,4134800,20,1,0,0,0,0
18899,3752426,20,2663328,20,2,0,0,0,0
11364,3517571,20,2975365,20,1,0,0,0,0
2656,2820494,20,2457259,20,0,0,0,1,0
10581,3715561,20,2176114,20,0,0,0,1,0
6730,4500443,20,5151945,20,0,0,0,1,0
5535,3988392,20,2935628,20,0,0,0,1,0
11257,1998993,20,3641631,20,0,0,0,1,0
23035,3180635,20,2957842,20,0,0,0,0,0
10940,3058798,20,3661106,20,0,0,0,1,0
2465,3941970,20,4289977,20,1,0,0,1,0
20876,3135800,20,2638374,20,0,0,0,0,0
29871,2555346,20,3936010,20,0,0,0,2,0
24364,2767717,20,3823097,20,1,1,0,0,0
1764,3407357,20,3225206,20,1,0,0,0,0
4053,3552394,20,3523243,20,1,0,0,1,0
54401,3673597,20,5218303,20,2,1,0,1,0
82567,2890757,20,4081062,20,0,1,0,2,0
22068,3332592,20,1959377,20,1,0,0,11,0
6824,3621712,20,3743411,20,0,0,0,0,0
26283,2575335,20,4132379,20,1,0,0,0,0
15600,2876950,20,3527312,20,0,0,0,0,0
21198,3168571,20,4289276,20,0,0,0,0,0
15193,4833407,20,3332413,20,0,0,0,0,0
1864,3404233,20,3299799,20,1,0,0,0,0
10876,3460324,20,4589846,20,0,0,0,0,0
30183,3535684,20,3611881,20,2,0,0,0,0
25537,3594384,20,2759565,20,0,0,0,0,0
9612,2717099,20,4173081,20,0,0,0,0,0
27711,3353798,20,4011655,20,1,0,0,1,0
6265,4623745,20,2072620,20,0,0,0,0,0
12123,4264020,20,3057625,20,0,0,0,0,0
15039,3018402,20,2921207,20,0,0,0,1,0
18772,5557688,20,6181212,20,0,0,0,0,0
5503,2878505,20,4110877,20,0,1,0,0,0
5789,3363566,20,2948580,20,1,0,0,0,0
7965,3564798,20,4067316,20,1,0,0,0,0
3090,5292685,20,3078630,20,0,0,0,0,0
10415,2686863,20,2857950,20,0,0,0,0,0
12294,4856148,20,2682046,20,1,0,0,0,0
25037,2681393,20,5156699,20,0,0,0,2,0
17555,5083188,20,4177881,20,0,0,0,1,0
5394,2532384,20,4564744,20,5,0,0,1,0
7833,3283864,20,4379915,20,0,0,0,0,0
4920,3500528,20,3906100,20,0,0,0,1,0
32162,4297183,20,3577895,20,1,0,0,0,0
22847,3693830,20,2490820,20,0,0,0,0,0
7261,2776033,20,2156483,20,0,0,0,0,0
19616,3616115,20,3273714,20,0,1,0,0,0
26361,4232513,20,2682532,20,1,0,0,0,0
17945,4302639,20,4254864,20,1,0,0,0,0
590,3605016,20,3709820,20,0,0,0,1,0
18219,3277186,20,3266013,20,0,0,0,2,0
7323,4563852,20,4618286,20,0,0,0,0,0
30969,3492491,20,3407166,20,1,0,0,1,0
490,2661857,20,1944731,20,0,0,0,0,0
7304,2101568,20,4057306,20,0,0,0,1,0
3483,3145261,20,3402165,20,0,0,0,0,0
7711,3480816,20,3720866,20,2,0,0,0,0
27581,2886817,20,3535855,20,0,0,0,0,0
9310,2823390,20,3660170,20,0,0,0,0,0
10002,4344397,20,3312707,20,1,0,0,1,0
59850,4304977,20,3983217,20,0,3,0,1,0
15870,3479559,20,5106265,20,17,0,0,0,0
11595,3866821,20,3505905,20,0,0,0,0,0
12736,4818989,20,4268936,20,0,0,0,0,0
7712,3489088,20,4275642,20,0,0,0,1,0
57202,4063907,20,3806821,20,0,1,0,3,0
17755,3666189,20,3905466,20,0,0,0,1,0
13186,3540951,20,3513741,20,0,0,0,0,0
12104,3310693,20,4876064,20,0,1,0,0,0
24224,4293300,20,2814789,20,0,0,0,0,0
44535,4669183,20,3707801,20,2,0,0,1,0
1664,4157410,20,2508385,20,0,0,0,0,0
29310,5056921,20,2886171,20,0,0,0,0,0
5212,3354020,20,2752466,20,0,0,0,0,0
8968,2937141,20,3735245,20,1,1,0,0,0
6580,4641412,20,4194724,20,1,0,0,1,0
12626,2683150,20,3663291,20,0,0,0,1,0
32171,5035041,20,2214768,20,0,0,0,0,0
7509,2314468,20,4873119,20,1,1,0,0,0
12125,4706546,20,3018093,20,2,0,0,0,0
21904,2947280,20,4446106,20,0,0,0,0,0
19227,3370822,20,2983632,20,0,0,0,0,0
3156,4137048,20,2977058,20,1,0,0,0,0
3531,3589697,20,3622405,20,2,0,0,0,0
10031,2510483,20,3848886,20,2,0,0,1,0
2118,2997844,20,3411287,20,1,0,0,0,0
35148,3713294,20,3340681,20,0,0,0,0,0
8671,3677915,20,3774514,20,0,0,0,1,0
3388,3288147,20,3409756,20,0,0,0,0,0
4552,4154671,20,4318483,20,0,0,0,0,0
28047,2752140,20,3566210,20,0,0,0,1,0
4975,3337211,20,3934157,20,1,0,0,1,0
25838,3991469,20,2374476,20,1,0,0,0,0
18896,3384176,20,2943779,20,0,0,0,2,0
4676,3202196,20,4095146,20,0,0,0,0,0
47950,3642620,20,3151757,20,0,1,0,0,0
20181,3329395,20,2905727,20,0,0,0,0,0
14949,2904533,20,1942384,20,0,0,0,0,0
12352,3987235,20,3085175,20,0,1,0,0,0
17340,3597883,20,2852600,20,0,0,0,1,0
53077,3942403,20,4237882,20,0,0,0,1,0
10309,3283370,20,4007540,20,0,0,0,0,0
5292,1807061,20,2627701,20,1,0,0,0,0
15068,3485025,20,3390657,20,1,1,0,2,0
13336,3902898,20,3230260,20,0,0,0,1,0
21767,3629187,20,3925600,20,0,0,0,1,0
12621,3965553,20,3075454,20,0,0,0,1,0
3520,3429585,20,2225534,20,1,0,0,0,0
16395,3465092,20,3501092,20,2,0,0,1,0
4236,2756288,20,2911072,20,20,0,0,0,0
22070,3349299,20,3583559,20,1,0,0,1,0
5106,4310881,20,3782477,20,0,0,0,0,0
11592,4934798,20,3432166,20,0,0,0,1,0
5972,3532866,20,2938313,20,0,0,0,0,0
3595,3366437,20,4243003,20,1,0,0,0,0
20055,4057869,20,3305399,20,1,0,0,2,0
25317,3402388,20,4456837,20,0,1,0,3,0
26834,4859188,20,3224370,20,0,0,0,0,0
1630,3324935,20,3925929,20,1,0,0,0,0
2955,3653925,20,2583090,20,0,0,0,0,0
10686,3419509,20,2740955,20,0,0,0,0,0
4208,4032601,20,3267447,20,1,0,0,0,0
14936,3397846,20,2546787,20,0,0,0,0,0
41930,2832906,20,5581247,20,1,0,0,0,0
33084,2944207,20,3642414,20,0,0,0,0,0
20245,2381116,20,4163423,20,0,0,0,1,0
7895,3545652,20,2310319,20,1,0,0,0,0
16395,3170777,20,3826444,20,1,0,0,0,0
24623,3832736,20,3797355,20,1,0,0,0,0
4487,2689254,20,3088956,20,0,0,0,2,0
24566,3958824,20,4026930,20,2,0,0,1,0
9913,2415575,20,4791676,20,1,1,0,1,0
2117,2858372,20,3986797,20,0,0,0,0,0
13472,4951482,20,4076029,20,0,0,0,1,0
1336,3482565,20,2078806,20,1,0,0,1,0
11967,3288792,20,3767179,20,0,0,0,0,0
21046,3497416,20,3129294,20,1,0,0,0,0
23572,2969197,20,4032317,20,1,0,0,1,0
18977,3163559,20,3172539,20,1,0,0,1,0
13661,3518246,20,4450922,20,1,0,0,0,0
31689,3014060,20,3481437,20,0,0,0,3,0
10924,1667661,20,3881241,20,1,0,0,1,0
11943,2936869,20,4345440,20,0,2,0,1,0
22659,2963766,20,3268162,20,1,0,0,1,0
25195,2187615,20,3550411,20,3,1,0,2,0
22849,3206640,20,3046604,20,15,0,0,0,0
7636,5284042,20,3308762,20,1,0,0,1,0
18548,6138324,20,2790538,20,0,1,0,0,0
31293,3720805,20,3904531,20,0,0,0,1,0
9125,3467623,20,4357941,20,1,0,0,0,0
18357,3488919,20,3950977,20,12,0,0,1,0
931,3953902,20,2774838,20,1,0,0,0,0
14159,3115392,20,2513479,20,1,1,0,3,0
5344,3191431,20,4220746,20,1,0,0,1,0
12643,2132053,20,3332198,20,1,0,0,0,0
10321,4254662,20,4581986,20,0,0,0,1,0
11077,3716750,20,2746823,20,0,1,0,1,0
24606,3602489,20,4293991,20,0,0,0,0,0
13729,3482966,20,3179814,20,0,1,0,1,0
2267,3335542,20,3345955,20,0,0,0,1,0
29142,3455774,20,2957415,20,0,0,0,0,0
20578,3538523,20,2909863,20,18,0,0,0,0
20518,3190597,20,3256768,20,1,1,0,0,0
15026,5627863,20,4731595,20,0,0,0,2,0
10770,4139214,20,4027324,20,0,0,0,1,0
15394,3551429,20,1282858,20,0,0,0,0,0
8742,3559809,20,3246318,20,2,0,0,0,0
10210,3112942,20,4301434,20,0,0,0,0,0
6848,3538147,20,3830722,20,1,0,0,0,0
20193,3788772,20,4036411,20,1,1,0,0,0
3893,2366302,20,2544571,20,1,0,0,0,0
5720,3880365,20,3376984,20,0,0,0,0,0
14594,5835749,20,2907512,20,0,0,0,1,0
30843,4605341,20,3822376,20,0,0,0,0,0
42467,4305735,20,3028374,20,0,0,0,1,0
25487,4198090,20,4592819,20,0,0,0,0,0
4704,3166598,20,3349088,20,0,0,0,0,0
16172,3490102,20,3776924,20,0,1,0,2,0
4744,3731782,20,2600284,20,0,0,0,0,0
3990,3056296,20,4324462,20,1,0,0,1,0
8320,4825101,20,3616472,20,1,0,0,0,0
54533,3631600,20,3091484,20,0,0,0,1,0
28357,4220162,20,4451646,20,1,1,0,1,0
13329,3361612,20,3893328,20,1,0,0,0,0
23397,2818067,20,2998724,20,0,0,0,0,0
19517,3942788,20,3780174,20,0,0,0,1,0
19260,2677365,20,3858535,20,0,0,0,0,0
26618,3661814,20,3793163,20,0,0,0,0,0
2427,2696665,20,4190821,20,0,0,0,0,0
2437,3040454,20,4003592,20,0,0,0,0,0
4719,2547227,20,2635572,20,0,0,0,0,0
22363,3746771,20,4547107,20,1,0,0,0,0
27444,3075196,20,2609238,20,0,0,0,0,0
12474,3694294,20,2641928,20,1,0,0,0,0
11762,3154234,20,3304799,20,1,0,0,0,0
12711,3756499,20,2438679,20,1,0,0,0,0
63386,4288689,20,4702282,20,2,0,0,2,0
29590,2966511,20,3473822,20,0,0,0,3,0
3032,3363234,20,3661938,20,1,0,0,0,0
24636,3582324,20,3574007,20,1,0,0,0,0
23978,6539016,20,3082605,20,1,0,0,1,0
36415,4931260,20,4202302,20,0,0,0,0,0
22539,5575870,20,3119262,20,1,0,0,1,0
3366,3235851,20,5358734,20,0,0,0,2,0
29113,3276603,20,4814915,20,1,1,0,0,0
16071,4570767,20,4227354,20,0,0,0,1,0
3552,3050202,20,3398594,20,0,0,0,0,0
2426,3103227,20,3016792,20,0,0,0,0,0
10423,5085879,20,3452025,20,0,0,0,1,0
11378,2602619,20,2945082,20,1,0,0,1,0
33416,3318281,20,5288947,20,2,0,0,1,0
4452,2932263,20,3919881,20,0,0,0,0,0
23920,4099828,20,2846079,20,1,0,0,0,0
19736,2998552,20,2624604,20,2,0,0,0,0
10190,3248302,20,2873576,20,0,0,0,0,0
15273,3297066,20,3357092,20,3,0,0,1,0
16970,3263011,20,4402863,20,0,0,0,1,0
32479,2711835,20,3161111,20,2,0,0,0,0
36444,2444019,20,3675441,20,1,0,0,1,0
2677,3711812,20,4114967,20,3,0,0,0,0
19453,3431690,20,2772347,20,1,0,0,1,0
8198,4044912,20,4029776,20,0,0,0,0,0
24450,2942899,20,5056789,20,0,0,0,0,0
27737,2950523,20,3731804,20,1,0,0,0,0
8012,4652662,20,3742107,20,1,0,0,0,0
16994,2584567,20,5402686,20,0,0,0,0,0
25438,5020402,20,2725976,20,1,1,0,1,0
14118,2784757,20,4236711,20,0,0,0,0,0
21405,2609623,20,4781897,20,1,0,0,0,0
7822,3298135,20,4305780,20,0,0,0,0,0
9576,3140399,20,3228131,20,0,0,0,0,0
30722,2980448,20,3622450,20,1,0,0,4,0
40091,3012238,20,4159415,20,0,0,0,1,0
5780,2921958,20,2995605,20,0,0,0,1,0
10073,3778650,20,2411245,20,0,0,0,2,0
4296,3968308,20,3942044,20,0,0,0,1,0
18189,3793696,20,3796379,20,1,0,0,1,0
14649,3150510,20,3912528,20,0,0,0,0,0
855,3605782,20,2075037,20,0,0,0,0,0
38352,3916416,20,2671212,20,0,1,0,1,0
34253,2671446,20,3011695,20,0,1,0,1,0
31400,2773270,20,2881107,20,0,0,0,2,0
6207,3214185,20,4014663,20,2,1,0,0,0
30778,3467483,20,3519913,20,0,0,0,1,0
13629,3179583,20,3722922,20,0,0,0,1,0
20564,4601897,20,3109188,20,0,0,0,8,0
30933,3745608,20,4232027,20,0,0,0,1,0
6778,2914877,20,2258990,20,0,0,0,2,0
6902,4652737,20,3363011,20,1,0,0,2,0
15322,3231437,20,4124812,20,0,2,0,1,0
1597,3717960,20,3878530,20,0,0,0,0,0
16389,4586012,20,3047848,20,0,0,0,2,0
4845,3604851,20,2546959,20,1,0,0,1,0
26205,3211432,20,5035309,20,1,1,0,3,0
6291,4773838,20,4529269,20,0,0,0,0,0
7200,2940946,20,3648552,20,0,0,0,0,0
14613,2750628,20,4502252,20,1,0,0,2,0
3744,3391852,20,3593714,20,0,0,0,3,0
14109,3285234,20,3047980,20,0,0,0,0,0
5828,2724561,20,3864273,20,0,0,0,1,0
17854,5720826,20,3796982,20,1,0,0,0,0
12444,5196674,20,3905223,20,0,0,0,0,0
15156,4924810,20,3714597,20,1,0,0,0,0
21293,2987464,20,3305383,20,1,1,0,0,0
25916,4284180,20,3499501,20,1,0,0,0,0
9250,3524244,20,4057817,20,1,0,0,0,0
4737,4529243,20,3381345,20,0,0,0,1,0
49363,3985390,20,3721310,20,1,0,0,1,0
29952,3691678,20,4538373,20,0,0,0,2,0
25166,2699073,20,3890602,20,0,0,0,1,0
15328,4017229,20,4744172,20,1,0,0,0,0
20808,3802663,20,3647848,20,1,0,0,0,0
24830,5925153,20,3850606,20,0,0,0,2,0
18513,4139790,20,2549077,20,1,0,0,0,0
7588,4423617,20,4628131,20,0,0,0,1,0
15525,3119885,20,3304683,20,0,0,0,0,0
6661,3005083,20,1951716,20,0,0,0,1,0
12849,2494603,20,3437011,20,1,0,0,0,0
3184,2367926,20,3446818,20,2,0,0,2,0
33166,4568794,20,2778113,20,0,0,0,0,0
19174,3838551,20,3372430,20,0,0,0,3,0
30117,4622895,20,2772959,20,1,0,0,2,0
28509,4555278,20,2900992,20,0,0,0,1,0
21988,3477508,20,4417685,20,0,0,0,0,0
1664,5579006,20,3944886,20,2,0,0,0,0
13698,2949973,20,4754337,20,1,1,0,0,0
5627,2822042,20,2308829,20,0,0,0,0,0
19718,2759394,20,2131796,20,1,0,0,1,0
30418,1636819,20,3724312,20,1,0,0,3,0
22240,2676634,20,4399867,20,2,0,0,1,0
11643,2420624,20,1479554,20,0,0,0,0,0
7729,2532324,20,3876248,20,0,0,0,0,0
2370,3002432,20,2609973,20,0,0,0,0,0
32961,2339301,20,4385086,20,0,0,0,1,0
17853,3103776,20,3683080,20,0,1,0,2,0
16573,2364623,20,4153773,20,0,0,0,2,0
31352,4567356,20,4083272,20,1,0,0,1,0
5075,2862542,20,3032431,20,1,0,0,0,0
14715,2916147,20,2991507,20,0,0,0,0,0
16071,3289100,20,3401260,20,0,0,0,1,0
38973,4443762,20,3403242,20,2,0,0,2,0
13568,3561194,20,4307998,20,0,0,0,0,0
12362,3077805,20,3461030,20,0,0,0,0,0
13891,4223831,20,2544282,20,0,1,0,0,0
14640,5519984,20,3417943,20,1,0,0,2,0
3842,4234864,20,1904353,20,1,0,0,0,0
42466,3095773,20,3434508,20,2,0,0,0,0
18229,3994992,20,4144258,20,0,0,0,1,0
31656,5116543,20,3869163,20,1,0,0,1,0
18431,3697920,20,4067019,20,0,0,0,0,0
19439,3845715,20,3054966,20,1,0,0,0,0
13306,2774765,20,3421930,20,1,0,0,1,0
3647,2610477,20,3637612,20,1,0,0,0,0
10810,3187069,20,3844827,20,0,1,0,0,0
28462,4996785,20,4176753,20,3,0,0,2,0
15229,2893846,20,2770808,20,2,1,0,0,0
7251,3342395,20,2665341,20,0,0,0,1,0
10477,2959564,20,3386276,20,0,1,0,1,0
6555,3338254,20,3813128,20,0,0,0,0,0
21568,3367749,20,3577864,20,0,0,0,0,0
15073,6144328,20,3374309,20,0,0,0,0,0
30715,4238044,20,4754444,20,0,2,0,1,0
35960,3131730,20,4583104,20,1,0,0,0,0
11239,3645180,20,3501047,20,0,0,0,1,0
866,3621008,20,3195259,20,0,0,0,0,0
28972,3529821,20,5015838,20,0,0,0,1,0
4550,4666375,20,3485102,20,0,0,0,1,0
31162,2625072,20,2784870,20,0,0,0,0,0
8127,4129741,20,3497367,20,0,0,0,1,0
37957,3153367,20,3918201,20,0,0,0,1,0
6379,3137625,20,4337280,20,0,0,0,0,0
17936,3691477,20,4259036,20,1,0,0,0,0
42479,3436230,20,2921740,20,19,2,0,2,0
32990,2376754,20,2533224,20,1,0,0,1,0
3238,3160984,20,3044537,20,0,0,0,0,0
39972,3965316,20,3235549,20,0,0,0,1,0
6106,2681587,20,4484225,20,0,0,0,0,0
22428,4244078,20,4604535,20,1,1,0,0,0
39664,2930910,20,5853812,20,0,0,0,0,0
9776,2502966,20,2866530,20,0,0,0,0,0
23737,3194642,20,4601122,20,0,1,0,2,0
17140,2708847,20,3710068,20,1,0,0,1,0
9882,3828690,20,3842643,20,0,0,0,2,0
29545,2880410,20,2874200,20,0,0,0,0,0
22061,3671971,20,5102110,20,4,0,0,2,0
16044,2498739,20,3359953,20,1,0,0,0,0
10702,3680474,20,3749417,20,0,0,0,1,0
6420,2895806,20,3744834,20,1,0,0,1,0
11187,3189101,20,2566045,20,1,0,0,0,0
30746,3485166,20,4492862,20,0,0,0,1,0
18025,2927605,20,4467231,20,1,0,0,0,0
3370,3550381,20,3077670,20,0,0,0,0,0
11858,2639486,20,4173689,20,0,0,0,1,0
5385,3063333,20,3394031,20,0,0,0,0,0
4406,2021602,20,2576169,20,0,0,0,1,0
1069,3092174,20,4005716,20,1,0,0,2,0
5122,3726030,20,3294963,20,0,0,0,0,0
9724,3597636,20,3787660,20,0,0,0,0,0
16851,3618846,20,3322668,20,1,0,0,0,0
5952,4907856,20,4410811,20,0,0,0,0,0
5463,4009482,20,3406587,20,0,0,0,0,0
4576,3829871,20,2777269,20,0,0,0,1,0
19258,3296580,20,3580394,20,0,0,0,1,0
65464,3564637,20,3868126,20,2,0,0,2,0
7495,2870268,20,4252380,20,0,0,0,1,0
15418,2881413,20,3365682,20,1,1,0,0,0
12130,3853162,20,3216571,20,1,0,0,0,0
11283,3046378,20,3487073,20,1,1,0,0,0
6649,3551277,20,4912930,20,0,0,0,0,0
51496,2292391,20,4903018,20,0,1,0,1,0
21756,3747733,20,3025640,20,2,0,0,0,0
10262,5609097,20,2511156,20,0,0,0,0,0
2847,3780142,20,4790336,20,0,1,0,0,0
23638,2900629,20,3251187,20,2,1,0,0,0
9471,3397777,20,3490688,20,0,1,0,1,0
52908,2926299,20,4287473,20,1,0,0,2,0
22579,3025532,20,3111941,20,0,0,0,0,0
22213,6156657,20,2609224,20,1,0,0,2,0
17392,3113001,20,3572306,20,0,0,0,1,0
22410,2633720,20,4622670,20,0,0,0,1,0
25517,4350164,20,3996552,20,0,0,0,2,0
20463,3980722,20,4179508,20,0,0,0,2,0
7560,3772174,20,3054089,20,0,0,0,0,0
44435,4481029,20,2859529,20,1,0,0,1,0
19829,3992049,20,3013593,20,2,1,0,1,0
14355,2795436,20,3297038,20,2,0,0,0,0
17473,2345524,20,3008326,20,0,0,0,1,0
11999,4719535,20,4489523,20,1,0,0,0,0
15677,4214636,20,3477204,20,0,0,0,1,0
14921,4489188,20,2741585,20,0,0,0,0,0
23321,2571460,20,3768833,20,0,0,0,1,0
22050,4146454,20,4157694,20,1,0,0,0,0
43417,4260913,20,5695915,20,2,0,0,1,0
16095,3247154,20,4265254,20,0,0,0,0,0
16112,4604266,20,2156819,20,0,0,0,0,0
5157,3271655,20,2146727,20,0,0,0,1,0
9562,4343469,20,3558929,20,0,0,0,1,0
8564,3465564,20,3217923,20,0,0,0,0,0
18417,3704710,20,5782013,20,0,0,0,2,0
21078,3319855,20,3687016,20,0,0,0,0,0
14982,5036277,20,2692458,20,1,0,0,2,0
19223,3645075,20,3124095,20,0,0,0,0,0
18815,3418271,20,4712506,20,13,1,0,0,0
39447,4143461,20,4220716,20,1,0,0,1,0
29119,2854707,20,4438287,20,1,0,0,0,0
14010,5539949,20,4419574,20,0,0,0,1,0
24353,3483545,20,4983330,20,0,1,0,0,0
1678,4594080,20,5275329,20,0,1,0,0,0
14842,4423005,20,3722990,20,0,0,0,0,0
3066,1226146,20,5049478,20,0,0,0,0,0
1901,5427764,20,5619522,20,1,0,0,2,0
25413,3682832,20,5765075,20,0,0,0,0,0
9508,3609811,20,4285864,20,0,0,0,1,0
3864,3655797,20,3675808,20,0,0,0,0,0
2384,3375302,20,3579899,20,2,0,0,0,0
3008,3926541,20,2605576,20,0,0,0,0,0
38904,3791024,20,2865600,20,1,0,0,1,0
30107,3091524,20,4069134,20,0,0,0,1,0
8787,2954334,20,3837897,20,0,0,0,1,0
13340,3885582,20,3818173,20,2,0,0,1,0
30639,4802809,20,3478816,20,0,0,0,1,0
16855,3111070,20,2862446,20,0,0,0,0,0
2173,2836192,20,3755363,20,0,0,0,0,0
5740,3925819,20,2377076,20,0,0,0,1,0
1875,2700624,20,3933929,20,0,0,0,0,0
3384,1740034,20,3619141,20,0,0,0,0,0
17119,2942649,20,3566962,20,1,0,0,0,0
17163,3952539,20,2830042,20,3,0,0,0,0
5435,4519633,20,5000610,20,0,0,0,1,0
35631,2200075,20,4261325,20,2,0,0,0,0
9652,3457754,20,3393551,20,0,0,0,1,0
1655,3974575,20,3687518,20,0,0,0,0,0
35311,5980151,20,3533531,20,0,0,0,2,0
18641,4632158,20,4229920,20,0,1,0,0,0
8088,2485877,20,3562420,20,0,1,0,0,0
6771,3827395,20,3639718,20,0,1,0,0,0
1054,3570665,20,4062302,20,1,0,0,1,0
2075,5423787,20,2431124,20,0,0,0,0,0
18469,2834614,20,3611187,20,0,0,0,0,0
29898,3260256,20,2564789,20,2,1,0,1,0
24914,4563429,20,3982404,20,0,0,0,1,0
16118,3588857,20,5071331,20,0,2,0,0,0
27491,2905716,20,4320656,20,0,1,0,0,0
15592,3934908,20,4555977,20,1,0,0,0,0
27968,4547027,20,3990012,20,0,0,0,1,0
12899,3036502,20,3601688,20,0,0,0,1,0
10379,3106760,20,2707176,20,0,0,0,1,0
43872,4101322,20,5549832,20,1,0,0,0,0
7360,2424577,20,3257948,20,2,1,0,0,0
27774,3957976,20,4350029,20,0,0,0,1,0
869,1880952,20,3731969,20,0,0,0,0,0
12720,2939119,20,3548791,20,0,0,0,0,0
1137,3356516,20,3685989,20,0,0,0,1,0
47117,3005525,20,2896798,20,1,0,0,0,0
10116,3659165,20,4508799,20,0,0,0,0,0
20018,4006435,20,4652899,20,0,0,0,0,0
15409,4886620,20,3465380,20,0,0,0,0,0
910,3997017,20,2889845,20,0,0,0,0,0
41575,3955322,20,2536984,20,1,0,0,1,0
7191,3069597,20,3229386,20,0,0,0,1,0
33952,3225869,20,3661364,20,2,0,0,2,0
9808,3181657,20,2441791,20,0,0,0,0,0
20912,3226374,20,3609143,20,1,0,0,2,0
6799,4074380,20,2525590,20,0,0,0,1,0
40447,3591962,20,2896670,20,3,1,0,1,0
25043,4461063,20,2033044,20,1,0,0,0,0
50760,3261498,20,4130857,20,2,0,0,2,0
2939,5520750,20,3671402,20,0,0,0,1,0
7544,4267841,20,4253847,20,0,0,0,0,0
34573,2488961,20,3689061,20,1,0,0,1,0
10427,3581021,20,3683962,20,0,0,0,0,0
19074,3894078,20,4808190,20,0,1,0,0,0
15898,2695060,20,3341743,20,1,0,0,0,0
23082,2922662,20,2607760,20,0,0,0,1,0
12916,3582192,20,3460140,20,0,0,0,2,0
21778,2071178,20,4644793,20,0,0,0,0,0
30552,4137680,20,3534714,20,0,1,0,0,0
17165,4081065,20,4164834,20,0,0,0,0,0
23777,3157639,20,4093769,20,2,1,0,0,0
12220,4305663,20,5080295,20,0,0,0,0,0
17954,3509665,20,2477342,20,0,1,0,0,0
4202,3727820,20,4444934,20,1,0,0,0,0
22807,2833354,20,3068782,20,1,1,0,0,0
7687,3985737,20,4619756,20,0,0,0,23,0
6073,3504034,20,4252732,20,1,0,0,1,0
10407,2691816,20,3486097,20,2,0,0,1,0
29457,3021545,20,2868371,20,1,0,0,2,0
11292,2485504,20,3764136,20,1,0,0,0,0
17386,2893878,20,1669863,20,0,0,0,0,0
5618,3207719,20,3942766,20,4,1,0,0,0
1667,3178109,20,3888691,20,0,0,0,1,0
14935,2214498,20,3057909,20,0,0,0,0,0
39339,4460536,20,4565360,20,0,0,0,1,0
11030,5139620,20,3944238,20,1,0,0,0,0
9139,3787287,20,4401990,20,0,0,0,0,0
66336,4219185,20,5948925,20,1,0,0,1,0
22385,4515004,20,3925333,20,1,0,0,0,0
7685,3427524,20,2518635,20,0,0,0,1,0
3308,4109078,20,3053535,20,2,0,0,0,0
2902,3744154,20,2364222,20,0,0,0,0,0
10569,4983112,20,4035891,20,1,0,0,0,0
19667,3099177,20,1692587,20,0,0,0,1,0
10029,3296036,20,3382305,20,1,0,0,1,0
2106,2718725,20,2221681,20,0,0,0,2,0
8187,4288226,20,3019302,20,1,0,0,0,0
11822,3647230,20,2947208,20,0,0,0,0,0
17771,3494698,20,2580390,20,1,0,0,1,0
30740,4472559,20,4130451,20,0,1,0,1,0
25103,3724108,20,2846547,20,0,0,0,0,0
7933,3458034,20,3555700,20,0,0,0,2,0
9402,2499124,20,2765794,20,1,0,0,0,0
11686,3994517,20,2687910,20,0,1,0,0,0
5751,3390707,20,4378452,20,1,0,0,0,0
15415,3051472,20,3273625,20,0,0,0,3,0
14380,3069870,20,2944348,20,1,0,0,1,0
2370,3543140,20,3686121,20,0,0,0,0,0
9646,2545215,20,4684850,20,0,0,0,1,0
48997,2831367,20,2787611,20,1,3,0,1,0
5306,6268675,20,2834769,20,0,0,0,0,0
4040,2643919,20,2785387,20,0,0,0,0,0
27266,3617828,20,3905583,20,0,0,0,0,0
9928,3616130,20,2995573,20,0,0,0,0,0
40405,3588597,20,3775079,20,0,0,0,2,0
6415,3403525,20,5277981,20,0,0,0,0,0
7899,2278498,20,3952256,20,0,0,0,0,0
16886,3945630,20,3172856,20,0,1,0,0,0
22238,3204559,20,3022725,20,0,0,0,1,0
18957,4339124,20,3062759,20,0,0,0,2,0
12424,2730399,20,3553362,20,0,1,0,0,0
33274,3270746,20,3526430,20,0,0,0,3,0
23592,4389547,20,1884625,20,0,0,0,0,0
10012,2432033,20,3183568,20,0,0,0,0,0
7996,4049006,20,2435846,20,0,0,0,0,0
16312,3656017,20,3544008,20,0,0,0,0,0
15607,3449173,20,4243100,20,1,0,0,1,0
17362,3476716,20,4456986,20,0,0,0,0,0
12596,3866095,20,2687969,20,0,1,0,0,0
2908,4161156,20,2686758,20,1,0,0,2,0
21433,4946691,20,3402831,20,0,0,0,1,0
11049,3605547,20,3658534,20,0,0,0,0,0
16875,3608976,20,2859329,20,0,0,0,2,0
3605,3848512,20,3215349,20,0,1,0,1,0
11315,2722628,20,4023846,20,2,0,0,1,0
16129,2967877,20,3466789,20,0,0,0,0,0
2199,2718687,20,4013976,20,0,0,0,1,0
13755,4974621,20,4644003,20,1,0,0,0,0
3808,3864211,20,3716846,20,1,0,0,0,0
16267,3285927,20,3615515,20,1,0,0,0,0
20548,3205276,20,3849161,20,1,1,0,0,0
32483,2792390,20,4504463,20,1,0,0,0,0
29375,3599123,20,2532741,20,0,0,0,0,0
11832,4581105,20,3255883,20,0,0,0,1,0
54964,3698382,20,3028181,20,3,0,0,2,0
17958,4407782,20,2710463,20,0,0,0,0,0
36019,3927306,20,3949133,20,0,0,0,1,0
11384,3844751,20,4263206,20,0,0,0,1,0
28083,3691187,20,3733899,20,2,0,0,0,0
12936,4500412,20,3196848,20,0,0,0,0,0
2582,3427859,20,4063811,20,0,0,0,0,0
57660,5467546,20,3399922,20,0,0,0,1,0
837,2246835,20,2786776,20,0,1,0,0,0
21167,3722530,20,5111261,20,0,0,0,1,0
30281,2965648,20,5093011,20,0,0,0,0,0
8365,2169074,20,4382613,20,0,1,0,1,0
11020,2879443,20,2896780,20,1,0,0,0,0
29333,3162191,20,3096033,20,1,0,0,0,0
17737,4539423,20,3108103,20,0,0,0,0,0
16128,4388764,20,3441389,20,0,0,0,0,0
2055,2653452,20,2687984,20,1,0,0,0,0
20748,2672786,20,5713178,20,0,0,0,1,0
54159,3107024,20,4212797,20,0,3,0,2,0
15683,4113720,20,3993633,20,0,0,0,1,0
13117,2993673,20,2337432,20,1,0,0,1,0
3082,3537541,20,3538566,20,0,0,0,0,0
20142,2936171,20,5218459,20,1,1,0,0,0
15184,3400902,20,3617466,20,0,0,0,2,0
9353,3203724,20,3860599,20,0,0,0,0,0
12232,2143975,20,3669655,20,0,0,0,0,0
10443,2663251,20,2381999,20,1,1,0,1,0
33275,2791732,20,3088965,20,0,1,0,1,0
1908,3509484,20,3396767,20,0,0,0,0,0
25258,3573552,20,2190613,20,0,0,0,0,0
6460,4173071,20,4349723,20,3,0,0,0,0
22205,3742792,20,4262618,20,1,1,0,0,0
53464,3445955,20,3120127,20,2,1,0,2,0
2713,3234639,20,2429574,20,0,1,0,0,0
7946,3438056,20,3799409,20,0,0,0,0,0
13510,2686212,20,3073521,20,1,2,0,1,0
11307,3994285,20,3654762,20,0,0,0,1,0
837,2415971,20,3452496,20,1,0,0,0,0
4996,3633183,20,4801795,20,0,0,0,0,0
30627,2573506,20,3458650,20,1,0,0,1,0
12040,3356029,20,3260878,20,0,0,0,0,0
31904,4023847,20,2980695,20,2,0,0,0,0
9799,3421780,20,3873418,20,0,0,0,0,0
22782,3250429,20,3725209,20,1,0,0,0,0
4842,2403439,20,3373200,20,0,0,0,0,0
8737,2869500,20,3341588,20,0,0,0,2,0
8892,4105699,20,3624493,20,0,0,0,3,0
14042,4374813,20,3315199,20,0,0,0,0,0
9872,5083680,20,3102985,20,1,1,0,1,0
18553,3625991,20,3572052,20,0,0,0,1,0
10315,3243896,20,2966536,20,0,0,0,2,0
7648,2817753,20,2945337,20,0,0,0,0,0
15839,3453466,20,2488051,20,0,0,0,0,0
40794,3925228,20,4018571,20,2,1,0,0,0
1533,2978259,20,2948195,20,0,0,0,0,0
8110,4076579,20,3277665,20,1,0,0,0,0
9853,3562502,20,4266462,20,0,0,0,0,0
8220,3680397,20,2808362,20,0,1,0,1,0
14515,4295918,20,4182194,20,1,0,0,1,0
26634,3732848,20,5301615,20,2,0,0,0,0
6215,4004773,20,2733074,20,0,0,0,0,0
33020,4105951,20,3504413,20,0,1,0,1,0
26467,4356456,20,4383255,20,0,0,0,0,0
12010,3827123,20,2979288,20,0,0,0,0,0
16218,4204695,20,2674683,20,0,1,0,0,0
22737,2818856,20,3172066,20,0,0,0,0,0
9218,2108437,20,3624136,20,0,0,0,0,0
10423,3436981,20,2566739,20,0,0,0,1,0
8722,3703130,20,2721801,20,1,1,0,0,0
18056,3386188,20,3724674,20,0,0,0,0,0
31873,5338131,20,3893559,20,1,0,0,0,0
9984,3867028,20,5006511,20,0,0,0,1,0
3724,2619413,20,4231831,20,1,0,0,1,0
34852,3044049,20,3683822,20,1,0,0,0,0
23018,3304572,20,2720987,20,2,1,0,0,0
21691,3009590,20,1894630,20,0,0,0,0,0
9423,3752692,20,2534813,20,0,0,0,1,0
17780,4528448,20,3000831,20,0,0,0,0,0
15390,3133096,20,4191722,20,0,0,0,0,0
35529,4762127,20,3078175,20,0,1,0,0,0
8225,3792321,20,2233726,20,0,0,0,0,0
834,3656410,20,3110695,20,0,0,0,0,0
8293,3355814,20,3817312,20,3,0,0,0,0
59378,4906851,20,3832034,20,1,1,0,2,0
12518,3182435,20,3330170,20,0,1,0,2,0
11810,3315315,20,3240596,20,0,0,0,1,0
40442,3704307,20,1831814,20,0,0,0,1,0
38612,3816520,20,2669620,20,0,0,0,0,0
2617,2634762,20,5863387,20,2,0,0,0,0
1765,4104651,20,3495024,20,2,0,0,1,0
6041,4245220,20,2387514,20,0,0,0,0,0
18490,3123970,20,2598351,20,2,0,0,0,0
17265,3059742,20,4053797,20,1,1,0,0,0
18055,2817413,20,3610937,20,1,0,0,3,0
19576,2829515,20,4259834,20,0,0,0,1,0
31892,3430478,20,3614635,20,0,0,0,1,0
20802,4333724,20,2419580,20,1,0,0,1,0
29078,4333835,20,3737939,20,1,0,0,1,0
2868,2991923,20,4369159,20,0,0,0,0,0
25906,3077477,20,2750659,20,0,1,0,1,0
2429,3018654,20,3164109,20,0,0,0,1,0
38491,3854444,20,2335432,20,0,0,0,0,0
605,4315564,20,2992908,20,1,0,0,0,0
8232,2875231,20,4659175,20,0,0,0,0,0
17439,2859740,20,4913618,20,0,0,0,0,0
4832,3528873,20,3196599,20,0,0,0,1,0
12898,4267925,20,3746086,20,1,0,0,2,0
12278,4092718,20,2894150,20,1,1,0,1,0
4741,4013816,20,2620270,20,0,0,0,1,0
11288,2749781,20,3296587,20,1,0,0,0,0
506,3264973,20,4404951,20,0,0,0,0,0
6539,3502113,20,3926861,20,0,0,0,0,0
4181,2622278,20,2401027,20,0,0,0,0,0
2811,3043351,20,2362387,20,0,0,0,0,0
5301,2832854,20,2970882,20,1,0,0,1,0
10404,4040559,20,2711459,20,1,0,0,0,0
461,4141910,20,2191116,20,0,0,0,1,0
15218,2747973,20,3260204,20,0,0,0,0,0
6952,4344918,20,4092700,20,2,0,0,1,0
68522,4338472,20,4451095,20,0,1,0,1,0
26184,3505804,20,2604602,20,0,0,0,0,0
14014,3246202,20,4591075,20,0,0,0,1,0
4679,3480050,20,1754931,20,0,0,0,0,0
11604,2961999,20,3611550,20,1,0,0,0,0
10098,3253287,20,5129024,20,0,0,0,1,0
3165,3421957,20,4895806,20,1,0,0,0,0
8278,4288495,20,2861963,20,0,0,0,0,0
3277,3363273,20,3201883,20,2,0,0,1,0
8787,2620415,20,2724490,20,0,0,0,1,0
40958,3971472,20,1984026,20,0,0,0,0,0
5328,4176032,20,2776773,20,0,0,0,0,0
22640,4262078,20,4324793,20,0,1,0,0,0
13306,3777325,20,2764844,20,3,0,0,1,0
10422,4058445,20,4104764,20,1,0,0,0,0
3472,2899170,20,3941734,20,1,0,0,0,0
2751,3381882,20,2291693,20,0,0,0,4,0
45560,3502494,20,4354870,20,0,1,0,0,0
14907,4232876,20,3295775,20,0,0,0,0,0
19540,3786928,20,4211726,20,0,0,0,20,0
1843,3849958,20,3372072,20,0,0,0,0,0
31954,2661905,20,4292175,20,0,0,0,0,0
11432,2791092,20,2474036,20,0,0,0,0,0
1592,4251877,20,3840789,20,0,0,0,0,0
6953,3677235,20,3157957,20,1,0,0,1,0
15514,3034824,20,3070995,20,1,0,0,2,0
12569,2889448,20,2653145,20,3,0,0,2,0
3483,4069118,20,3190911,20,1,0,0,4,0
21993,4008235,20,4318521,20,1,0,0,0,0
1171,3527123,20,3249021,20,0,0,0,1,0
56244,3492675,20,3995098,20,0,0,0,1,0
5652,3629171,20,2994578,20,0,0,0,2,0
9675,4485163,20,3366507,20,0,0,0,2,0
1990,2552503,20,3690585,20,3,0,0,0,0
18277,3472291,20,2601201,20,0,1,0,3,0
18925,4405236,20,3316588,20,0,0,0,0,0
2131,3261148,20,2227778,20,0,1,0,0,0
17007,2752053,20,3111272,20,0,0,0,2,0
26158,4686309,20,2063859,20,0,0,0,0,0
13175,3441041,20,2877184,20,2,0,0,2,0
29446,5588644,20,4419970,20,0,0,0,0,0
6771,3622610,20,3852354,20,0,1,0,0,0
14863,5354831,20,2664494,20,0,0,0,2,0
20547,3617852,20,3892015,20,2,0,0,1,0
39832,3193499,20,2594442,20,0,0,0,0,0
6527,3974671,20,4520233,20,1,0,0,0,0
12823,3512374,20,3247140,20,0,0,0,1,0
12259,4350286,20,2942788,20,1,0,0,0,0
12176,2644142,20,4407424,20,0,0,0,1,0
20634,4511621,20,2972993,20,1,0,0,1,0
11204,3691096,20,2831606,20,1,2,0,0,0
19300,3152008,20,4395025,20,0,0,0,1,0
14231,3504508,20,3235617,20,0,0,0,0,0
2876,5051723,20,5816775,20,0,0,0,1,0
18888,4446127,20,3569685,20,0,0,0,0,0
3370,3852529,20,3318466,20,0,0,0,0,0
7004,3967949,20,4124012,20,0,0,0,2,0
27273,3359640,20,3145362,20,0,0,0,1,0
40383,4652531,20,4786024,20,2,0,0,0,0
5480,3369093,20,2374526,20,0,0,0,1,0
19188,3637148,20,2538753,20,0,0,0,0,0
14941,4134148,20,4154989,20,0,0,0,1,0
21194,4472488,20,4708601,20,1,1,0,0,0
28156,4267837,20,4397268,20,1,0,0,0,0
33199,4020166,20,3717640,20,4,0,0,1,0
22022,3358278,20,2693045,20,0,0,0,0,0
26467,3047816,20,3298250,20,0,1,0,1,0
18629,3201256,20,3141626,20,0,0,0,0,0
15561,2414395,20,2793782,20,1,0,0,0,0
6515,3366505,20,2872874,20,0,0,0,2,0
15112,2937439,20,3664329,20,0,0,0,0,0
10107,5958005,20,2791219,20,1,0,0,1,0
24799,3960585,20,3441008,20,0,0,0,11,0
27906,4520804,20,5806332,20,0,0,0,4,0
20042,3483773,20,5225833,20,1,0,0,0,0
19457,2725596,20,4143713,20,0,1,0,0,0
1031,2508652,20,1912026,20,0,0,0,0,0
15347,3923299,20,4186621,20,1,0,0,1,0
3617,4176138,20,3119216,20,1,0,0,0,0
10770,3468024,20,3889667,20,1,1,0,1,0
21900,3966422,20,5682938,20,0,0,0,2,0
14821,3295859,20,2836344,20,0,0,0,0,0
13022,2851587,20,2544840,20,0,0,0,1,0
3053,3375353,20,2218663,20,2,0,0,2,0
3430,3723764,20,3947847,20,0,0,0,0,0
9679,3553879,20,3494247,20,0,0,0,0,0
5754,3152870,20,3254584,20,0,0,0,1,0
8160,3318956,20,3207265,20,0,0,0,1,0
5023,4052884,20,3990771,20,0,0,0,0,0
8171,3214052,20,2877510,20,0,0,0,2,0
10460,2967474,20,3532074,20,1,0,0,0,0
32282,3651169,20,4033381,20,0,0,0,1,0
58421,3208011,20,3581801,20,1,0,0,1,0
26479,4294162,20,3284431,20,0,0,0,0,0
6397,2650168,20,3093967,20,0,0,0,0,0
23823,3821160,20,3783044,20,1,0,0,0,0
17860,3003410,20,4211801,20,0,0,0,0,0
14782,2027412,20,3318911,20,0,1,0,1,0
8921,3057817,20,4341559,20,0,0,0,0,0
10660,2578690,20,3156296,20,0,0,0,0,0
19414,4815838,20,3858966,20,2,0,0,0,0
23403,3710639,20,2449403,20,1,0,0,1,0
67767,4577957,20,3605836,20,3,1,0,0,0
28560,4547001,20,3487171,20,0,1,0,1,0
25576,4448700,20,3055305,20,1,0,0,0,0
3316,3463756,20,3112013,20,0,0,0,0,0
15221,3430750,20,5072016,20,1,0,0,0,0
32520,4337085,20,3261030,20,1,0,0,1,0
3237,2631511,20,3111936,20,0,0,0,0,0
40282,5705898,20,4710187,20,1,0,0,1,0
18568,2700639,20,2680441,20,0,0,0,1,0
36303,4810672,20,3776216,20,1,0,0,1,0
29970,4328295,20,4248523,20,0,0,0,0,0
2993,2489306,20,3086640,20,0,1,0,1,0
14457,4198689,20,5478634,20,0,0,0,0,0
25825,3590855,20,2698968,20,0,0,0,1,0
23002,4362386,20,3070506,20,0,0,0,1,0
8523,4918625,20,3494908,20,1,0,0,0,0
13161,4333443,20,3804573,20,0,0,0,2,0
9567,3320040,20,7174816,20,2,0,0,0,0
10592,4185309,20,3178770,20,1,0,0,0,0
15381,3342924,20,3400068,20,0,1,0,2,0
31156,1713722,20,4025524,20,0,0,0,0,0
27108,1982149,20,2610064,20,2,0,0,0,0
2254,3137077,20,3100014,20,1,0,0,0,0
29758,4463562,20,3666818,20,1,1,0,2,0
12444,3001426,20,2658306,20,0,0,0,0,0
14143,3183942,20,4761279,20,0,0,0,1,0
14978,3479833,20,3428711,20,0,0,0,3,0
15375,3368318,20,2098549,20,2,1,0,0,0
28610,3749451,20,4512908,20,0,0,0,1,0
18825,2487427,20,2600550,20,0,0,0,1,0
13136,2544712,20,3537815,20,0,0,0,3,0
12375,2457192,20,3200337,20,0,0,0,0,0
24810,5535085,20,3790069,20,0,0,0,0,0
46915,4977810,20,2741948,20,0,0,0,0,0
19211,3193520,20,5091131,20,3,1,0,0,0
18110,4432636,20,2990502,20,1,0,0,0,0
41230,3134009,20,3557699,20,0,0,0,0,0
7830,4199391,20,2294568,20,0,1,0,1,0
1116,3238487,20,3209140,20,0,0,0,0,0
17270,3834005,20,3679511,20,3,0,0,0,0
6772,3462001,20,3505428,20,0,0,0,0,0
17504,3666741,20,4663851,20,3,1,0,0,0
14741,2805122,20,3483999,20,0,0,0,1,0
35126,3098064,20,3859065,20,1,0,0,1,0
26399,4068226,20,4068271,20,1,0,0,1,0
3349,2951828,20,3977272,20,1,0,0,2,0
20603,4502745,20,3908468,20,1,0,0,2,0
15930,3507559,20,4179486,20,1,0,0,0,0
13907,4018733,20,2744684,20,0,0,0,1,0
49875,3812572,20,3490616,20,0,1,0,0,0
7674,3869779,20,2859364,20,0,0,0,1,0
10119,5267046,20,3650576,20,0,0,0,0,0
12151,2806600,20,4269374,20,0,1,0,0,0
2679,3155592,20,2686993,20,0,0,0,0,0
40282,3020016,20,2609833,20,2,1,0,1,0
7733,3394012,20,3884858,20,1,0,0,0,0
14544,3562184,20,2643380,20,0,0,0,0,0
5718,4373221,20,4208109,20,0,0,0,2,0
3283,3154822,20,2849478,20,0,0,0,1,0
2194,2854525,20,3826340,20,0,0,0,0,0
10743,4202874,20,4405957,20,1,0,0,2,0
32094,4907619,20,4113865,20,1,1,0,1,0
10448,1813912,20,3658524,20,0,0,0,1,0
25749,4296684,20,3455053,20,0,1,0,0,0
35809,4741326,20,3460285,20,1,0,0,1,0
9379,3073298,20,3044766,20,0,0,0,0,0
7363,2068902,20,4381256,20,1,0,0,0,0
27076,3289433,20,3278658,20,0,0,0,1,0
10655,2951889,20,3533374,20,1,0,0,2,0
19922,4443702,20,3447544,20,0,0,0,0,0
10324,2477796,20,3387197,20,1,1,0,0,0
10283,2935065,20,2720307,20,0,0,0,0,0
1279,3536993,20,3781882,20,0,0,0,1,0
8774,4123342,20,3543249,20,0,0,0,1,0
11601,3766673,20,3708012,20,0,0,0,0,0
13927,3478933,20,3050402,20,0,1,0,2,0
11073,3644091,20,4577649,20,1,0,0,0,0
52250,4717487,20,2286209,20,1,0,0,1,0
8715,3351621,20,3410463,20,0,0,0,0,0
36418,4831192,20,3617759,20,0,0,0,1,0
18136,3077707,20,5370471,20,0,1,0,0,0
5619,2924484,20,3781674,20,0,0,0,0,0
12093,3352518,20,3756509,20,0,0,0,0,0
8362,3178046,20,3120900,20,0,0,0,0,0
31589,3377099,20,3948901,20,1,0,0,0,0
9125,2875185,20,3777560,20,0,0,0,0,0
28587,4132541,20,4347993,20,2,1,0,0,0
7537,3661611,20,2530341,20,0,0,0,1,0
11032,2966062,20,2932559,20,0,1,0,0,0
8694,2703367,20,3413262,20,2,0,0,0,0
13800,3706957,20,2620450,20,0,0,0,0,0
19363,3851021,20,3788935,20,2,0,0,1,0
27318,4151433,20,3898799,20,1,0,0,0,0
2091,2684981,20,2769261,20,3,0,0,1,0
16131,2634372,20,3485452,20,0,1,0,1,0
7492,3947441,20,3402648,20,3,0,0,0,0
41141,3218161,20,4275543,20,0,0,0,2,0
13224,2971501,20,2947172,20,0,1,0,0,0
20821,5387783,20,5046355,20,1,0,0,1,0
13407,5093501,20,4401404,20,0,0,0,1,0
29172,3862375,20,4541176,20,1,1,0,1,0
17612,3458930,20,3181665,20,0,0,0,0,0
35159,4121118,20,2203876,20,0,1,0,3,0
11396,4817835,20,1610146,20,0,2,0,0,0
15222,4574323,20,2519555,20,0,0,0,0,0
51218,3756711,20,4149343,20,3,1,0,1,0
1106,4513377,20,2397168,20,1,0,0,0,0
4294,3772391,20,3574784,20,1,0,0,1,0
16805,2348995,20,3127279,20,1,1,0,1,0
14674,3232274,20,3334136,20,0,1,0,1,0
35246,4060387,20,4844036,20,0,0,0,1,0
32866,5071974,20,3347518,20,0,0,0,1,0
12953,3907377,20,2916692,20,1,0,0,0,0
12752,3701981,20,3743195,20,1,0,0,0,0
15508,2741628,20,3646651,20,1,0,0,1,0
4615,4362690,20,3925366,20,0,0,0,0,0
18284,2882545,20,2512187,20,0,0,0,0,0
1789,3736824,20,2162009,20,0,0,0,0,0
3414,3546735,20,2290645,20,0,0,0,0,0
25194,3566907,20,4505886,20,1,0,0,1,0
5114,3581845,20,2782105,20,0,0,0,0,0
6097,2985401,20,3934611,20,0,0,0,1,0
9059,3197896,20,3202497,20,0,0,0,0,0
2629,5074398,20,3082815,20,1,0,0,1,0
4481,3988313,20,2945304,20,0,0,0,2,0
4735,2855370,20,3341063,20,1,0,0,0,0
3265,2543261,20,3990317,20,1,0,0,0,0
1798,3612494,20,2932640,20,2,0,0,0,0
13273,2683451,20,2990830,20,0,1,0,0,0
25918,3041583,20,4205323,20,1,0,0,1,0
5443,3777296,20,2353968,20,0,0,0,0,0
6709,3954872,20,2854250,20,0,0,0,0,0
49953,3053111,20,4622742,20,1,0,0,0,0
16986,3012709,20,3166048,20,1,0,0,1,0
16794,2516422,20,4393967,20,0,1,0,0,0
13284,3087219,20,3294201,20,2,0,0,1,0
11028,3346046,20,4552639,20,0,0,0,1,0
32223,3740470,20,2921034,20,1,0,0,0,0
7113,4570849,20,3599939,20,0,0,0,1,0
33386,3064376,20,3014122,20,1,0,0,2,0
8867,3723792,20,3629301,20,0,0,0,0,0
34689,3187241,20,3171395,20,0,0,0,1,0
5998,3148885,20,2269453,20,0,0,0,1,0
5172,2327875,20,3581972,20,0,0,0,1,0
21318,4770831,20,4655288,20,1,0,0,3,0
8597,3276910,20,2916726,20,0,0,0,0,0
22995,4303974,20,3093255,20,0,1,0,1,0
17874,3842727,20,2041340,20,0,0,0,0,0
10623,3569437,20,2734487,20,0,0,0,0,0
19943,5124719,20,3497092,20,1,0,0,0,0
6137,1996112,20,3550064,20,1,0,0,0,0
4711,3000345,20,3156412,20,0,0,0,0,0
19420,3395728,20,2944067,20,1,0,0,1,0
