39229,5429630,20,7194945,20,11,3,0,17,0
36205,6172584,20,5927423,20,7,1,0,24,0
15337,7084131,20,4225930,20,4,0,0,4,0
7948,5432556,20,3627922,20,6,0,0,3,0
1515,5877498,20,6582808,20,1,0,0,11,0
14869,8878514,20,5362480,20,4,0,0,8,0
15343,7577467,20,7015875,20,12,1,0,10,0
55364,6467366,20,7464742,20,9,0,0,13,0
23779,7068779,20,4869601,20,4,3,0,13,0
10140,5477160,20,6699561,20,5,1,0,14,0
46606,4866648,20,5935755,20,10,0,0,10,0
5247,6727891,20,7476906,20,6,0,0,13,0
4527,5567755,20,6154933,20,26,1,0,8,0
35696,5747473,20,5609989,20,11,0,0,8,0
22139,6411362,20,6726101,20,6,0,0,14,0
5023,7863220,20,7370344,20,9,0,0,8,0
18468,5628060,20,4118938,20,9,0,0,8,0
12311,5936729,20,6250671,20,13,0,0,39,0
11065,5233028,20,4177781,20,12,0,0,14,0
17811,5580930,20,4006708,20,10,0,0,8,0
38440,4403927,20,6985788,20,9,0,0,5,0
20963,4122995,20,5313540,20,8,2,0,7,0
21779,6399017,20,4205444,20,9,0,0,4,0
8749,5785939,20,7012427,20,20,1,0,11,0
11537,5501124,20,6895572,20,13,0,0,13,0
19996,5623591,20,5377488,20,24,1,0,13,0
20324,5890262,20,4821966,20,2,0,0,16,0
62875,5980626,20,5313012,20,7,1,0,9,0
4591,6989531,20,7350464,20,7,0,0,9,0
16699,7104000,20,5241697,20,10,1,0,9,0
10599,6732529,20,6499632,20,6,2,0,12,0
2458,5884505,20,3770907,20,6,0,0,4,0
71203,4926427,20,6240214,20,4,7,0,10,0
7015,5904026,20,5228156,20,16,0,0,5,0
825,6971193,20,5844673,20,7,0,0,7,0
35396,5631955,20,5743055,20,11,1,0,6,0
15216,4245903,20,5362254,20,8,1,0,8,0
21338,4803230,20,5758137,20,7,1,0,9,0
8679,6819471,20,8246223,20,10,0,0,8,0
5040,6908096,20,6857400,20,7,0,0,6,0
2808,4445907,20,4515673,20,6,0,0,8,0
21401,4492149,20,5061595,20,12,0,0,8,0
10256,7485592,20,4954142,20,12,1,0,9,0
9000,7964713,20,6285706,20,4,0,0,7,0
1481,4656249,20,3309613,20,10,0,0,15,0
12441,6008497,20,6129679,20,10,0,0,5,0
1197,4360525,20,4777590,20,10,0,0,4,0
18252,6384811,20,4176218,20,28,1,0,15,0
26130,3957013,20,6729683,20,26,0,0,4,0
50185,6133809,20,8197485,20,17,0,0,10,0
5805,3879935,20,3817969,20,5,1,0,8,0
1301,4373589,20,6913641,20,8,0,0,6,0
21622,5826091,20,7445870,20,6,0,0,9,0
24032,4130404,20,3025130,20,11,1,0,12,0
19928,4126546,20,3728567,20,16,1,0,9,0
26774,5992179,20,6035500,20,8,0,0,7,0
14553,6442060,20,7364750,20,8,0,0,30,0
47981,5988196,20,3447048,20,12,0,0,10,0
18702,4581022,20,7222845,20,3,0,0,7,0
2850,5175969,20,5755315,20,10,0,0,7,0
1340,6824723,20,3918803,20,7,1,0,14,0
48257,6113779,20,5624739,20,13,1,0,12,0
45880,6791687,20,6714805,20,4,4,0,11,0
22986,5739174,20,5839571,20,22,1,0,6,0
27804,5820437,20,6016796,20,31,0,0,8,0
22866,6418708,20,4503473,20,9,1,0,6,0
1969,5370274,20,5513637,20,7,0,0,7,0
26554,2867404,20,5528404,20,12,1,0,9,0
6541,6222886,20,6325262,20,29,0,0,4,0
34910,8805067,20,3649024,20,6,0,0,10,0
24346,4732419,20,6801510,20,9,1,0,8,0
34968,4743746,20,5332670,20,12,1,0,13,0
32439,4858289,20,4595636,20,7,3,0,12,0
27580,4666249,20,3701882,20,5,1,0,28,0
52680,7963450,20,7464915,20,9,2,0,11,0
25400,5176046,20,6063199,20,11,0,0,11,0
47088,7298702,20,7250362,20,6,2,0,10,0
70540,6469930,20,3988750,20,8,0,0,7,0
38401,7332655,20,6022927,20,13,2,0,7,0
43943,6549066,20,5062757,20,7,0,0,12,0
63533,6678126,20,6464117,20,12,0,0,12,0
31902,4646997,20,4410063,20,3,0,0,12,0
68857,4807380,20,6870549,20,11,0,0,9,0
48471,5894641,20,4413325,20,17,1,0,7,0
1628,5175564,20,5065525,20,8,0,0,13,0
26540,3967839,20,5517150,20,8,2,0,11,0
3431,5057169,20,4802192,20,6,0,0,12,0
2258,5094174,20,8634291,20,6,0,0,28,0
709,3068484,20,4887809,20,5,0,0,11,0
1267,3995238,20,5270533,20,20,1,0,11,0
23837,4938493,20,6278166,20,8,2,0,10,0
38000,4825144,20,5966745,20,51,1,0,11,0
1199,4975120,20,7069644,20,9,0,0,9,0
6533,4202175,20,5437982,20,7,0,0,6,0
47747,7626674,20,10096776,20,19,1,0,7,0
11626,7070539,20,5510535,20,8,0,0,6,0
20281,6562689,20,5616541,20,10,2,0,6,0
2600,6083295,20,4457259,20,2,0,0,6,0
21922,5452135,20,8069556,20,10,1,0,5,0
47886,5863102,20,5181933,20,7,3,0,12,0
37806,6022814,20,4003047,20,12,0,0,7,0
66351,7088686,20,5018162,20,23,2,0,14,0
42198,6051279,20,6620574,20,12,0,0,15,0
52071,5157012,20,5429664,20,9,0,0,11,0
65384,7292900,20,5540092,20,9,1,0,11,0
36347,4503380,20,6766094,20,11,0,0,10,0
11830,6652737,20,5397442,20,6,0,0,4,0
33694,5291101,20,3822246,20,11,0,0,16,0
1274,4976280,20,6362722,20,10,1,0,18,0
10858,5491710,20,7948136,20,6,0,0,7,0
33327,5554484,20,6575129,20,9,2,0,12,0
1556,5080560,20,6511832,20,10,0,0,8,0
1542,6474476,20,6517475,20,10,0,0,7,0
20436,6704444,20,6266078,20,13,0,0,6,0
27664,6167370,20,4587625,20,12,1,0,9,0
16999,5358957,20,5053436,20,10,0,0,11,0
2184,8829927,20,6720524,20,7,1,0,4,0
13068,2777422,20,4889403,20,10,0,0,5,0
7117,3351751,20,8798507,20,8,0,0,8,0
13597,6513387,20,3857151,20,13,0,0,9,0
17909,5163690,20,6621343,20,5,0,0,31,0
63822,5929201,20,7626662,20,12,2,0,10,0
13348,6629010,20,5394202,20,6,0,0,4,0
5251,4820572,20,6303940,20,6,0,0,11,0
1817,5216034,20,4787434,20,7,0,0,4,0
12628,4843401,20,4763222,20,17,0,0,22,0
39919,5233398,20,5542884,20,9,0,0,11,0
16781,5532926,20,3639490,20,7,1,0,6,0
28643,6931299,20,5827916,20,11,1,0,8,0
23888,8387395,20,7448965,20,11,0,0,10,0
35295,6310255,20,3927595,20,8,0,0,5,0
58205,7996274,20,2811698,20,25,0,0,11,0
28332,6494385,20,5535374,20,7,0,0,6,0
26135,8079576,20,4754449,20,13,0,0,7,0
8749,7989886,20,7174850,20,6,0,0,10,0
7348,4054942,20,7336817,20,8,3,0,7,0
28735,4593485,20,7796743,20,13,0,0,9,0
16582,8292485,20,5061964,20,8,0,0,10,0
8322,6148312,20,3437178,20,7,0,0,5,0
70422,5355395,20,5915510,20,15,0,0,11,0
6685,3551686,20,5308263,20,8,1,0,8,0
19715,6152120,20,3954336,20,5,1,0,29,0
71807,5592398,20,4040172,20,29,1,0,11,0
6524,3871199,20,6849126,20,14,0,0,7,0
16060,4451266,20,3091395,20,9,0,0,7,0
9603,5008500,20,4411041,20,11,0,0,9,0
33013,5171634,20,5349401,20,4,1,0,10,0
11676,4452239,20,6160375,20,9,0,0,25,0
13766,4917149,20,3651344,20,8,0,0,15,0
8990,6525361,20,6076665,20,11,2,0,7,0
14185,5644044,20,4760958,20,8,0,0,5,0
36759,5172930,20,6400848,20,9,1,0,7,0
9919,4388006,20,5705564,20,6,1,0,7,0
8466,6621648,20,5207939,20,7,2,0,2,0
32837,4952975,20,6361954,20,15,0,0,8,0
8077,6740620,20,5644456,20,12,0,0,10,0
38531,5543755,20,6022429,20,13,1,0,25,0
6024,6118572,20,6574108,20,7,0,0,7,0
5404,4988231,20,5515557,20,8,0,0,6,0
31106,4608946,20,5139294,20,14,2,0,6,0
18178,5268083,20,5112309,20,9,2,0,10,0
878,5114124,20,4696438,20,12,0,0,16,0
7385,6344899,20,5487921,20,9,1,0,23,0
20588,6206820,20,5364829,20,14,0,0,14,0
6661,6492306,20,5225566,20,10,0,0,5,0
17927,5252506,20,8560935,20,7,0,0,10,0
4295,5799223,20,5636625,20,11,0,0,8,0
7136,5414399,20,3704966,20,12,1,0,11,0
29780,5026674,20,6784104,20,11,1,0,16,0
13501,6121893,20,3245852,20,3,1,0,12,0
9385,4694398,20,4858820,20,5,1,0,9,0
9576,7425455,20,5013320,20,4,1,0,7,0
13698,4586748,20,8103638,20,9,0,0,13,0
2400,7374407,20,5732855,20,11,0,0,18,0
20425,5138860,20,6922267,20,6,1,0,8,0
5610,6654734,20,7093841,20,7,2,0,9,0
8487,3033737,20,4719902,20,13,1,0,13,0
45428,8962435,20,4747366,20,10,3,0,6,0
22833,5371950,20,5153385,20,10,0,0,8,0
21690,7239548,20,5147433,20,15,3,0,11,0
21893,7071006,20,5784496,20,3,1,0,8,0
28095,4408390,20,5989619,20,19,1,0,9,0
24814,5308803,20,6505907,20,9,0,0,10,0
41258,5926728,20,8087369,20,12,1,0,12,0
3851,3995096,20,5701464,20,5,0,0,8,0
40240,4558261,20,4909541,20,13,2,0,17,0
16970,4030358,20,7123618,20,7,0,0,5,0
13362,5452193,20,3857184,20,7,0,0,12,0
30554,4526311,20,5387645,20,7,1,0,8,0
25125,7583773,20,3902059,20,9,1,0,11,0
2247,5961640,20,4533947,20,6,1,0,3,0
30933,5344341,20,3539078,20,8,2,0,7,0
6377,5068476,20,5900226,20,9,0,0,3,0
3725,5028073,20,2462440,20,9,0,0,4,0
22226,5052108,20,5290080,20,6,0,0,6,0
10237,4396200,20,4370451,20,24,0,0,6,0
4483,6280942,20,4786277,20,11,2,0,7,0
54590,6040234,20,7219505,20,3,0,0,4,0
19284,3907766,20,4654450,20,12,2,0,11,0
54672,7491787,20,6402938,20,8,1,0,6,0
27872,8699605,20,5825309,20,11,0,0,10,0
8270,4740986,20,5091555,20,8,0,0,7,0
18036,4463748,20,6164946,20,7,0,0,9,0
23793,4448985,20,4771461,20,11,0,0,19,0
1057,6010268,20,3453788,20,8,0,0,13,0
11112,4769676,20,6196650,20,17,0,0,3,0
11550,6794122,20,7110138,20,11,0,0,7,0
31930,6242737,20,7131588,20,10,1,0,17,0
24929,7835939,20,4876472,20,12,2,0,14,0
4548,7730917,20,4141332,20,14,0,0,11,0
38828,7028711,20,4882798,20,10,0,0,15,0
13180,4902365,20,6741686,20,6,1,0,8,0
21854,6645704,20,6497919,20,5,0,0,27,0
39471,6106941,20,7878150,20,5,0,0,17,0
21583,5562593,20,6434692,20,10,0,0,8,0
23146,6581826,20,7478688,20,7,1,0,9,0
4515,5917922,20,4294249,20,4,1,0,9,0
30769,6519139,20,7609917,20,9,0,0,7,0
17248,7403698,20,3957308,20,5,1,0,10,0
1719,5284259,20,3926391,20,8,1,0,6,0
27174,6796554,20,4523599,20,9,3,0,29,0
7013,7589504,20,4402284,20,3,2,0,9,0
1838,6396881,20,5760368,20,11,0,0,11,0
11775,3948567,20,3961590,20,23,1,0,8,0
8882,4748638,20,6219498,20,9,0,0,9,0
2186,5678103,20,6867719,20,10,0,0,4,0
2574,5584663,20,5465536,20,4,0,0,12,0
72560,6969140,20,6278571,20,11,3,0,14,0
27658,4738466,20,6138328,20,11,0,0,11,0
18100,7181806,20,6795271,20,6,2,0,10,0
10673,6176669,20,6178111,20,8,0,0,5,0
17711,6024436,20,6590099,20,15,0,0,9,0
9295,5687121,20,5599273,20,6,0,0,9,0
25309,7100392,20,3825608,20,20,1,0,6,0
63153,6168948,20,4452444,20,4,1,0,9,0
20063,4845669,20,4626202,20,2,0,0,12,0
3488,5549740,20,5424622,20,5,0,0,7,0
21321,6017158,20,5746628,20,8,0,0,7,0
14454,3894853,20,4744615,20,5,0,0,27,0
23975,3508808,20,6385720,20,10,0,0,12,0
37772,4965921,20,5500061,20,8,1,0,7,0
17234,4437137,20,4854402,20,20,4,0,7,0
8791,5588562,20,5193912,20,8,0,0,11,0
1356,4935106,20,5567668,20,7,1,0,7,0
19799,5343087,20,5545961,20,10,0,0,24,0
46276,5168972,20,5614433,20,13,1,0,13,0
1609,5181616,20,5561938,20,7,2,0,10,0
17496,3832515,20,4938237,20,11,3,0,26,0
29274,5894077,20,8073993,20,23,1,0,10,0
2460,5976253,20,6971632,20,10,0,0,9,0
20861,5260527,20,6797988,20,7,0,0,14,0
15965,5968592,20,5232720,20,13,1,0,11,0
11453,7097401,20,5984416,20,7,0,0,6,0
17430,4537277,20,5801330,20,5,1,0,11,0
23866,6137365,20,6503157,20,7,1,0,10,0
1937,5118620,20,6160812,20,5,1,0,14,0
15063,5537019,20,4605502,20,10,0,0,18,0
47609,5739610,20,5878185,20,13,0,0,8,0
9699,4576563,20,8014275,20,5,2,0,16,0
46481,6240938,20,5630465,20,21,0,0,5,0
14851,5849912,20,3644883,20,4,0,0,5,0
70385,7714218,20,4403746,20,7,0,0,9,0
6108,6923450,20,6776986,20,8,0,0,11,0
39892,7471834,20,6753221,20,10,2,0,9,0
18509,5026341,20,6172809,20,12,0,0,4,0
30309,4343166,20,6063915,20,7,1,0,8,0
13930,5081268,20,6923374,20,11,0,0,7,0
91010,9551525,20,6719953,20,14,2,0,12,0
27032,5102099,20,7547942,20,4,0,0,5,0
28252,7733928,20,7587310,20,9,1,0,13,0
7859,5736701,20,5240121,20,7,1,0,8,0
5267,4944878,20,6169723,20,9,0,0,8,0
23906,6126014,20,6116749,20,11,1,0,2,0
455,6600518,20,5594539,20,5,0,0,8,0
5204,6325985,20,6337572,20,8,0,0,8,0
1014,6632978,20,4266406,20,7,1,0,3,0
3666,3224773,20,5944942,20,7,2,0,9,0
28412,6114016,20,5231090,20,6,2,0,5,0
16645,5506311,20,5392752,20,4,0,0,10,0
12996,5199536,20,6388039,20,4,0,0,3,0
39045,4083491,20,4339403,20,10,0,0,9,0
24991,6849758,20,5074090,20,7,0,0,11,0
28021,4706944,20,5680969,20,6,0,0,8,0
5762,4899682,20,6998458,20,20,2,0,6,0
40957,6603490,20,5849075,20,7,0,0,11,0
28083,5377667,20,4853590,20,8,3,0,7,0
35547,5382600,20,6659219,20,9,3,0,13,0
17405,4127533,20,5822454,20,10,1,0,7,0
9726,7364160,20,4084809,20,6,1,0,11,0
2933,5544424,20,8254479,20,13,2,0,9,0
7550,3771004,20,4697694,20,4,0,0,12,0
25361,4265448,20,6578347,20,8,1,0,7,0
18001,9053059,20,4406855,20,8,1,0,4,0
30568,4965315,20,6523603,20,9,1,0,9,0
35916,5386493,20,7141465,20,5,0,0,10,0
67352,8045013,20,5672047,20,2,0,0,7,0
4577,6130983,20,4761892,20,7,2,0,11,0
13023,6658070,20,4563248,20,11,0,0,6,0
77125,6455116,20,6985671,20,5,0,0,13,0
2065,6389585,20,6313469,20,6,0,0,12,0
8728,6318650,20,6489883,20,8,0,0,11,0
25522,4732388,20,6160688,20,13,0,0,8,0
20817,4341692,20,4095404,20,5,0,0,8,0
11185,5016784,20,4551907,20,10,0,0,5,0
30795,8488505,20,5200491,20,15,0,0,12,0
6418,4143284,20,6175382,20,27,0,0,8,0
72685,6433305,20,6794650,20,8,1,0,30,0
22460,7668246,20,4898724,20,10,1,0,7,0
10879,7434267,20,4117150,20,10,0,0,7,0
8324,4593710,20,7586837,20,8,0,0,5,0
9678,3758219,20,4394269,20,21,0,0,10,0
12588,4900225,20,5069983,20,44,1,0,12,0
12406,4736698,20,5062118,20,5,1,0,10,0
41814,6341759,20,6196608,20,7,2,0,14,0
8385,4261148,20,4765554,20,2,0,0,4,0
3946,6528730,20,5237655,20,9,0,0,5,0
2041,3750790,20,4951454,20,9,2,0,5,0
7001,6568397,20,6613863,20,20,0,0,12,0
19803,3695080,20,7280154,20,2,1,0,9,0
35661,6054491,20,9794009,20,9,1,0,5,0
4693,4256941,20,5013593,20,6,0,0,4,0
47251,7465982,20,5693527,20,25,0,0,9,0
38250,5692234,20,7277628,20,10,3,0,9,0
5241,6181552,20,6310845,20,8,0,0,7,0
31885,4832402,20,5717728,20,10,6,0,3,0
7934,3872760,20,4918868,20,7,1,0,8,0
2673,4415791,20,5411860,20,13,0,0,8,0
2775,5144995,20,4295775,20,7,1,0,5,0
1704,5053754,20,5818030,20,10,0,0,8,0
30404,6093160,20,6139379,20,13,3,0,11,0
28314,8135147,20,6220103,20,15,1,0,7,0
34928,5664426,20,4946888,20,7,3,0,7,0
37770,6511425,20,9158006,20,8,0,0,5,0
11706,4742653,20,4297465,20,8,1,0,7,0
19340,4951799,20,4423697,20,6,0,0,6,0
7844,7749854,20,4538717,20,8,1,0,8,0
2270,5782834,20,6051061,20,2,1,0,6,0
21817,4426407,20,6055349,20,7,0,0,6,0
20131,6103137,20,6925717,20,15,2,0,2,0
91161,5009565,20,6061401,20,12,3,0,14,0
923,4901021,20,6342498,20,8,1,0,4,0
30264,5287857,20,5896107,20,9,1,0,27,0
4257,7714795,20,5013919,20,10,0,0,10,0
1627,4852182,20,6979409,20,6,0,0,10,0
36327,6606304,20,4037277,20,8,0,0,6,0
25644,5775952,20,4498452,20,9,0,0,9,0
25539,5068442,20,5760336,20,8,0,0,8,0
23313,6823824,20,5060686,20,5,1,0,10,0
6979,3722301,20,5393658,20,13,0,0,9,0
9125,6937605,20,7290436,20,6,0,0,9,0
13298,5551875,20,7951108,20,7,0,0,4,0
19399,5772365,20,5987394,20,18,1,0,1,0
5612,3252071,20,5551240,20,15,0,0,10,0
16066,4675023,20,5974413,20,5,1,0,24,0
16332,3531078,20,4556885,20,6,1,0,7,0
31638,5846540,20,5466507,20,6,2,0,9,0
13970,6398958,20,4999222,20,10,0,0,12,0
25091,2643393,20,4979401,20,7,0,0,12,0
7997,6269923,20,5247814,20,31,0,0,24,0
40917,7735378,20,3453076,20,22,0,0,10,0
43089,6733652,20,6734394,20,10,1,0,16,0
5467,3570161,20,4365224,20,16,1,0,8,0
1808,4403611,20,3414040,20,14,0,0,16,0
8308,4707035,20,4348107,20,9,0,0,3,0
45452,8299315,20,7429926,20,10,1,0,9,0
27735,8486291,20,3418183,20,8,0,0,7,0
3550,6775350,20,3520123,20,4,1,0,5,0
42051,3967461,20,4490754,20,9,1,0,7,0
11181,4199091,20,5304904,20,7,0,0,10,0
12452,5486856,20,6898192,20,8,0,0,7,0
2082,5614833,20,4904879,20,2,0,0,26,0
15453,5903864,20,6213081,20,12,0,0,7,0
3933,3867064,20,7379427,20,9,0,0,7,0
41751,6225212,20,5122184,20,12,0,0,18,0
23175,3245117,20,4280942,20,4,2,0,6,0
1412,6805749,20,5038949,20,15,0,0,8,0
41745,7345832,20,5149266,20,5,0,0,18,0
35119,4321347,20,6769505,20,8,1,0,8,0
14920,5915636,20,6510486,20,14,0,0,10,0
16735,3705675,20,5566902,20,13,0,0,22,0
23823,6190493,20,6219693,20,12,2,0,13,0
18810,6509752,20,4685838,20,8,0,0,8,0
26282,5401014,20,5877431,20,7,0,0,8,0
7903,5405988,20,4745239,20,5,1,0,9,0
2076,6438616,20,4529860,20,9,0,0,10,0
28508,5810690,20,4183966,20,10,1,0,4,0
16529,5047479,20,5910389,20,13,0,0,14,0
1610,6521184,20,5112398,20,23,0,0,9,0
914,5939430,20,4889679,20,7,1,0,6,0
9223,4537543,20,5222437,20,10,0,0,9,0
7286,6370130,20,6334359,20,9,0,0,11,0
1436,4643471,20,4054186,20,9,0,0,6,0
27159,5791971,20,7373900,20,7,2,0,4,0
61873,5457842,20,6281994,20,11,4,0,6,0
24944,6120396,20,6475390,20,4,2,0,15,0
779,4921812,20,5713474,20,15,0,0,17,0
17300,5100136,20,4869504,20,11,0,0,3,0
8350,6037176,20,6046406,20,8,0,0,14,0
25668,5549215,20,3890148,20,9,1,0,9,0
21658,7567317,20,5723640,20,7,0,0,14,0
2297,6142999,20,6307306,20,7,0,0,21,0
4022,5221210,20,8247569,20,7,1,0,2,0
20468,3664146,20,5054894,20,13,1,0,5,0
29617,6366862,20,6319457,20,6,0,0,8,0
26397,6135220,20,4269086,20,14,0,0,18,0
16315,5029693,20,5522631,20,15,1,0,3,0
23656,5251300,20,6649840,20,8,0,0,14,0
7923,6198306,20,5746085,20,8,2,0,11,0
1865,6167634,20,5027341,20,30,0,0,8,0
27319,2774749,20,5221702,20,9,1,0,11,0
17806,5377329,20,4488771,20,9,1,0,7,0
34286,7237123,20,4836131,20,12,2,0,8,0
50654,4020785,20,6991130,20,11,2,0,13,0
11100,5950850,20,3925251,20,6,2,0,2,0
3342,8392669,20,5008005,20,2,0,0,30,0
7539,5772164,20,5205079,20,6,0,0,11,0
22104,3845153,20,5615446,20,12,1,0,8,0
15768,5079884,20,6049073,20,8,0,0,4,0
14221,3884361,20,5577478,20,8,1,0,18,0
4272,5638811,20,3395079,20,12,0,0,4,0
64242,6719456,20,6497890,20,10,0,0,11,0
44938,4654293,20,5466991,20,5,0,0,8,0
10240,6096865,20,7064772,20,7,0,0,2,0
7092,5676803,20,4695405,20,8,0,0,13,0
5856,5328789,20,6129220,20,9,1,0,4,0
24184,7532448,20,5725015,20,5,1,0,8,0
57560,5988566,20,5938685,20,8,4,0,10,0
10896,5728093,20,4762573,20,40,1,0,4,0
108877,8255748,20,5728002,20,6,0,0,14,0
6698,4739951,20,4228092,20,8,2,0,4,0
1426,5025159,20,6417857,20,3,0,0,10,0
8338,7920647,20,3734518,20,10,0,0,10,0
3476,4475565,20,5346314,20,10,0,0,5,0
24858,5857589,20,5092586,20,8,0,0,13,0
42475,6830169,20,7248089,20,10,0,0,7,0
30393,4866718,20,3140520,20,7,1,0,6,0
48210,5883009,20,5180226,20,16,5,0,14,0
1930,5621258,20,5504086,20,4,0,0,3,0
5234,6948005,20,7003205,20,13,1,0,7,0
1809,3676026,20,7306598,20,12,0,0,6,0
11539,4855705,20,4882677,20,15,4,0,11,0
21538,5975956,20,6881422,20,9,0,0,9,0
36088,4381377,20,6302403,20,6,0,0,3,0
1326,5077579,20,4600351,20,9,0,0,7,0
23858,5580235,20,3412201,20,11,2,0,7,0
6164,4244537,20,3460655,20,6,0,0,8,0
63576,4233522,20,9275729,20,6,2,0,10,0
23152,5423270,20,6452861,20,10,0,0,15,0
6698,8723088,20,5407533,20,10,2,0,12,0
14807,6419951,20,5084968,20,22,0,0,7,0
17681,5604484,20,4040380,20,9,0,0,7,0
36537,4647290,20,6243295,20,21,1,0,5,0
4226,6114532,20,3516999,20,6,0,0,16,0
5097,6252868,20,4395934,20,13,0,0,15,0
14146,6862892,20,5758713,20,9,4,0,9,0
125669,7699898,20,6006498,20,10,2,0,7,0
10562,5691074,20,5081975,20,1,1,0,7,0
11960,6421964,20,5949654,20,6,0,0,7,0
884,5388073,20,5721256,20,9,0,0,5,0
24943,5407160,20,5435363,20,16,0,0,13,0
1177,6041843,20,4045542,20,6,0,0,8,0
71968,5918797,20,6090285,20,18,0,0,12,0
11951,5410858,20,4446068,20,7,0,0,10,0
117676,5151601,20,4901013,20,9,3,0,10,0
8764,6881985,20,6743878,20,13,0,0,16,0
3236,3617283,20,7973140,20,6,0,0,4,0
25844,5350434,20,5554783,20,12,0,0,14,0
19909,6039928,20,5816730,20,10,0,0,10,0
5863,5839598,20,6186191,20,11,0,0,7,0
1485,5421966,20,4718708,20,10,0,0,3,0
44212,5805410,20,5880934,20,9,0,0,11,0
35701,4807295,20,6662606,20,10,0,0,16,0
13199,4851077,20,5063740,20,13,1,0,16,0
21380,5300150,20,6412189,20,6,3,0,8,0
16057,4591242,20,3859638,20,5,0,0,8,0
17482,4726623,20,5212947,20,6,0,0,9,0
4003,8289241,20,5225997,20,10,0,0,5,0
2055,4376818,20,7879668,20,4,0,0,7,0
79577,4655453,20,7311850,20,8,2,0,11,0
46516,6988759,20,6529608,20,9,1,0,8,0
17553,6266376,20,7278256,20,5,3,0,10,0
16958,7547928,20,6585739,20,18,0,0,5,0
23558,4617625,20,6019663,20,6,0,0,2,0
6358,3329666,20,6320337,20,7,0,0,5,0
6997,5350362,20,5434921,20,13,4,0,6,0
44564,5040875,20,4593172,20,8,2,0,9,0
76723,6840210,20,5678888,20,9,4,0,16,0
20016,6519665,20,4988645,20,7,0,0,6,0
40134,4253408,20,5673093,20,5,0,0,4,0
16708,6698545,20,5177071,20,19,1,0,8,0
6433,5430717,20,5965198,20,4,0,0,20,0
4188,6048015,20,4071801,20,3,0,0,10,0
11304,6059244,20,5862784,20,18,0,0,3,0
16190,6257559,20,6102191,20,3,0,0,11,0
923,7731708,20,3579723,20,4,0,0,2,0
9810,6423676,20,7105594,20,5,2,0,4,0
1384,6512573,20,3538020,20,5,0,0,10,0
60255,6117593,20,3671654,20,8,3,0,12,0
5188,5853422,20,4230730,20,7,0,0,5,0
4889,6328157,20,5862095,20,10,0,0,9,0
67661,3369501,20,9252639,20,8,1,0,9,0
3813,5291088,20,5501807,20,25,0,0,11,0
5786,7072288,20,6923082,20,7,0,0,8,0
2462,3350297,20,5412607,20,22,1,0,26,0
52947,6077496,20,5087107,20,18,1,0,16,0
50360,3194799,20,8181139,20,24,1,0,5,0
37849,6679483,20,4685562,20,11,0,0,6,0
21195,7108843,20,3980712,20,8,0,0,12,0
9934,3720049,20,5382579,20,3,0,0,18,0
9332,4038428,20,6081886,20,4,0,0,6,0
29045,5887231,20,6854021,20,11,0,0,10,0
1535,3749524,20,5370071,20,8,0,0,7,0
10878,8067405,20,3327921,20,11,0,0,25,0
6073,5052746,20,6358514,20,2,0,0,5,0
46472,7895231,20,5348454,20,9,0,0,10,0
70325,5002498,20,7285773,20,13,3,0,11,0
25159,6120792,20,5216770,20,12,0,0,12,0
36486,5415848,20,9164243,20,7,1,0,8,0
8741,6658446,20,5595217,20,4,0,0,5,0
32416,3383881,20,7606901,20,8,4,0,15,0
3280,5870123,20,7393763,20,12,0,0,27,0
49547,7020018,20,4022470,20,3,0,0,11,0
571,4487950,20,6349049,20,5,0,0,8,0
18779,3914295,20,7081666,20,6,0,0,3,0
46195,6380164,20,4545497,20,7,2,0,12,0
50365,7070200,20,7293470,20,6,1,0,13,0
13631,4099058,20,5788123,20,11,1,0,7,0
1371,3603549,20,6766706,20,9,0,0,4,0
26107,5356975,20,5411464,20,6,0,0,4,0
27576,8073217,20,5041192,20,9,0,0,8,0
14400,4681529,20,3625472,20,10,0,0,8,0
35362,6104640,20,7082093,20,16,3,0,5,0
21419,4860572,20,5268441,20,6,0,0,14,0
15123,6573730,20,7169269,20,3,1,0,13,0
13142,8006058,20,6934182,20,11,0,0,5,0
20334,3837713,20,6820076,20,39,1,0,3,0
78759,7713386,20,6056544,20,9,1,0,23,0
15318,7350047,20,7443318,20,18,0,0,9,0
2086,6449526,20,6300328,20,6,1,0,23,0
17036,6728173,20,3594070,20,10,0,0,2,0
5140,4123540,20,4855588,20,3,0,0,10,0
12978,4760861,20,4726796,20,12,1,0,12,0
22261,5577541,20,5686094,20,12,0,0,10,0
23275,4682731,20,6223425,20,8,1,0,5,0
74592,5505934,20,6362057,20,13,2,0,7,0
17524,5666896,20,5085996,20,7,1,0,7,0
5599,7541721,20,4778040,20,10,1,0,5,0
38909,3066826,20,5095376,20,9,2,0,10,0
25206,3861280,20,5622734,20,8,0,0,9,0
4740,6078871,20,5169228,20,11,0,0,11,0
16248,5165758,20,7425481,20,11,0,0,8,0
19919,4255444,20,6701413,20,11,1,0,8,0
21646,6028627,20,4845998,20,6,1,0,9,0
26799,4322511,20,6135550,20,5,4,0,7,0
22669,5396035,20,5795795,20,14,1,0,4,0
57038,2925023,20,5720216,20,12,3,0,6,0
6101,9902183,20,3871378,20,15,0,0,9,0
18894,4640815,20,5816155,20,6,0,0,9,0
15581,4850248,20,6147752,20,6,2,0,10,0
8746,5903015,20,6763744,20,9,0,0,6,0
66888,6110228,20,5737513,20,7,3,0,7,0
2965,7308308,20,5595701,20,12,1,0,11,0
26351,7021395,20,4682932,20,5,0,0,4,0
49031,4081294,20,6984317,20,13,1,0,10,0
37996,5104019,20,6776020,20,31,2,0,14,0
24614,7814164,20,7189836,20,7,0,0,12,0
6679,4871878,20,7903159,20,5,0,0,7,0
85421,8033081,20,5808139,20,6,2,0,12,0
34248,6664358,20,6295013,20,8,0,0,19,0
10015,4906941,20,6362454,20,8,0,0,22,0
18111,4168903,20,8264429,20,9,1,0,17,0
9085,7504676,20,3957887,20,8,0,0,19,0
21613,5009415,20,5134300,20,4,2,0,4,0
32859,6953143,20,4472748,20,9,1,0,3,0
35195,7809240,20,6097398,20,5,0,0,6,0
24915,6283641,20,5817413,20,6,1,0,10,0
6322,6463445,20,3644135,20,7,0,0,7,0
15547,6896888,20,4123337,20,23,1,0,11,0
10502,5128644,20,8649992,20,6,0,0,8,0
20710,4066885,20,3440583,20,11,1,0,7,0
24098,6240320,20,6451534,20,7,1,0,5,0
2814,5214734,20,6572843,20,7,0,0,28,0
3991,5327822,20,3862527,20,10,0,0,8,0
4002,4143319,20,7579474,20,8,1,0,8,0
27042,5626239,20,8368432,20,7,1,0,3,0
14437,4326164,20,3736365,20,15,0,0,6,0
23895,7891424,20,6432076,20,10,0,0,13,0
1148,5634283,20,4660500,20,4,2,0,16,0
48001,5606208,20,4907179,20,5,2,0,9,0
13655,6434840,20,5614158,20,8,0,0,17,0
419,7125553,20,4763598,20,4,0,0,4,0
27240,5283189,20,3317258,20,6,1,0,12,0
15752,8078247,20,5038312,20,7,0,0,8,0
8154,5342913,20,5943169,20,13,1,0,11,0
29652,5919054,20,5138970,20,11,2,0,14,0
2475,5211551,20,4414324,20,13,0,0,6,0
23716,5338017,20,6075701,20,6,1,0,12,0
29507,5707278,20,3788881,20,8,3,0,12,0
28433,6467360,20,7004283,20,9,3,0,6,0
24272,5031178,20,6481461,20,21,0,0,11,0
36638,5632102,20,4204989,20,8,0,0,7,0
33174,5898495,20,5280935,20,13,0,0,12,0
10684,4689643,20,3859864,20,9,0,0,6,0
1590,4899589,20,5712971,20,14,0,0,13,0
13552,4612544,20,5761467,20,7,0,0,9,0
15850,4120834,20,6523325,20,16,0,0,7,0
18796,7080993,20,7494110,20,18,0,0,3,0
118000,6513757,20,6508723,20,15,2,0,15,0
8466,6434603,20,4912738,20,10,0,0,8,0
15261,7023751,20,4794445,20,11,0,0,10,0
5002,6010500,20,6158687,20,14,0,0,8,0
12967,5669912,20,6156074,20,13,0,0,24,0
6795,4809798,20,3505421,20,7,0,0,9,0
58343,8025371,20,8320785,20,5,1,0,10,0
23596,6059794,20,6411986,20,6,1,0,9,0
14765,4314992,20,5169214,20,11,1,0,7,0
64101,6619137,20,5226693,20,7,3,0,6,0
20231,6714270,20,5023189,20,6,1,0,25,0
29186,5224212,20,7393313,20,6,1,0,12,0
2295,5542670,20,5505149,20,10,0,0,7,0
30488,7006162,20,5501397,20,14,1,0,8,0
22038,8642400,20,6256059,20,12,2,0,13,0
5996,5600611,20,4246092,20,10,0,0,9,0
3171,4702677,20,5103752,20,11,1,0,6,0
23299,4093397,20,3952880,20,5,1,0,4,0
25540,3987669,20,8534840,20,16,1,0,15,0
13536,5282667,20,6203912,20,16,0,0,3,0
28449,6264302,20,5417834,20,8,0,0,12,0
1956,5496656,20,4676903,20,5,0,0,2,0
56925,6335453,20,6253349,20,7,0,0,15,0
24031,5921354,20,5496566,20,6,0,0,9,0
6341,6320823,20,6838426,20,5,1,0,12,0
21959,4800277,20,4245356,20,5,0,0,20,0
26995,6938829,20,5568206,20,26,1,0,8,0
4601,6421665,20,3437301,20,11,0,0,9,0
28756,5100808,20,4849528,20,14,0,0,10,0
12977,6709604,20,5245557,20,11,1,0,4,0
15307,8734382,20,6123734,20,8,0,0,4,0
8611,7488479,20,5354705,20,13,0,0,11,0
2742,5496981,20,5685291,20,20,1,0,7,0
26992,6252422,20,5366392,20,17,1,0,4,0
16248,3240844,20,5849099,20,6,1,0,7,0
17078,3109366,20,4782048,20,7,1,0,16,0
1870,6599614,20,5922737,20,8,1,0,8,0
11705,3186744,20,3184963,20,5,0,0,29,0
6929,9261316,20,5306888,20,7,1,0,9,0
8861,6798234,20,6904790,20,7,1,0,6,0
7655,4828516,20,6485516,20,7,0,0,6,0
22161,5979665,20,5241345,20,6,0,0,9,0
12668,4958362,20,8020477,20,6,1,0,6,0
26418,6453176,20,3119048,20,24,0,0,3,0
71217,5384737,20,4617620,20,3,1,0,13,0
7769,4230115,20,3815680,20,14,0,0,11,0
26492,5119565,20,3382230,20,16,1,0,9,0
16662,5754946,20,6376977,20,7,0,0,8,0
1380,5525607,20,5692998,20,9,0,0,8,0
1520,3804881,20,7851239,20,12,0,0,21,0
10184,5312248,20,5875108,20,2,0,0,6,0
24599,6072002,20,6988532,20,13,2,0,8,0
24426,5610228,20,6959124,20,10,0,0,4,0
4511,3688749,20,6335449,20,6,0,0,11,0
19833,4095455,20,4759820,20,5,4,0,10,0
33695,4649305,20,5831339,20,13,0,0,6,0
1395,4916599,20,4555547,20,12,0,0,6,0
36246,3891777,20,8156456,20,12,2,0,18,0
17556,6132073,20,5818303,20,11,0,0,7,0
1533,5738756,20,7343718,20,21,0,0,7,0
12108,5896715,20,5482862,20,17,0,0,1,0
55780,7297886,20,5118484,20,43,0,0,8,0
1915,9389461,20,5567379,20,12,0,0,12,0
57894,6101319,20,8723637,20,11,1,0,27,0
11650,4197053,20,6213599,20,28,0,0,8,0
1280,5052695,20,4575247,20,15,1,0,5,0
13607,4614107,20,4917522,20,8,0,0,10,0
26257,4896223,20,5331704,20,14,1,0,10,0
3553,5856126,20,5512193,20,12,1,0,6,0
7842,6288991,20,9590442,20,6,0,0,15,0
40831,4448207,20,4530765,20,12,2,0,7,0
64130,7077788,20,8042642,20,6,2,0,10,0
13026,5177906,20,6862176,20,11,0,0,12,0
14601,6115406,20,6882331,20,8,0,0,11,0
13350,8160672,20,4628704,20,13,0,0,10,0
41216,5932793,20,4390947,20,10,0,0,7,0
35047,6069715,20,6297338,20,8,1,0,15,0
29899,4672618,20,6635796,20,5,0,0,9,0
6760,5798113,20,5769195,20,7,1,0,6,0
65627,6545951,20,9250032,20,11,1,0,9,0
35907,4941195,20,7943498,20,12,1,0,6,0
29525,5882115,20,4405458,20,7,0,0,7,0
22175,4795552,20,6967298,20,8,1,0,32,0
10939,5595784,20,7185454,20,14,2,0,14,0
42053,4012859,20,6649903,20,5,2,0,20,0
29758,4689906,20,6802844,20,4,0,0,3,0
42498,5251684,20,4578471,20,9,0,0,14,0
568,5882215,20,5512983,20,12,0,0,3,0
9950,3667488,20,4247239,20,26,2,0,16,0
39918,7415219,20,4325107,20,8,0,0,12,0
39896,10521664,20,7018859,20,7,1,0,7,0
1613,6479456,20,3548065,20,5,0,0,31,0
2177,3778806,20,5028782,20,4,0,0,6,0
44198,5624671,20,6910663,20,11,0,0,10,0
10374,4784955,20,5169293,20,8,0,0,12,0
19669,5384742,20,7233593,20,11,1,0,10,0
26915,6386391,20,6970152,20,13,1,0,7,0
7372,6466257,20,6265144,20,6,1,0,8,0
27656,4934265,20,3047716,20,9,0,0,7,0
13013,7285542,20,6055494,20,11,0,0,9,0
29356,6810119,20,7474122,20,11,0,0,17,0
1337,3477223,20,4882827,20,17,1,0,7,0
13035,3530780,20,2736631,20,10,0,0,11,0
1469,5185871,20,4591141,20,14,1,0,11,0
50871,7681592,20,5827750,20,6,3,0,23,0
32740,4466505,20,4618804,20,7,0,0,9,0
8235,5370967,20,4594415,20,38,1,0,6,0
22550,6784273,20,7133786,20,19,3,0,10,0
22170,6617582,20,5816590,20,15,2,0,33,0
46671,5150467,20,7473984,20,8,0,0,12,0
11866,3747432,20,6530095,20,7,0,0,6,0
56564,4345009,20,5184074,20,9,2,0,8,0
45822,5525098,20,7516914,20,12,1,0,22,0
7570,3917632,20,5367401,20,12,0,0,8,0
40710,6334150,20,5036233,20,9,1,0,23,0
16579,4682592,20,5276739,20,13,0,0,8,0
11519,7601510,20,6688587,20,5,1,0,10,0
28049,4719005,20,7961991,20,29,0,0,15,0
24052,6372855,20,4227549,20,8,0,0,7,0
20217,5091399,20,3550957,20,5,0,0,11,0
25448,7167370,20,5192579,20,8,1,0,4,0
43095,6848475,20,5173762,20,5,6,0,23,0
27530,6340179,20,5125649,20,7,0,0,12,0
55088,7227668,20,6322491,20,14,0,0,11,0
15580,5009719,20,7219605,20,6,1,0,6,0
5642,4786442,20,4065955,20,10,0,0,27,0
30051,7524183,20,7506543,20,7,3,0,6,0
1091,4397235,20,6393309,20,7,0,0,4,0
22893,7250899,20,6874078,20,18,1,0,11,0
15436,7275607,20,4257522,20,25,1,0,13,0
35524,4533646,20,8816297,20,7,4,0,11,0
4822,4437302,20,3447876,20,9,0,0,10,0
27599,4238964,20,5145553,20,11,2,0,8,0
4454,4496821,20,5351945,20,11,0,0,8,0
20430,4926625,20,6683955,20,10,2,0,9,0
9434,5525737,20,7505649,20,4,0,0,5,0
22467,5137554,20,3845164,20,13,1,0,8,0
6169,6619591,20,5084238,20,11,0,0,19,0
2116,3861799,20,3929617,20,9,0,0,6,0
62374,9466404,20,5951100,20,7,0,0,10,0
16627,5867129,20,5529529,20,7,0,0,6,0
109582,4923238,20,8782292,20,11,5,0,11,0
10691,5117475,20,7777051,20,13,0,0,11,0
17012,4902953,20,5354541,20,7,0,0,7,0
32958,6722425,20,6430093,20,14,3,0,4,0
27841,5534184,20,6004634,20,8,1,0,1,0
83345,11052402,20,7594227,20,14,4,0,10,0
25891,3039463,20,5948477,20,15,1,0,10,0
49284,6745960,20,6455855,20,4,0,0,14,0
1203,4256799,20,7181167,20,2,0,0,7,0
7975,5597434,20,7933699,20,6,0,0,6,0
3629,6270389,20,5143609,20,10,0,0,12,0
22093,3207656,20,5785981,20,27,1,0,11,0
6206,5128624,20,5184312,20,22,0,0,10,0
39865,5106464,20,6648798,20,9,1,0,11,0
38598,3340314,20,6293130,20,10,2,0,16,0
2500,7064277,20,5635973,20,1,1,0,10,0
23969,6326856,20,4037456,20,16,0,0,12,0
9849,4566412,20,9560458,20,3,2,0,18,0
30361,4721801,20,5714340,20,4,3,0,8,0
4830,4259928,20,5681583,20,31,0,0,13,0
8567,6041516,20,7945914,20,11,0,0,12,0
2217,4705421,20,4698534,20,6,0,0,20,0
27216,6737464,20,6159795,20,7,0,0,9,0
25874,5833563,20,8755679,20,7,0,0,5,0
21369,8111137,20,8499534,20,20,0,0,28,0
92712,6060792,20,6083307,20,12,1,0,16,0
16258,4157652,20,6357711,20,7,0,0,15,0
21715,6824021,20,6364915,20,13,2,0,10,0
11659,5096587,20,6252774,20,10,2,0,8,0
2354,3329807,20,5199675,20,7,1,0,11,0
44576,5573248,20,6884599,20,10,0,0,8,0
6705,3815567,20,4475462,20,4,0,0,8,0
20207,3388080,20,4170090,20,8,0,0,7,0
1867,5067176,20,6404205,20,8,0,0,5,0
41495,4925617,20,6427060,20,8,2,0,13,0
14805,4456214,20,7198523,20,7,0,0,10,0
42054,7696360,20,4303813,20,9,1,0,17,0
2043,4676704,20,5140325,20,25,0,0,5,0
38827,8485169,20,5116999,20,15,0,0,14,0
37929,4243353,20,6434670,20,28,1,0,8,0
32002,4512365,20,5815830,20,8,0,0,12,0
29800,7181889,20,6703592,20,11,0,0,8,0
22479,5352012,20,6213579,20,6,0,0,15,0
31519,6332148,20,6112286,20,7,1,0,10,0
986,5021189,20,6659767,20,5,0,0,4,0
880,6981117,20,7020551,20,25,0,0,11,0
584,3762152,20,2870949,20,6,1,0,10,0
3565,3817174,20,5752587,20,2,1,0,8,0
24934,6029566,20,7139894,20,12,1,0,17,0
21789,5994820,20,7289988,20,6,2,0,26,0
2207,4374266,20,4018069,20,5,0,0,8,0
6619,4542230,20,5205416,20,7,0,0,3,0
4544,8658376,20,5971494,20,4,0,0,8,0
3984,3247292,20,5182357,20,8,0,0,3,0
11067,5821055,20,4709504,20,5,0,0,9,0
2732,6834597,20,4763686,20,3,0,0,5,0
37863,5894103,20,6473617,20,8,2,0,21,0
51040,5584995,20,6724948,20,4,0,0,7,0
87448,5604515,20,5901967,20,7,2,0,16,0
21407,3479631,20,5262622,20,23,2,0,5,0
2441,6087356,20,5283329,20,5,0,0,8,0
28329,5078707,20,7432090,20,8,1,0,18,0
13068,3485019,20,5140145,20,8,0,0,12,0
50276,4391947,20,6879754,20,26,2,0,12,0
13748,3938935,20,7127958,20,8,0,0,10,0
41009,3463846,20,5246122,20,10,0,0,12,0
14649,3681451,20,6051242,20,9,1,0,8,0
1511,5944081,20,4593515,20,12,1,0,8,0
31237,6482386,20,6594242,20,5,2,0,16,0
10630,6231621,20,4908367,20,6,2,0,6,0
44032,4533896,20,7802554,20,8,2,0,7,0
64649,6057774,20,4724752,20,10,1,0,8,0
82554,6753609,20,6898317,20,9,0,0,9,0
2313,6928287,20,4541189,20,6,0,0,6,0
4415,3611496,20,8138028,20,12,1,0,8,0
7923,6121398,20,3716278,20,8,0,0,10,0
1150,4555601,20,5439574,20,7,0,0,8,0
48418,5126109,20,6213726,20,6,2,0,10,0
46041,7227455,20,6069074,20,30,2,0,10,0
14783,3775055,20,5618696,20,10,2,0,4,0
38060,8884336,20,5895828,20,9,1,0,5,0
37493,7364911,20,4541859,20,13,0,0,8,0
16722,5535162,20,6730368,20,9,1,0,6,0
1286,5109585,20,5359395,20,5,0,0,7,0
14335,6405174,20,5115900,20,10,0,0,11,0
27727,5751087,20,8578034,20,7,0,0,9,0
38039,6154751,20,5056888,20,12,2,0,9,0
2385,6579296,20,6007485,20,4,0,0,5,0
34631,6220446,20,5468087,20,6,1,0,9,0
6394,3938721,20,4954335,20,8,0,0,8,0
33883,6805634,20,5235651,20,8,0,0,6,0
2066,6504371,20,4907860,20,6,0,0,17,0
16964,5604145,20,4065374,20,3,2,0,7,0
19169,3372485,20,8815419,20,10,0,0,9,0
17201,6042339,20,5656578,20,9,0,0,12,0
56187,5748301,20,4674158,20,7,0,0,10,0
6122,6283123,20,5397592,20,15,0,0,11,0
70822,6115184,20,4716805,20,8,1,0,10,0
6328,7343883,20,6493707,20,4,0,0,10,0
8278,5331786,20,5915059,20,13,0,0,14,0
2234,3712615,20,4585942,20,10,0,0,9,0
13129,6723753,20,3847587,20,11,2,0,13,0
22278,5807641,20,6126822,20,13,0,0,6,0
15039,5290825,20,5398554,20,13,0,0,10,0
1279,5633780,20,7488041,20,7,1,0,7,0
1180,4944591,20,2892453,20,4,3,0,24,0
3500,3684200,20,4852579,20,6,0,0,9,0
41350,7737464,20,3804882,20,7,1,0,20,0
56000,8729210,20,6173182,20,12,1,0,12,0
71406,5496941,20,7265836,20,9,2,0,13,0
24089,4977233,20,6654996,20,14,0,0,5,0
29911,5316916,20,3419896,20,10,4,0,6,0
43089,4299936,20,6708418,20,10,1,0,6,0
7462,5489784,20,5401160,20,7,0,0,4,0
27932,5083593,20,5152037,20,8,3,0,10,0
13030,4595485,20,6536132,20,8,1,0,2,0
11660,6167133,20,4974784,20,15,0,0,10,0
17326,6820786,20,6201036,20,8,1,0,29,0
1580,4622926,20,2793359,20,6,0,0,3,0
1344,7685312,20,6576410,20,10,0,0,7,0
27179,4942496,20,5782292,20,21,3,0,9,0
82599,5451791,20,8286693,20,11,7,0,6,0
55554,6172855,20,8426710,20,23,1,0,13,0
809,6107654,20,4751485,20,9,0,0,5,0
37235,6259114,20,4536134,20,15,2,0,9,0
15059,7543542,20,5189150,20,6,0,0,9,0
18065,4678947,20,6305556,20,12,1,0,7,0
17833,7089797,20,5161143,20,4,0,0,11,0
12793,7091147,20,8144529,20,4,0,0,9,0
18903,6099711,20,5270763,20,10,1,0,10,0
15330,8922497,20,5088088,20,11,0,0,15,0
2500,7706066,20,5650854,20,9,0,0,9,0
20013,5077209,20,6133433,20,2,1,0,8,0
7552,7061434,20,5749892,20,11,0,0,23,0
12937,6064128,20,6864717,20,16,0,0,8,0
13834,5798092,20,7701010,20,8,0,0,6,0
1699,7335233,20,5189480,20,12,0,0,8,0
34679,4377921,20,3332165,20,29,1,0,10,0
16536,8294435,20,4591654,20,26,1,0,8,0
27797,4892948,20,3874431,20,5,1,0,21,0
13660,4867928,20,6727152,20,8,1,0,5,0
22653,5449427,20,7328360,20,12,0,0,11,0
1190,7056458,20,3185225,20,4,0,0,10,0
3614,5794190,20,3378158,20,13,0,0,11,0
11637,5482033,20,6611341,20,9,0,0,7,0
2721,6174496,20,6208858,20,8,0,0,29,0
9665,4046690,20,4389606,20,10,0,0,5,0
14156,6123768,20,5467696,20,7,3,0,10,0
2130,4979627,20,6175229,20,12,0,0,9,0
110844,5289685,20,7236948,20,17,0,0,6,0
65199,8202709,20,8017527,20,8,0,0,6,0
11226,3466727,20,6700689,20,7,0,0,18,0
64802,6016021,20,10382472,20,6,0,0,15,0
9969,4178785,20,6111434,20,22,0,0,14,0
61915,5736449,20,5214213,20,11,0,0,31,0
9470,6867975,20,5287127,20,9,0,0,23,0
2062,2936331,20,6321007,20,10,0,0,14,0
12055,9121797,20,4746622,20,3,0,0,5,0
21471,5560271,20,5783455,20,19,0,0,27,0
16768,3893543,20,5923760,20,15,1,0,12,0
6865,4617165,20,6516602,20,21,0,0,11,0
12431,6652770,20,4960835,20,9,1,0,7,0
11455,5338979,20,4332791,20,14,1,0,2,0
33112,6538307,20,4967371,20,8,2,0,11,0
4720,9739366,20,3708704,20,6,0,0,8,0
1480,3163078,20,4421231,20,12,0,0,3,0
16845,7215562,20,5113031,20,9,0,0,10,0
18027,3898561,20,8664079,20,6,0,0,4,0
28328,5177067,20,5652057,20,22,0,0,12,0
30117,7976473,20,4879357,20,12,4,0,8,0
35560,4432827,20,4359966,20,7,0,0,6,0
12011,4035610,20,4773804,20,5,1,0,4,0
2131,4952512,20,3700479,20,13,1,0,8,0
23882,5380540,20,5906642,20,9,0,0,10,0
12072,7725950,20,5017726,20,11,0,0,10,0
10354,7888770,20,5417724,20,17,0,0,7,0
15934,4548162,20,5666317,20,6,0,0,12,0
8656,8252705,20,4147230,20,12,0,0,8,0
51741,7007858,20,4676104,20,5,2,0,13,0
6262,3488797,20,5027637,20,3,0,0,9,0
23602,3900268,20,4901632,20,8,0,0,23,0
5795,8035754,20,4123223,20,8,0,0,7,0
31805,4990361,20,4923990,20,9,0,0,4,0
6625,4654753,20,4061316,20,10,0,0,13,0
9147,7134910,20,6721161,20,13,0,0,26,0
17357,6859476,20,4432275,20,4,0,0,14,0
35543,5364918,20,6532647,20,8,1,0,16,0
10883,5952212,20,4879818,20,8,0,0,12,0
67620,9872173,20,6380333,20,9,0,0,11,0
21790,5607846,20,4686703,20,10,1,0,10,0
32926,6883324,20,6846982,20,5,1,0,16,0
22736,5779126,20,4084482,20,12,0,0,18,0
8294,4396140,20,4350864,20,9,0,0,5,0
28155,5927586,20,5945085,20,4,0,0,13,0
53798,5128024,20,6365714,20,10,0,0,9,0
31410,4411844,20,4129197,20,12,1,0,20,0
34923,6457919,20,6860428,20,9,1,0,10,0
75964,5861386,20,7046643,20,9,8,0,11,0
4677,6885997,20,3967509,20,4,1,0,8,0
40683,5838997,20,5911917,20,7,2,0,13,0
40751,7125774,20,4322462,20,7,2,0,7,0
22996,4037735,20,7413645,20,10,0,0,10,0
1432,5098849,20,6220179,20,8,0,0,9,0
2346,6449175,20,4873546,20,12,1,0,35,0
6818,5161659,20,6018486,20,11,1,0,5,0
19108,5847113,20,5658646,20,8,1,0,22,0
6840,5875371,20,5349282,20,8,0,0,4,0
6424,5060628,20,4793740,20,8,0,0,11,0
53503,6082129,20,5476888,20,4,3,0,9,0
16798,6308462,20,7712450,20,8,0,0,7,0
7455,8730339,20,5854354,20,12,1,0,14,0
6210,7861191,20,6536305,20,7,0,0,5,0
10854,6701499,20,6678408,20,5,0,0,3,0
101275,7031763,20,6106239,20,6,3,0,16,0
7370,5106559,20,5390470,20,16,0,0,7,0
2499,6466614,20,4507504,20,11,0,0,7,0
35779,4221357,20,2711748,20,28,3,0,11,0
3362,7693223,20,6591654,20,2,1,0,9,0
36410,5821698,20,6054010,20,12,0,0,6,0
10889,2469501,20,5559232,20,9,0,0,7,0
72900,5376679,20,5249795,20,6,1,0,15,0
28607,5622792,20,5842449,20,6,0,0,7,0
62339,3356319,20,6785607,20,19,0,0,23,0
13267,5664720,20,8479710,20,9,0,0,10,0
21609,4045127,20,6276029,20,11,0,0,11,0
37354,5846172,20,3602473,20,7,0,0,8,0
29335,7529374,20,6130592,20,6,1,0,17,0
3625,4134579,20,7098048,20,6,0,0,10,0
21111,5853235,20,4804356,20,7,0,0,9,0
11506,5341204,20,4808931,20,4,2,0,23,0
12803,5537653,20,4587924,20,39,1,0,7,0
3593,4782556,20,4902603,20,6,0,0,7,0
51977,6516863,20,7491086,20,6,2,0,9,0
33138,5916967,20,7630057,20,15,0,0,10,0
8417,7056773,20,6982018,20,9,0,0,6,0
42966,6128968,20,5642904,20,8,3,0,10,0
27268,4892925,20,3906774,20,6,0,0,5,0
95397,6357302,20,5720840,20,4,0,0,8,0
22357,5684791,20,3680373,20,11,0,0,12,0
3535,5595214,20,5894151,20,6,1,0,21,0
23322,6347895,20,5527219,20,4,1,0,5,0
591,4594344,20,2971854,20,9,1,0,9,0
2067,5992405,20,7312300,20,5,2,0,6,0
7606,6268140,20,5757667,20,5,1,0,9,0
61157,5582013,20,5816742,20,16,2,0,27,0
58443,5881413,20,4199417,20,9,3,0,7,0
34034,5938757,20,6596106,20,6,0,0,8,0
4085,6668386,20,7729384,20,3,0,0,13,0
857,4683530,20,5492640,20,13,0,0,6,0
7029,4732995,20,5686368,20,5,0,0,10,0
1311,7033079,20,4087938,20,8,1,0,27,0
20063,5786956,20,5581657,20,14,3,0,5,0
