678166,108274791,20,119824384,20,74,2,0,75,0
720760,95568861,20,136760584,20,60,1,0,60,0
444151,74359905,20,88565391,20,33,2,0,43,0
1393169,95240600,20,112063144,20,48,2,0,103,0
432938,70625517,20,88037801,20,47,4,0,70,0
538768,112782682,20,68054920,20,38,6,0,54,0
138346,75983332,20,71479989,20,62,0,0,44,0
119170,80715786,20,58133324,20,25,6,0,83,0
40182,58238514,20,70935282,20,31,0,0,64,0
385931,117260634,20,106591300,20,35,3,0,76,0
455792,119803130,20,65178730,20,70,3,0,32,0
319238,94472095,20,75468165,20,33,0,0,69,0
130830,93645178,20,158364110,20,85,0,0,83,0
743287,121259075,20,103163320,20,64,0,0,78,0
492406,91322927,20,88428902,20,72,0,0,70,0
465228,97579085,20,109413670,20,57,1,0,52,0
198146,76323667,20,108612273,20,61,2,0,55,0
143497,56922242,20,91827513,20,74,3,0,20,0
8801,97039923,20,103101196,20,54,0,0,46,0
653398,103159295,20,158397145,20,57,2,0,88,0
219694,83712358,20,67716100,20,36,2,0,49,0
49824,50175116,20,90262117,20,44,1,0,38,0
190795,78243477,20,119235390,20,38,0,0,67,0
499187,92889617,20,88805043,20,28,0,0,63,0
643584,111535137,20,115341210,20,62,8,0,22,0
542940,68310887,20,121749481,20,51,2,0,51,0
91118,100234292,20,94307968,20,101,0,0,35,0
232814,93663964,20,147388190,20,73,0,0,93,0
291636,88905965,20,109788680,20,86,3,0,48,0
58210,109515756,20,71963916,20,43,1,0,43,0
1079424,101906135,20,139424004,20,79,5,0,100,0
355308,51392386,20,117427598,20,59,0,0,47,0
748495,93105526,20,86717728,20,56,2,0,58,0
1087026,115097426,20,111985508,20,72,0,0,56,0
26703,66249241,20,113526334,20,70,1,0,82,0
187408,74944622,20,88392151,20,108,1,0,82,0
85831,89479798,20,75472538,20,57,0,0,43,0
310585,64014467,20,88417077,20,25,0,0,35,0
36023,101745323,20,73692794,20,47,0,0,67,0
516677,64312845,20,103513695,20,64,1,0,100,0
989669,80194624,20,110794301,20,30,0,0,59,0
406148,96819385,20,136550137,20,69,2,0,117,0
1232892,105100598,20,93544156,20,76,5,0,82,0
549286,67737488,20,61850977,20,78,4,0,80,0
473634,81823158,20,90148729,20,52,3,0,58,0
380148,108692538,20,89208284,20,48,5,0,54,0
143143,72152826,20,66263922,20,47,4,0,54,0
652239,63204451,20,104529903,20,74,3,0,64,0
141702,116490012,20,94841412,20,68,1,0,60,0
280561,77948326,20,55583110,20,38,0,0,65,0
202350,88843174,20,107372314,20,69,1,0,81,0
753991,95241122,20,88089531,20,127,7,0,65,0
387112,62976069,20,69167976,20,51,1,0,62,0
540246,68665520,20,130237399,20,43,2,0,129,0
10805,46531641,20,76165974,20,41,1,0,29,0
335758,91891725,20,101339177,20,49,2,0,109,0
153956,62271363,20,59438720,20,85,0,0,72,0
746889,93378597,20,88393787,20,33,1,0,34,0
1188263,139314597,20,136435105,20,73,5,0,75,0
98185,89795243,20,81724393,20,74,0,0,62,0
68470,58527931,20,57619614,20,36,2,0,54,0
346662,68043563,20,80762104,20,42,0,0,42,0
17646,56693672,20,110247082,20,70,3,0,56,0
680717,93385793,20,98020180,20,65,3,0,46,0
59672,64738751,20,73544922,20,45,2,0,52,0
124789,94332137,20,108763921,20,69,0,0,62,0
277057,94230961,20,95312595,20,48,3,0,43,0
1172963,86752173,20,88532715,20,53,2,0,62,0
313861,82253936,20,89996573,20,43,0,0,62,0
370670,83991425,20,65483625,20,63,3,0,87,0
798555,119406028,20,121697483,20,49,2,0,55,0
71037,88894137,20,72356071,20,44,0,0,59,0
177813,99166164,20,156753142,20,27,0,0,42,0
213496,86828686,20,123050205,20,67,3,0,66,0
927592,91033280,20,108140491,20,47,4,0,95,0
168460,78152290,20,87805077,20,66,0,0,111,0
776491,92685929,20,81790813,20,50,1,0,60,0
374589,76400440,20,52238722,20,33,3,0,67,0
536908,117777972,20,97159816,20,62,9,0,83,0
345550,76386080,20,92346071,20,55,1,0,51,0
77507,81733138,20,115199936,20,69,0,0,48,0
626602,100851674,20,100290883,20,70,2,0,70,0
1081115,108824353,20,100356084,20,58,0,0,100,0
515488,66416458,20,91807218,20,36,0,0,53,0
349224,68973658,20,119648016,20,52,8,0,39,0
86381,98660934,20,130025343,20,46,0,0,52,0
235745,88922422,20,97728585,20,71,0,0,82,0
296954,119456476,20,136789924,20,90,1,0,82,0
549923,123858399,20,124526036,20,65,6,0,64,0
124023,113246701,20,90299331,20,86,1,0,49,0
577386,74290161,20,68107925,20,64,2,0,66,0
360460,115419002,20,70934082,20,58,2,0,104,0
147869,88720616,20,75918701,20,44,2,0,75,0
252501,93323961,20,98261958,20,52,1,0,78,0
582622,92371605,20,77056280,20,34,6,0,59,0
558332,74280805,20,82117696,20,46,1,0,82,0
25297,54326260,20,70981361,20,46,0,0,26,0
184587,103208514,20,106891422,20,58,0,0,62,0
37842,84592143,20,116257792,20,36,4,0,63,0
1307729,68149841,20,148359734,20,70,7,0,47,0
751493,98451354,20,71148026,20,69,6,0,88,0
36425,84304183,20,105746501,20,38,0,0,53,0
240008,86496696,20,70090319,20,45,0,0,61,0
668462,126445821,20,114468299,20,33,5,0,77,0
681340,86372144,20,92176956,20,66,2,0,71,0
46491,99732813,20,49381081,20,44,0,0,72,0
478060,133330614,20,82849464,20,38,1,0,82,0
52092,66335532,20,69872816,20,62,0,0,69,0
90565,80849487,20,99927727,20,68,2,0,99,0
146684,92104177,20,91990565,20,51,3,0,76,0
785240,135593756,20,55952692,20,40,5,0,72,0
551482,102479030,20,120193342,20,79,3,0,45,0
558809,72113447,20,81562762,20,35,0,0,52,0
337276,115793439,20,89695946,20,59,1,0,47,0
7331,65064672,20,128325513,20,46,0,0,51,0
528281,77210162,20,68025927,20,74,2,0,109,0
790492,73202225,20,72244656,20,73,3,0,60,0
445786,54422690,20,95766408,20,41,8,0,70,0
104395,75388984,20,85377140,20,60,1,0,52,0
271731,69619005,20,95474941,20,54,7,0,44,0
509295,88643001,20,79190932,20,38,0,0,46,0
674580,115434435,20,83525659,20,72,4,0,82,0
294439,144311218,20,47874085,20,70,0,0,47,0
975464,97641826,20,98712772,20,41,6,0,82,0
600533,119380746,20,122865528,20,29,1,0,110,0
362188,97951780,20,66823588,20,67,5,0,78,0
967982,132438347,20,74530673,20,56,2,0,71,0
1208136,115259073,20,101900639,20,51,5,0,75,0
314657,71323915,20,85364150,20,53,0,0,61,0
147741,90064991,20,87197380,20,56,0,0,70,0
118206,115252917,20,70648396,20,36,2,0,62,0
1380576,83659330,20,141240952,20,54,12,0,43,0
983729,81007460,20,79156566,20,88,0,0,87,0
40470,79034015,20,124635538,20,36,0,0,113,0
356907,60104183,20,86490724,20,42,3,0,77,0
231441,92715439,20,123584754,20,77,3,0,43,0
518496,106165528,20,62461572,20,41,4,0,61,0
37620,74489034,20,81216028,20,32,0,0,53,0
513465,106743565,20,77059676,20,54,1,0,86,0
41470,91186474,20,76250742,20,52,2,0,41,0
16237,87009719,20,105571100,20,38,2,0,60,0
1003166,96119070,20,97507608,20,139,0,0,81,0
162224,127959031,20,108059026,20,52,0,0,59,0
530722,88959294,20,69471711,20,78,7,0,22,0
520220,105783028,20,61429221,20,90,1,0,32,0
802708,108621489,20,82354112,20,59,4,0,57,0
95291,140471848,20,92127437,20,40,0,0,47,0
577224,82391866,20,67371903,20,52,1,0,52,0
475705,148872541,20,134815994,20,68,6,0,62,0
339701,93698502,20,66208629,20,67,3,0,49,0
112879,71701349,20,115842703,20,42,2,0,76,0
180855,91521456,20,66585180,20,40,0,0,70,0
14759,93524587,20,61764274,20,52,0,0,62,0
648740,100725924,20,100477850,20,51,4,0,102,0
328341,88495831,20,51161039,20,47,3,0,59,0
803061,99647661,20,110176601,20,43,1,0,47,0
162749,83062922,20,62961378,20,41,0,0,37,0
45279,54095513,20,104697527,20,46,0,0,55,0
191578,128099690,20,114785048,20,76,0,0,53,0
157169,92359903,20,87654542,20,62,0,0,73,0
34254,81484627,20,109515313,20,69,0,0,118,0
753600,118905415,20,90806775,20,62,0,0,52,0
211704,90351221,20,72575315,20,94,1,0,33,0
52221,83274257,20,104907241,20,63,1,0,57,0
462430,75076619,20,65983492,20,93,3,0,99,0
523966,101214631,20,89100895,20,58,3,0,74,0
17544,66547679,20,87693271,20,44,0,0,77,0
398573,74979647,20,120857211,20,43,3,0,103,0
1131527,130730531,20,95127283,20,60,2,0,71,0
557733,104049138,20,85392983,20,84,6,0,31,0
383296,96750046,20,69218262,20,54,0,0,62,0
327543,117772753,20,61331623,20,62,0,0,67,0
697738,100156659,20,80691112,20,99,1,0,59,0
545891,104465148,20,108301194,20,65,0,0,64,0
823944,89902762,20,117356961,20,53,6,0,65,0
434531,89268766,20,88594113,20,38,0,0,59,0
409568,106567550,20,59603301,20,38,3,0,68,0
479935,87603635,20,99504540,20,46,2,0,136,0
292563,95509349,20,112408014,20,67,1,0,64,0
635490,54494982,20,85679808,20,52,2,0,49,0
150338,92723347,20,80075150,20,46,0,0,47,0
364021,74416415,20,77295030,20,70,1,0,49,0
225522,150158856,20,74139473,20,56,1,0,46,0
20861,79060053,20,98480250,20,64,2,0,98,0
38272,126474003,20,103780477,20,108,0,0,56,0
995978,134201676,20,84449747,20,60,0,0,76,0
33673,56128207,20,71496568,20,90,1,0,55,0
425272,110953312,20,95252994,20,106,1,0,61,0
1002355,112644786,20,113415032,20,45,8,0,60,0
304491,144196536,20,114507775,20,43,0,0,120,0
254216,64061635,20,66253120,20,84,0,0,51,0
186955,94062115,20,91144666,20,44,1,0,78,0
110586,100895691,20,103131727,20,69,1,0,87,0
42954,128427684,20,100081213,20,67,0,0,65,0
141619,100233431,20,102942272,20,63,1,0,79,0
157960,61361614,20,100486082,20,24,1,0,44,0
384496,97075419,20,107218507,20,59,2,0,61,0
340716,92890428,20,163136028,20,88,3,0,73,0
404949,90724419,20,106101390,20,103,1,0,72,0
137099,104017975,20,80655905,20,47,1,0,55,0
635493,80327075,20,71725292,20,45,0,0,98,0
1400073,95881232,20,136343418,20,65,2,0,73,0
476389,84156686,20,96999675,20,70,2,0,90,0
252484,87689505,20,72320793,20,46,3,0,66,0
124257,108408098,20,69460967,20,60,0,0,54,0
16778,127672453,20,79295667,20,45,0,0,33,0
830648,140191877,20,95228757,20,46,0,0,60,0
322278,97637995,20,95979268,20,69,0,0,48,0
444120,103101756,20,79923585,20,71,3,0,67,0
247250,89750196,20,90975095,20,68,1,0,93,0
185500,109758071,20,77700497,20,88,1,0,42,0
229374,76632770,20,136028310,20,39,1,0,52,0
71589,108715026,20,89633182,20,89,0,0,64,0
179652,108252706,20,112265444,20,51,0,0,93,0
402528,66653677,20,84280894,20,63,1,0,49,0
44357,63785359,20,113922967,20,45,1,0,25,0
992840,79909573,20,93702582,20,49,3,0,84,0
72018,71031886,20,102112729,20,66,1,0,67,0
1533725,109260165,20,58573061,20,66,1,0,98,0
25706,60721735,20,69416158,20,26,0,0,58,0
305893,93975839,20,89212874,20,38,0,0,54,0
200512,107920421,20,67467405,20,45,0,0,31,0
487839,102226385,20,80714558,20,53,0,0,72,0
48962,94601753,20,66968264,20,77,0,0,81,0
392938,108366074,20,88098979,20,47,0,0,41,0
1858741,142418462,20,76935343,20,72,0,0,64,0
170512,74734481,20,91322956,20,55,1,0,61,0
308997,103261195,20,67710887,20,34,0,0,44,0
33790,86648405,20,98550684,20,56,1,0,74,0
19999,100538544,20,101239830,20,37,0,0,72,0
874627,94592152,20,99538178,20,72,10,0,97,0
189167,90851323,20,79465410,20,48,0,0,76,0
257641,66497455,20,125799924,20,59,2,0,70,0
497399,77970449,20,116006023,20,89,6,0,48,0
58012,86864963,20,70816923,20,102,0,0,32,0
101109,85824927,20,94450975,20,82,0,0,39,0
45491,76432030,20,121818393,20,49,0,0,76,0
255193,67951272,20,121417670,20,61,0,0,40,0
203821,67285626,20,69959980,20,47,2,0,83,0
154917,104249705,20,88735684,20,65,0,0,64,0
154134,78581066,20,120872963,20,53,0,0,74,0
359502,67543716,20,66768651,20,66,5,0,90,0
189405,72669839,20,53145953,20,75,1,0,80,0
391784,98439684,20,86485498,20,63,0,0,34,0
24684,109237513,20,69811988,20,30,0,0,72,0
779921,82423261,20,87907297,20,45,0,0,68,0
161162,106535529,20,75862326,20,52,5,0,112,0
172812,96925341,20,78591861,20,51,0,0,66,0
467610,70407100,20,123170235,20,54,0,0,72,0
979195,93083242,20,116561651,20,39,4,0,53,0
187845,101249949,20,97646516,20,44,1,0,105,0
442285,106855669,20,57787088,20,64,0,0,36,0
39712,54307847,20,86254672,20,96,6,0,43,0
256968,101085116,20,69837847,20,61,0,0,55,0
202857,107536538,20,103354966,20,57,0,0,41,0
803942,84642534,20,89489763,20,55,0,0,75,0
1049670,80930319,20,105686619,20,69,5,0,62,0
298588,69692634,20,88414158,20,74,2,0,47,0
267590,79410066,20,107359836,20,59,5,0,115,0
181257,114827996,20,66506673,20,64,2,0,43,0
132002,82059071,20,59768105,20,28,0,0,44,0
658240,80645233,20,117575433,20,44,5,0,69,0
131573,100582885,20,69841112,20,41,0,0,29,0
435283,100047007,20,64713273,20,62,0,0,49,0
230050,40781536,20,100302226,20,40,3,0,45,0
257622,74337021,20,99071253,20,44,0,0,89,0
485537,80303616,20,71591110,20,70,8,0,57,0
1165650,104967775,20,52539219,20,88,4,0,60,0
1366332,124497329,20,90575011,20,123,5,0,66,0
728290,112072082,20,99158302,20,64,4,0,43,0
195830,86389485,20,75124421,20,61,0,0,49,0
6480,62325314,20,90672797,20,85,2,0,64,0
542924,76084479,20,140831863,20,50,5,0,45,0
341549,75158809,20,110535122,20,63,3,0,53,0
17768,92202432,20,99382801,20,48,0,0,42,0
369397,96105707,20,88910096,20,61,0,0,53,0
157850,117572346,20,81628250,20,33,2,0,59,0
665568,79179692,20,105092612,20,37,1,0,50,0
40524,70777067,20,69910094,20,62,0,0,39,0
50310,74473147,20,115328033,20,60,1,0,32,0
491122,79659695,20,77686811,20,68,0,0,77,0
413238,106737264,20,56487392,20,59,0,0,30,0
401326,86063065,20,78991457,20,66,0,0,80,0
194293,74043669,20,94436123,20,58,1,0,46,0
152100,90685032,20,112320778,20,54,0,0,90,0
24900,73932959,20,86691405,20,89,1,0,97,0
963108,89388901,20,99680490,20,37,0,0,77,0
1030619,112237074,20,51948596,20,60,2,0,71,0
120162,105234388,20,75345677,20,47,2,0,47,0
779173,81432268,20,98800972,20,46,8,0,79,0
346354,71308370,20,90357477,20,96,0,0,54,0
274509,113012035,20,97975088,20,75,1,0,32,0
521467,102789692,20,80861712,20,84,3,0,70,0
431158,83059995,20,105001744,20,79,1,0,61,0
561989,70566652,20,143434612,20,41,2,0,106,0
574042,79268854,20,120400760,20,81,1,0,93,0
205025,87251377,20,122997436,20,66,4,0,58,0
301496,121667487,20,60687632,20,75,1,0,60,0
193160,134054120,20,98417877,20,55,1,0,62,0
196544,86337926,20,72511635,20,51,0,0,59,0
99990,76903169,20,78282747,20,63,0,0,62,0
344298,113870634,20,97005232,20,67,3,0,78,0
437050,59719596,20,88128341,20,74,2,0,52,0
549127,81070520,20,59577339,20,51,0,0,63,0
76559,94490310,20,136836034,20,93,0,0,71,0
158150,92732384,20,98182575,20,71,2,0,60,0
451492,74639123,20,76073697,20,50,0,0,52,0
393669,110209197,20,61677493,20,72,3,0,62,0
493161,75127217,20,63663417,20,71,1,0,48,0
273675,81299280,20,96599454,20,47,0,0,77,0
105502,71965490,20,73536224,20,45,0,0,46,0
364869,96254890,20,123566589,20,64,3,0,99,0
652550,84902903,20,87349821,20,91,6,0,82,0
9520,77826221,20,71442050,20,61,0,0,68,0
113915,78391893,20,107022988,20,43,0,0,36,0
523788,67961366,20,75658040,20,70,1,0,73,0
908685,93852614,20,120867495,20,62,2,0,70,0
157442,70203092,20,61639701,20,67,2,0,57,0
409798,94461263,20,82621676,20,47,7,0,52,0
225618,56050260,20,97597020,20,39,1,0,31,0
360475,79352813,20,73543965,20,67,3,0,73,0
93403,74383798,20,68854722,20,48,2,0,83,0
18964,121799218,20,84502928,20,54,0,0,34,0
209393,46803611,20,113634983,20,56,2,0,54,0
1421855,108809828,20,110435292,20,59,11,0,48,0
315655,65943447,20,72793360,20,51,0,0,64,0
349154,128899773,20,86370908,20,79,7,0,54,0
328506,70321900,20,98755222,20,70,2,0,46,0
162914,94479608,20,74242218,20,64,1,0,34,0
492239,63198491,20,94901952,20,39,8,0,90,0
946713,85119795,20,97849110,20,57,4,0,73,0
734681,142742623,20,45193822,20,66,1,0,43,0
1162382,98517881,20,95653973,20,53,3,0,81,0
193204,91624595,20,66877043,20,65,0,0,93,0
592269,104764736,20,86723203,20,64,6,0,65,0
1650200,73100220,20,108513158,20,83,6,0,59,0
48119,51814686,20,91940361,20,26,0,0,87,0
107091,77579044,20,81340397,20,63,0,0,60,0
1291546,82984354,20,62760129,20,48,1,0,83,0
150323,121878180,20,83738223,20,59,4,0,52,0
638594,100464008,20,94462368,20,62,0,0,91,0
180388,71264988,20,106174507,20,37,1,0,112,0
720387,61497337,20,75417727,20,62,4,0,97,0
338840,111118140,20,115185556,20,59,0,0,62,0
172142,79652935,20,90963929,20,74,4,0,59,0
602181,87557070,20,75638408,20,44,3,0,90,0
331479,69731548,20,116964785,20,67,4,0,74,0
274511,113385724,20,65672132,20,72,1,0,62,0
837574,131278280,20,138616259,20,78,3,0,23,0
524465,83248947,20,72382661,20,48,4,0,76,0
381769,67997394,20,71655770,20,66,0,0,36,0
529216,159251384,20,95957404,20,63,3,0,70,0
656396,68294178,20,102658015,20,113,5,0,82,0
43699,126031158,20,74147852,20,41,1,0,98,0
451515,96270239,20,125873443,20,46,3,0,59,0
608058,76547099,20,104396869,20,46,5,0,116,0
55120,82791401,20,91397998,20,46,0,0,79,0
439373,69882568,20,124324885,20,61,4,0,45,0
208308,98421539,20,66828640,20,92,0,0,58,0
173458,112418213,20,56475480,20,43,1,0,61,0
202172,77492547,20,103155045,20,58,0,0,65,0
438021,95461216,20,92721064,20,96,1,0,79,0
10748,95679087,20,107584227,20,54,3,0,54,0
131825,119445835,20,149844010,20,54,0,0,60,0
411536,68550393,20,90708642,20,30,2,0,70,0
66013,117220430,20,83823425,20,113,0,0,45,0
659903,76343355,20,85802215,20,57,0,0,46,0
386730,91315478,20,72524625,20,76,4,0,47,0
430852,88590881,20,88296116,20,88,6,0,29,0
676392,121956169,20,76251135,20,54,0,0,55,0
54224,79606353,20,88335689,20,81,0,0,27,0
218553,99100849,20,117619754,20,64,1,0,40,0
91698,116862023,20,49383567,20,41,0,0,47,0
571288,88234806,20,68924816,20,58,7,0,62,0
88113,69063333,20,53431678,20,54,0,0,75,0
208501,90170958,20,57411068,20,98,0,0,73,0
14647,58376482,20,94607782,20,86,2,0,53,0
37191,151822566,20,99757001,20,27,0,0,34,0
349119,51650921,20,90151426,20,81,3,0,73,0
100379,113282195,20,83834714,20,51,0,0,68,0
213404,75742027,20,40913007,20,57,0,0,51,0
691130,82672416,20,111178753,20,51,4,0,98,0
1110839,118127024,20,85579628,20,60,2,0,54,0
666285,94443244,20,110988638,20,46,1,0,99,0
157033,148926712,20,61159624,20,67,0,0,62,0
1045909,83949747,20,67256766,20,61,2,0,109,0
711262,98651611,20,110027109,20,66,5,0,43,0
447830,70698350,20,80239774,20,89,6,0,70,0
102132,44556781,20,94822824,20,34,1,0,63,0
317625,85536542,20,107177692,20,107,1,0,32,0
201083,67127364,20,69709282,20,55,0,0,83,0
31256,107116743,20,81743201,20,59,4,0,82,0
68996,99617154,20,162987270,20,33,0,0,69,0
170709,124645451,20,122689565,20,29,0,0,98,0
202728,85630606,20,109987029,20,69,0,0,71,0
259606,77393431,20,124136725,20,54,0,0,45,0
685098,67754495,20,131184819,20,37,6,0,97,0
244936,123361383,20,95064145,20,35,1,0,82,0
256607,90229006,20,74982823,20,73,1,0,71,0
731002,90885725,20,85540487,20,76,8,0,44,0
384150,52740325,20,75778093,20,68,3,0,41,0
492347,95605089,20,113626254,20,105,0,0,54,0
417663,97168746,20,78034875,20,67,2,0,80,0
127502,140952128,20,101670963,20,61,2,0,39,0
2072951,92100603,20,138578038,20,62,18,0,63,0
138800,75644647,20,65919094,20,84,1,0,59,0
669255,109346673,20,91684280,20,73,1,0,43,0
282708,133022880,20,98593499,20,55,3,0,50,0
7000,135799572,20,124588529,20,39,2,0,58,0
466958,106313876,20,92434599,20,58,0,0,32,0
548309,62079220,20,107866183,20,69,0,0,98,0
248652,76183640,20,86796467,20,78,0,0,90,0
52345,95781448,20,106271594,20,87,0,0,74,0
81576,117742886,20,91371625,20,53,1,0,104,0
1336042,75039126,20,93644459,20,69,5,0,51,0
1113163,101790602,20,120198535,20,57,7,0,92,0
13228,95403391,20,68857896,20,69,0,0,64,0
41960,85467775,20,83803864,20,45,0,0,55,0
32145,83425355,20,64045669,20,66,0,0,74,0
14790,78498556,20,79177616,20,38,0,0,87,0
908938,118904496,20,80417377,20,98,4,0,55,0
467904,78206310,20,108109554,20,47,4,0,74,0
336752,76388251,20,100677665,20,46,2,0,28,0
94374,100579105,20,92378819,20,61,0,0,35,0
1527980,90774045,20,59076175,20,30,0,0,76,0
185027,99351152,20,114524312,20,63,0,0,69,0
73130,66362359,20,88156143,20,50,1,0,63,0
261537,111231449,20,94576613,20,70,0,0,46,0
735537,106589202,20,141421570,20,59,0,0,71,0
278242,63656822,20,74385686,20,84,3,0,34,0
293952,73987863,20,85434221,20,91,3,0,100,0
78738,80591859,20,80979936,20,52,2,0,34,0
102388,79132368,20,71280223,20,59,2,0,74,0
188590,80481664,20,77433546,20,33,2,0,54,0
287569,130084175,20,124625965,20,53,1,0,45,0
958616,89394545,20,71000638,20,90,0,0,54,0
93000,85211470,20,130019121,20,36,0,0,58,0
440373,132845415,20,110775226,20,44,1,0,81,0
773654,82756786,20,81236809,20,94,5,0,67,0
1504873,86360993,20,77278442,20,53,4,0,55,0
829910,114747140,20,111901085,20,60,2,0,52,0
950185,101033852,20,101487292,20,49,0,0,39,0
300310,62307714,20,92790686,20,70,1,0,70,0
359640,141377430,20,110856084,20,75,2,0,55,0
152647,89722219,20,111085489,20,32,0,0,68,0
204809,111217284,20,96506484,20,55,0,0,40,0
439861,104791688,20,131004454,20,51,1,0,54,0
254525,93583238,20,128654742,20,72,1,0,59,0
1379110,109876040,20,81255771,20,74,3,0,45,0
656915,67218003,20,105038057,20,76,5,0,55,0
484471,108640076,20,103558724,20,72,2,0,60,0
330478,102207286,20,117401035,20,75,5,0,73,0
405538,77956548,20,137326057,20,75,2,0,39,0
1056939,91878057,20,124214400,20,59,1,0,46,0
1144777,76019427,20,102102929,20,52,8,0,91,0
422851,66627033,20,94324396,20,77,0,0,83,0
781394,99971583,20,84986934,20,81,4,0,40,0
840168,127364830,20,50039660,20,63,1,0,54,0
1191094,84694299,20,78124138,20,74,7,0,77,0
49940,78836774,20,71246779,20,60,0,0,82,0
49090,93467836,20,51720879,20,54,0,0,60,0
56355,75151634,20,82633814,20,62,1,0,75,0
564937,124126547,20,121996339,20,48,2,0,73,0
191707,65298383,20,67861011,20,41,2,0,31,0
318928,124124433,20,106357257,20,70,2,0,39,0
23287,54285707,20,120875782,20,38,4,0,76,0
188792,88539935,20,68768692,20,56,3,0,49,0
652647,82939737,20,105303305,20,37,3,0,80,0
364298,126198090,20,80829747,20,49,0,0,58,0
266874,98332968,20,100939277,20,95,4,0,98,0
699604,86863589,20,121478710,20,79,8,0,81,0
930712,90388790,20,109784256,20,51,6,0,49,0
280596,78325280,20,74218745,20,64,2,0,81,0
1301883,96276124,20,88795552,20,43,8,0,87,0
681244,67974338,20,102444358,20,68,6,0,50,0
927620,68218156,20,97066301,20,96,3,0,124,0
815749,82973248,20,100428109,20,73,1,0,87,0
181093,76701857,20,59724573,20,28,0,0,74,0
190456,146364571,20,88534816,20,28,1,0,73,0
74057,90456352,20,53859015,20,72,1,0,69,0
769849,86688422,20,104974829,20,52,5,0,62,0
134796,120677795,20,87706181,20,41,2,0,59,0
77600,132620778,20,68294867,20,66,0,0,50,0
729979,88195275,20,106958608,20,57,1,0,55,0
223437,75042272,20,118975674,20,98,0,0,53,0
157658,103822350,20,121638289,20,44,1,0,53,0
13018,86303917,20,76605942,20,53,1,0,43,0
236077,116892801,20,92432960,20,81,1,0,61,0
721762,85285814,20,72352829,20,60,0,0,50,0
319205,78748993,20,85555725,20,80,1,0,70,0
194348,112038535,20,75552933,20,57,0,0,54,0
252573,64798245,20,93740534,20,54,0,0,60,0
190888,132747501,20,75179864,20,33,2,0,39,0
98062,60977243,20,126176939,20,56,0,0,58,0
441209,73788108,20,67950702,20,55,6,0,74,0
873347,139420793,20,127371648,20,60,0,0,59,0
448488,80451714,20,124775538,20,23,1,0,46,0
249635,68799315,20,102232312,20,62,0,0,29,0
729812,73195366,20,82242769,20,67,7,0,61,0
369580,65820811,20,95700472,20,33,0,0,64,0
120903,121117478,20,82679470,20,80,0,0,43,0
1186692,100711986,20,92664522,20,52,7,0,60,0
129935,53658519,20,89784955,20,54,1,0,62,0
232981,74171549,20,119543360,20,36,1,0,67,0
267552,90851835,20,86043191,20,65,0,0,80,0
1300882,143195494,20,80722732,20,49,4,0,42,0
110556,86987732,20,95890865,20,46,1,0,76,0
482415,100630721,20,93222997,20,28,2,0,59,0
511809,111667974,20,94776461,20,57,4,0,69,0
8790,48549896,20,102447753,20,84,0,0,43,0
447743,92653200,20,133038366,20,59,0,0,60,0
371606,112356351,20,86356777,20,51,1,0,62,0
1212352,89629765,20,80388516,20,48,1,0,66,0
199681,91315765,20,135345023,20,43,1,0,45,0
176384,97068891,20,120395894,20,47,0,0,43,0
42279,106231997,20,89847336,20,57,3,0,35,0
430364,123432185,20,94619610,20,40,1,0,55,0
169068,68591591,20,101212841,20,74,0,0,76,0
220262,135517503,20,97708681,20,72,2,0,76,0
163555,98227562,20,73274564,20,38,0,0,102,0
305500,106701679,20,54425483,20,94,0,0,42,0
233773,40459628,20,58019695,20,82,3,0,55,0
165597,75721243,20,98714893,20,71,0,0,57,0
245221,78623727,20,67673721,20,71,0,0,73,0
1134079,107609191,20,111947677,20,76,1,0,82,0
358921,116724359,20,85240841,20,76,0,0,56,0
291297,132598996,20,81798788,20,35,1,0,120,0
745712,66995333,20,74728278,20,62,2,0,66,0
543731,94089560,20,82507075,20,87,1,0,44,0
136913,87943716,20,101413439,20,88,0,0,75,0
626628,103222236,20,93875467,20,50,3,0,49,0
293970,116181685,20,103200847,20,68,4,0,69,0
375201,73018351,20,145216819,20,124,2,0,53,0
167014,149184400,20,87012364,20,37,4,0,41,0
852841,106785918,20,103438952,20,65,0,0,78,0
158759,100645751,20,80535381,20,57,0,0,57,0
333898,128999687,20,63709200,20,58,1,0,68,0
822580,91826290,20,96448637,20,73,4,0,76,0
263380,81692019,20,86679883,20,92,1,0,106,0
77400,64069850,20,77155223,20,35,0,0,45,0
466620,92727591,20,84155158,20,59,3,0,53,0
470167,74124909,20,103678879,20,71,2,0,73,0
117006,80316062,20,92024268,20,47,1,0,64,0
599754,95251686,20,91176529,20,76,1,0,73,0
109707,82665343,20,138373314,20,108,1,0,33,0
63213,85712780,20,90081703,20,109,1,0,35,0
758742,61575593,20,93311405,20,54,4,0,75,0
625805,100267169,20,67459437,20,50,1,0,64,0
563388,82080467,20,100761348,20,51,6,0,39,0
725829,126716303,20,54583969,20,63,3,0,46,0
1149420,99692367,20,104874743,20,56,5,0,49,0
359987,67903304,20,79746803,20,59,0,0,98,0
9014,96249023,20,94836271,20,31,0,0,85,0
201291,90953748,20,105886897,20,59,1,0,59,0
19558,126741189,20,75502965,20,89,1,0,60,0
484148,128597387,20,114712123,20,73,0,0,64,0
413100,51211881,20,99548747,20,64,1,0,36,0
572261,57608212,20,86886909,20,67,1,0,58,0
181180,77367100,20,73631024,20,51,0,0,77,0
583368,68034975,20,76434150,20,45,2,0,30,0
136226,75892644,20,80657587,20,61,1,0,46,0
409885,50590204,20,69134607,20,65,2,0,54,0
505650,87823714,20,53034137,20,70,1,0,66,0
346652,96573097,20,136831964,20,33,0,0,81,0
754058,85915149,20,85042719,20,60,2,0,56,0
25858,46516203,20,91740031,20,59,3,0,47,0
150433,103787426,20,79301212,20,48,0,0,48,0
626693,106593197,20,95246825,20,48,2,0,39,0
564215,95646762,20,106351137,20,40,6,0,69,0
326598,68961903,20,102098613,20,70,2,0,66,0
270476,60519518,20,100080154,20,51,2,0,56,0
41030,80644149,20,75615977,20,33,4,0,49,0
518732,59705813,20,124175486,20,29,0,0,53,0
68597,90142393,20,81305547,20,123,5,0,96,0
901888,89070552,20,100562956,20,50,3,0,100,0
57481,77348772,20,70225701,20,79,0,0,55,0
235815,59062193,20,93523980,20,82,3,0,89,0
340384,89534928,20,85083562,20,62,5,0,56,0
154552,82337508,20,84172509,20,79,2,0,57,0
653295,59990024,20,90087520,20,45,6,0,61,0
715562,86482051,20,111656867,20,57,2,0,64,0
442427,85351838,20,82612561,20,116,2,0,73,0
625651,87410063,20,100640765,20,70,2,0,49,0
335399,63067180,20,121164604,20,27,0,0,97,0
742869,69916446,20,81022783,20,73,2,0,44,0
434129,90133726,20,89236216,20,43,1,0,60,0
184039,72399456,20,77897664,20,39,0,0,40,0
247247,47013145,20,87335106,20,64,2,0,70,0
239619,80813043,20,133778757,20,82,4,0,44,0
223629,86221352,20,60100164,20,57,0,0,66,0
290876,89249888,20,86126691,20,60,0,0,92,0
381560,111565932,20,68733294,20,93,2,0,40,0
575963,98299152,20,63370395,20,55,0,0,51,0
818384,75907168,20,79313232,20,55,8,0,130,0
522938,109127983,20,122698378,20,50,11,0,67,0
1324890,104248700,20,120614603,20,52,8,0,62,0
465653,100116522,20,104077823,20,71,7,0,50,0
242903,60841221,20,97122670,20,112,0,0,50,0
188989,58637518,20,109933782,20,69,0,0,68,0
286088,71778232,20,71670264,20,71,1,0,66,0
18043,95539567,20,102986133,20,55,0,0,71,0
804057,106498617,20,88860910,20,67,7,0,53,0
165435,91239654,20,85097211,20,74,2,0,78,0
352344,84069680,20,73601515,20,59,0,0,62,0
172747,105544005,20,66176505,20,96,1,0,78,0
188278,62235341,20,107717360,20,42,2,0,58,0
388895,161835019,20,124068946,20,37,0,0,69,0
1190162,88322233,20,105019068,20,66,2,0,102,0
192235,86441575,20,85426598,20,84,2,0,93,0
929599,94899282,20,82324993,20,38,4,0,55,0
669041,79146048,20,111573276,20,72,0,0,50,0
190014,120565452,20,77353387,20,78,0,0,59,0
211310,88695088,20,57902355,20,113,3,0,69,0
488261,80293061,20,80751267,20,46,3,0,84,0
780930,119502635,20,82577658,20,35,3,0,43,0
50858,70925451,20,88674304,20,44,0,0,70,0
806199,76718683,20,98308610,20,45,4,0,43,0
1228412,116933120,20,141375442,20,51,0,0,95,0
823590,123620438,20,112353251,20,37,1,0,58,0
259137,84136478,20,77956269,20,41,0,0,49,0
262488,112508775,20,152195137,20,38,0,0,89,0
180285,88809665,20,77171793,20,37,0,0,52,0
423081,67779850,20,74267524,20,62,3,0,70,0
572263,94290384,20,71441301,20,48,9,0,70,0
272280,116293834,20,88967566,20,58,0,0,87,0
207944,81118876,20,88675838,20,57,0,0,71,0
923300,79053606,20,109113750,20,93,7,0,28,0
519222,83236387,20,114973294,20,59,3,0,53,0
568960,79399650,20,74487989,20,78,3,0,105,0
430232,131304130,20,60844612,20,33,0,0,81,0
888142,136158726,20,134166488,20,52,0,0,75,0
382475,114303471,20,79851921,20,35,0,0,97,0
439491,95027504,20,123028285,20,146,0,0,89,0
556405,108835771,20,94603301,20,56,3,0,85,0
160453,103941295,20,107067850,20,56,1,0,73,0
304848,87935445,20,87049987,20,50,2,0,40,0
927924,101005020,20,74354398,20,47,3,0,54,0
461022,108663382,20,77547453,20,77,1,0,55,0
134810,65445332,20,60226838,20,59,2,0,87,0
53855,67643061,20,111668120,20,54,2,0,40,0
229367,109590611,20,109546496,20,61,0,0,65,0
729687,113582045,20,101542078,20,92,0,0,63,0
219151,87979414,20,89330041,20,47,0,0,67,0
25440,74117117,20,95065704,20,52,0,0,58,0
756263,97906548,20,107430961,20,72,3,0,69,0
348917,84676904,20,60295655,20,57,0,0,71,0
1196952,69732483,20,91703714,20,87,6,0,87,0
21833,102793624,20,82968435,20,54,0,0,48,0
660029,76767418,20,58543295,20,40,6,0,68,0
1040219,122346446,20,105462096,20,58,10,0,70,0
803828,105042306,20,91771860,20,47,4,0,72,0
778843,128180211,20,107019007,20,47,2,0,39,0
143638,97487143,20,77214955,20,47,0,0,50,0
673961,121714469,20,110292828,20,82,0,0,50,0
230279,86133258,20,82576198,20,87,1,0,60,0
295459,78602780,20,52502464,20,86,2,0,104,0
174034,70361908,20,108620839,20,51,2,0,73,0
13504,61288075,20,56259974,20,51,4,0,68,0
289451,91402532,20,80392339,20,78,1,0,70,0
611800,100663299,20,98783033,20,57,1,0,53,0
249853,93232068,20,107639384,20,47,0,0,106,0
526720,90520601,20,62404473,20,93,1,0,79,0
516172,112325886,20,74876961,20,55,3,0,60,0
138793,52572147,20,95038580,20,83,0,0,38,0
12941,79812599,20,77102956,20,68,1,0,36,0
79582,85454949,20,74706524,20,69,1,0,41,0
488215,69698140,20,123756999,20,58,0,0,49,0
191977,102480990,20,58690294,20,54,0,0,50,0
99931,83500941,20,97149753,20,52,0,0,31,0
686455,58712304,20,82947010,20,49,1,0,45,0
94617,97060287,20,75609216,20,47,4,0,39,0
531760,101473133,20,97505365,20,67,3,0,73,0
242987,125942869,20,72182446,20,98,1,0,40,0
277522,92695784,20,99802531,20,68,0,0,57,0
115354,52179665,20,105600109,20,56,0,0,55,0
512564,110899272,20,73282272,20,77,4,0,48,0
786797,95353018,20,94954605,20,36,1,0,47,0
21894,82837889,20,57598218,20,70,0,0,52,0
654765,102406086,20,87778235,20,64,0,0,68,0
129601,85739561,20,151890590,20,48,6,0,58,0
564285,84286783,20,118072823,20,51,1,0,44,0
369993,82233191,20,63912286,20,64,0,0,87,0
55036,95577907,20,93078561,20,65,0,0,40,0
457723,75647690,20,85874950,20,46,1,0,85,0
506335,109453975,20,113197267,20,63,4,0,120,0
148531,54327954,20,103067647,20,24,4,0,74,0
156479,96256148,20,89741832,20,67,6,0,91,0
139140,79154959,20,86849739,20,28,1,0,101,0
79442,147901718,20,103831229,20,52,0,0,49,0
709366,107308238,20,99939600,20,43,3,0,54,0
1195699,135265622,20,88924880,20,48,6,0,59,0
5601,84015917,20,86267203,20,120,1,0,40,0
449755,67893873,20,104473873,20,68,2,0,28,0
489318,64142661,20,80473144,20,39,4,0,69,0
721266,93673393,20,67005579,20,53,5,0,38,0
501018,84124322,20,85028383,20,63,1,0,50,0
27760,110696489,20,84732386,20,30,0,0,66,0
241491,98077595,20,85684363,20,56,0,0,54,0
318943,78490844,20,66796129,20,56,0,0,70,0
191086,64391273,20,121545073,20,78,1,0,85,0
470371,100373864,20,70702086,20,70,1,0,43,0
43669,81756860,20,67020912,20,60,0,0,76,0
322005,97779436,20,117944363,20,66,4,0,40,0
97885,115328791,20,97043912,20,107,0,0,73,0
132340,86088847,20,117096288,20,54,2,0,43,0
545869,68556167,20,99427937,20,52,1,0,90,0
601338,61561667,20,116753597,20,55,2,0,47,0
378569,86471363,20,78765731,20,47,0,0,122,0
196692,83692301,20,102408539,20,76,0,0,34,0
354834,90955845,20,87640154,20,45,1,0,54,0
229941,113856408,20,69849509,20,49,1,0,88,0
516823,126016490,20,122955442,20,51,4,0,41,0
336695,99864229,20,134883643,20,83,1,0,76,0
429475,119955606,20,88410840,20,62,10,0,66,0
475755,134277113,20,63682176,20,30,2,0,63,0
393903,86353811,20,82933285,20,97,5,0,68,0
217895,81159575,20,115528615,20,51,3,0,46,0
534415,75338236,20,123516961,20,59,4,0,40,0
228792,98100989,20,90560346,20,59,3,0,85,0
176177,112026562,20,75410965,20,67,2,0,67,0
479371,83381181,20,63368740,20,66,0,0,54,0
80248,84394756,20,104125360,20,40,1,0,63,0
357617,50407620,20,97597070,20,23,3,0,52,0
600540,79121116,20,116614181,20,56,3,0,66,0
419496,103610537,20,88396048,20,48,3,0,83,0
706920,70706105,20,93996543,20,41,0,0,80,0
1136075,93681078,20,115389679,20,49,7,0,66,0
511917,85924665,20,101895791,20,72,3,0,85,0
97079,98267762,20,82763696,20,22,1,0,95,0
504831,88381040,20,98645857,20,35,8,0,76,0
521133,101106532,20,81042177,20,97,1,0,71,0
257252,60355888,20,104147895,20,43,0,0,67,0
120729,83076351,20,74064116,20,61,0,0,72,0
165542,88167894,20,86589718,20,55,1,0,74,0
247658,94067778,20,120622376,20,65,1,0,56,0
349563,137110856,20,114668502,20,52,1,0,67,0
391392,123038919,20,74712152,20,44,0,0,62,0
154719,73196561,20,81534228,20,88,0,0,39,0
56688,79680017,20,63455144,20,63,0,0,30,0
246175,64193927,20,86604512,20,40,3,0,38,0
180252,79723618,20,99640885,20,37,0,0,51,0
410666,122249075,20,82715969,20,48,5,0,37,0
554770,108413175,20,55849896,20,37,2,0,97,0
654953,96134393,20,66843957,20,43,0,0,94,0
256696,81182262,20,118551401,20,67,0,0,107,0
356610,71480227,20,83345322,20,42,0,0,102,0
347704,87546807,20,110207731,20,31,3,0,65,0
341883,69445482,20,124652277,20,91,1,0,50,0
278216,77104024,20,94232685,20,78,0,0,35,0
112490,81878081,20,98773962,20,69,0,0,72,0
382869,101783802,20,76369346,20,92,1,0,35,0
265208,76369536,20,83614407,20,41,0,0,45,0
255599,129856023,20,108773499,20,88,2,0,87,0
282757,99665412,20,111831608,20,42,2,0,83,0
90795,105047064,20,105062688,20,32,0,0,48,0
428594,128757484,20,54969145,20,43,1,0,112,0
216304,103021899,20,83417954,20,46,2,0,79,0
92612,118810796,20,114615775,20,68,4,0,76,0
305998,88969176,20,100331066,20,46,1,0,104,0
165567,69402986,20,84574461,20,65,2,0,62,0
329743,77101429,20,95674608,20,38,2,0,70,0
889748,90986972,20,141477763,20,57,6,0,58,0
968128,70517523,20,80183997,20,58,4,0,65,0
265245,113128551,20,95707774,20,60,4,0,76,0
41231,84857989,20,96392164,20,76,0,0,58,0
10391,112850596,20,93561866,20,34,0,0,45,0
1043439,114730932,20,81000205,20,64,0,0,50,0
954087,109335314,20,76054730,20,73,5,0,58,0
8203,84168510,20,103539860,20,88,2,0,66,0
319726,73443711,20,103729085,20,65,0,0,97,0
194786,71202502,20,84644029,20,27,2,0,53,0
720226,108968524,20,80239989,20,85,2,0,54,0
369111,65441278,20,96637837,20,78,4,0,82,0
265196,79802159,20,86342819,20,41,0,0,54,0
311555,117257548,20,95742025,20,48,1,0,57,0
1385125,102799148,20,64095485,20,106,7,0,56,0
223545,107266978,20,101203264,20,62,0,0,78,0
421787,56440366,20,66738467,20,59,0,0,97,0
290363,97720539,20,76765825,20,63,3,0,58,0
15915,62253560,20,115590122,20,58,1,0,47,0
337224,106510619,20,72528290,20,39,1,0,53,0
318107,98152088,20,103513094,20,54,0,0,56,0
1097467,173313710,20,88028976,20,64,3,0,183,0
151982,81922279,20,88912307,20,72,1,0,90,0
127316,51275637,20,57481526,20,39,0,0,37,0
408115,78973665,20,92529654,20,54,6,0,60,0
281407,64405751,20,102044056,20,97,0,0,47,0
462204,89296452,20,107707252,20,55,3,0,46,0
182657,97336887,20,87445295,20,69,2,0,67,0
158539,74539392,20,60557789,20,18,4,0,68,0
33197,47031492,20,107312657,20,89,1,0,55,0
87267,58814648,20,118642179,20,73,1,0,58,0
236390,77621990,20,74304009,20,47,0,0,58,0
422911,57487787,20,116305050,20,76,4,0,67,0
341627,99149283,20,86857482,20,42,4,0,73,0
597498,85974510,20,151961769,20,42,4,0,80,0
192907,74469547,20,90670410,20,64,1,0,83,0
151400,57921217,20,78674640,20,34,2,0,46,0
179780,59354150,20,73386935,20,55,0,0,65,0
28292,98852854,20,106177496,20,37,0,0,98,0
302914,125205792,20,105361320,20,76,1,0,101,0
49180,57363102,20,71583382,20,44,0,0,106,0
184685,112981796,20,91656009,20,89,0,0,53,0
386720,80233717,20,97871629,20,56,4,0,70,0
179010,92128047,20,62130271,20,91,2,0,50,0
501545,92453255,20,65016439,20,102,0,0,50,0
69970,52620916,20,79964731,20,77,0,0,88,0
264740,88128375,20,93217913,20,84,0,0,56,0
474463,89124178,20,76591671,20,73,1,0,80,0
530284,125406816,20,126944854,20,62,0,0,86,0
328724,79133615,20,104171738,20,71,0,0,59,0
156698,95170490,20,58932723,20,50,5,0,89,0
101362,63112114,20,107196923,20,84,2,0,107,0
715414,142989826,20,86955957,20,50,1,0,73,0
383042,69843247,20,69951693,20,29,1,0,43,0
7902,72079506,20,76185353,20,64,0,0,66,0
323695,81258563,20,97521266,20,59,1,0,116,0
657264,88829373,20,97733622,20,58,6,0,75,0
771851,87949816,20,129030290,20,72,0,0,59,0
643219,104075484,20,84488186,20,102,3,0,65,0
98180,66235416,20,81907027,20,34,0,0,74,0
104826,49372448,20,106182158,20,73,1,0,46,0
450727,89607695,20,111395248,20,44,2,0,81,0
271012,67172972,20,85403887,20,28,2,0,60,0
570660,97093576,20,69022839,20,39,8,0,45,0
302181,105509280,20,93834479,20,61,1,0,74,0
367646,82828804,20,82531746,20,83,1,0,57,0
374806,78236681,20,100212141,20,45,0,0,50,0
69240,98508654,20,69940488,20,61,0,0,36,0
179739,119652932,20,82488440,20,28,2,0,90,0
28377,101324971,20,67654748,20,47,0,0,61,0
1150468,90878130,20,138580152,20,73,4,0,54,0
742853,77752914,20,107694145,20,55,0,0,50,0
792140,88268664,20,111806436,20,84,7,0,38,0
121047,84151716,20,83918893,20,63,0,0,80,0
326477,80223362,20,115885350,20,59,1,0,79,0
661050,88263713,20,70656993,20,73,3,0,48,0
328818,58692759,20,112587271,20,62,0,0,82,0
880040,130540608,20,76416471,20,77,0,0,61,0
647707,114127601,20,83894717,20,48,5,0,80,0
782147,93719575,20,85264790,20,70,4,0,63,0
33644,93528347,20,84217491,20,57,0,0,65,0
100294,68949687,20,85588531,20,42,0,0,62,0
198394,79620185,20,94137893,20,60,3,0,81,0
298069,107731243,20,94231636,20,67,0,0,71,0
610786,87816082,20,123885413,20,36,4,0,84,0
267031,122550483,20,106027739,20,50,0,0,21,0
141197,101163251,20,69763568,20,57,1,0,51,0
284758,101574975,20,64494936,20,52,1,0,53,0
456930,68439289,20,69207673,20,59,6,0,52,0
649913,102957760,20,123465835,20,84,8,0,56,0
715420,76324448,20,89750069,20,102,7,0,47,0
206504,80651447,20,55431056,20,54,0,0,60,0
265473,55222782,20,97209282,20,47,3,0,37,0
474229,103907462,20,69822923,20,19,1,0,65,0
229823,84829938,20,90304311,20,69,1,0,35,0
193842,77641572,20,89013502,20,75,0,0,45,0
101652,96132563,20,90301747,20,64,1,0,56,0
162420,62242909,20,90861500,20,51,0,0,50,0
102918,113104331,20,84733774,20,85,4,0,44,0
66782,58217995,20,89636265,20,68,3,0,71,0
450344,85560530,20,107077586,20,42,1,0,71,0
463089,97591488,20,106919733,20,40,5,0,51,0
527741,108328893,20,112121491,20,49,2,0,98,0
733615,99343071,20,93870909,20,69,2,0,36,0
564362,84707473,20,90632828,20,82,3,0,155,0
397118,83066110,20,101630860,20,73,3,0,48,0
252867,77493283,20,77091763,20,76,0,0,97,0
97768,69226626,20,95993995,20,58,0,0,94,0
397563,68239893,20,60190842,20,85,3,0,111,0
243147,63144084,20,118716191,20,40,6,0,53,0
876857,81417380,20,75288756,20,68,0,0,60,0
592014,85708196,20,68513315,20,78,6,0,83,0
730936,106358408,20,60191270,20,60,2,0,69,0
488855,103806491,20,80884365,20,59,0,0,65,0
65150,79705553,20,71670890,20,59,0,0,48,0
331342,98977228,20,82040566,20,74,0,0,74,0
365456,75325062,20,71472939,20,48,1,0,55,0
176493,74543661,20,102610866,20,64,0,0,63,0
286374,96995889,20,128342003,20,60,0,0,42,0
663023,99004750,20,71511293,20,73,1,0,55,0
845105,85677028,20,102958605,20,60,0,0,63,0
39702,87824212,20,73017353,20,20,0,0,44,0
101536,102946780,20,119199970,20,99,1,0,53,0
249648,81841049,20,108649534,20,52,2,0,63,0
496376,74655402,20,128791068,20,133,6,0,52,0
383746,126287454,20,66488424,20,46,0,0,66,0
207573,77816934,20,115238841,20,57,0,0,43,0
128617,96330001,20,52930788,20,120,3,0,52,0
200643,77750220,20,97510183,20,55,1,0,69,0
398489,111778122,20,80557900,20,78,4,0,86,0
295894,90227110,20,68773012,20,52,1,0,151,0
60766,77108342,20,58963389,20,39,0,0,34,0
204844,102487729,20,101924715,20,34,1,0,86,0
304835,96261477,20,81849695,20,83,1,0,73,0
138130,76319159,20,95381997,20,61,2,0,52,0
619418,128459609,20,99604945,20,42,0,0,74,0
309575,85329094,20,104649168,20,60,0,0,51,0
324096,92372382,20,67184176,20,59,4,0,80,0
380634,85117673,20,74415322,20,88,1,0,47,0
240273,109000145,20,69351950,20,53,0,0,45,0
627129,131027702,20,94981310,20,57,1,0,52,0
786399,95275001,20,106120341,20,68,3,0,64,0
325464,99479799,20,65158922,20,85,1,0,49,0
442751,72449973,20,115732979,20,56,1,0,86,0
540396,124184633,20,78978795,20,42,0,0,77,0
108698,78480750,20,59070917,20,64,0,0,69,0
112645,83578115,20,105795216,20,50,1,0,98,0
25404,100184253,20,114544105,20,71,2,0,57,0
202315,61066945,20,74261879,20,86,2,0,71,0
248875,87392610,20,74717324,20,42,6,0,45,0
268238,78166625,20,82532704,20,60,2,0,41,0
187867,63595940,20,107638428,20,84,0,0,33,0
270917,159339659,20,117149504,20,49,0,0,62,0
353808,103993354,20,134439215,20,84,5,0,60,0
198299,67315200,20,76564581,20,56,1,0,60,0
222752,98178519,20,83421382,20,73,0,0,55,0
553809,72344273,20,90245901,20,66,3,0,67,0
374927,72187052,20,84380159,20,68,1,0,66,0
773649,114081074,20,102523383,20,73,2,0,85,0
807444,105504317,20,67651829,20,39,2,0,30,0
229059,79082095,20,122345463,20,82,2,0,79,0
283080,100105382,20,85497713,20,105,2,0,59,0
181049,114934741,20,64856859,20,51,1,0,49,0
373137,119073093,20,139487294,20,64,1,0,57,0
212698,82670061,20,47293331,20,65,1,0,69,0
92709,57896267,20,96732191,20,67,5,0,45,0
534588,49742242,20,110296411,20,85,5,0,68,0
387520,84690371,20,85912580,20,77,3,0,35,0
46792,88700534,20,97071243,20,73,0,0,77,0
564381,107063474,20,95354692,20,84,0,0,26,0
355712,90879139,20,71321592,20,56,3,0,30,0
139862,83784103,20,88082953,20,48,0,0,50,0
1143668,81502513,20,102964333,20,102,4,0,63,0
877400,85310508,20,100773539,20,44,6,0,93,0
1662049,80251786,20,100509430,20,68,6,0,28,0
170902,81460995,20,78963984,20,70,0,0,33,0
564820,77233953,20,67282569,20,67,1,0,103,0
466530,71805051,20,79620394,20,74,2,0,64,0
94768,108526853,20,87577337,20,50,3,0,62,0
863916,112920974,20,79106241,20,95,3,0,75,0
169561,119968221,20,100941632,20,67,0,0,69,0
11737,61859581,20,77385190,20,34,0,0,43,0
233858,121560594,20,90688282,20,79,2,0,41,0
511686,74644566,20,92800588,20,47,0,0,64,0
386291,82197959,20,64036654,20,70,3,0,50,0
486672,106394254,20,107743585,20,62,0,0,71,0
159871,92435086,20,82681837,20,97,0,0,34,0
809142,64433550,20,111378780,20,35,1,0,75,0
207269,134049738,20,71335015,20,47,5,0,55,0
542311,102039286,20,94410152,20,64,3,0,53,0
942836,146729976,20,105355587,20,53,4,0,90,0
714852,95751719,20,101113539,20,79,5,0,36,0
858764,56598038,20,141183718,20,61,4,0,65,0
401285,111018535,20,79735108,20,38,4,0,35,0
66162,62281789,20,101423084,20,48,0,0,59,0
168422,96779182,20,67513778,20,90,6,0,60,0
419254,105507031,20,98443411,20,118,4,0,52,0
23342,81114380,20,120760844,20,42,1,0,83,0
95459,62885948,20,95594129,20,67,1,0,67,0
331376,95922090,20,125288983,20,88,3,0,39,0
443523,77932029,20,83014165,20,64,0,0,55,0
75112,90128149,20,84928904,20,58,0,0,41,0
4616,119022076,20,95568423,20,79,0,0,65,0
127655,110949202,20,106288920,20,79,6,0,61,0
283987,71016167,20,69981739,20,78,1,0,44,0
759118,79022603,20,126815584,20,58,4,0,49,0
385716,88445314,20,103141617,20,61,0,0,102,0
325577,80929923,20,79107487,20,52,5,0,67,0
307326,122813573,20,67118148,20,43,3,0,42,0
517970,93722257,20,107542603,20,53,4,0,32,0
438932,54635292,20,109934660,20,46,2,0,43,0
126568,96533472,20,98612958,20,65,0,0,75,0
362955,89495715,20,112890211,20,53,0,0,61,0
596235,96334383,20,75526495,20,93,2,0,69,0
123417,89837786,20,114090434,20,51,0,0,51,0
310040,124425107,20,109104809,20,72,0,0,56,0
158648,89118234,20,69632021,20,54,0,0,57,0
1104271,100901140,20,84736035,20,49,2,0,67,0
221143,97876867,20,79403307,20,42,1,0,87,0
486912,75876600,20,103172171,20,47,2,0,44,0
1021186,129967556,20,93174672,20,77,5,0,64,0
1782772,115345618,20,81082931,20,48,6,0,75,0
201430,70035030,20,103821152,20,125,0,0,74,0
28915,104943308,20,80391757,20,39,1,0,73,0
128130,105555938,20,119781590,20,52,2,0,51,0
8763,86774122,20,105956342,20,48,0,0,48,0
506808,140876139,20,87307270,20,45,7,0,95,0
211789,85160056,20,77568293,20,54,0,0,79,0
398095,87744972,20,55171982,20,70,2,0,73,0
225177,106922206,20,80544421,20,130,1,0,69,0
30427,54600554,20,81281380,20,52,0,0,70,0
1012355,113112174,20,100000481,20,47,4,0,110,0
360724,71421515,20,110721839,20,61,1,0,43,0
487448,56274500,20,94386923,20,66,1,0,127,0
562185,71875216,20,92195463,20,84,7,0,53,0
126657,89537653,20,112839442,20,74,2,0,56,0
311410,117712993,20,85496978,20,45,2,0,71,0
360161,74399957,20,59659068,20,64,0,0,61,0
826295,111667236,20,82329983,20,50,0,0,53,0
