66385,1020272,10,1291287,10
54892,1584167,10,1454421,10
9097,485766,10,1610034,10
4499,1673804,10,2254215,10
39228,1346812,10,2351867,10
753,673583,10,811476,10
25930,1166680,10,1975352,10
1692,1378235,10,1162047,10
3596,566499,10,1351579,10
46349,682975,10,1532613,10
2958,1724355,10,1606510,10
18360,901003,10,1845866,10
11321,1824393,10,1488435,10
61166,799548,10,2244128,10
2259,1286622,10,1647689,10
58084,1053981,10,2225676,10
2631,957142,10,984104,10
5561,1106400,10,1742719,10
5156,965031,10,986578,10
1510,1200385,10,2365416,10
15282,1046537,10,1187118,10
2219,879828,10,1643349,10
2182,1098993,10,1708583,10
963,1175122,10,1029012,10
30665,453353,10,2453569,10
10973,1036664,10,2845604,10
54918,1552985,10,1604724,10
7102,1387778,10,1079755,10
28186,460679,10,1393050,10
51036,1550458,10,1504604,10
26317,679892,10,838961,10
26815,979055,10,1609377,10
10208,726804,10,1561554,10
4729,1122351,10,2635169,10
2567,1285570,10,708632,10
15285,1324071,10,1447170,10
290,446276,10,1325031,10
17157,741305,10,1030150,10
1193,1320488,10,1255516,10
11790,990610,10,2092744,10
11453,1244138,10,935319,10
8971,588621,10,609940,10
31612,2276981,10,1619901,10
7355,692057,10,1395000,10
26810,1478896,10,1923138,10
23894,1237540,10,1638509,10
5217,936933,10,1301238,10
27355,1014545,10,1636121,10
20522,826586,10,1675822,10
14649,1162487,10,1311244,10
43828,815035,10,1264462,10
16371,1231922,10,2382723,10
24912,1348452,10,1892099,10
19537,503479,10,898242,10
917,761096,10,1553830,10
11596,633378,10,2107406,10
49016,875655,10,2269668,10
38229,1550900,10,1323318,10
20552,1081385,10,1638166,10
33082,1524147,10,1716837,10
9071,696733,10,1690114,10
904,308367,10,634477,10
20247,2149024,10,1307790,10
4143,2147980,10,2198902,10
37858,351879,10,1436067,10
14966,658128,10,1108367,10
31829,813256,10,1012389,10
15449,1425353,10,1582514,10
3166,1223305,10,1026031,10
11585,2178530,10,1828141,10
12182,1183479,10,1819402,10
43063,1122824,10,2017664,10
13782,901844,10,1419193,10
20680,397100,10,1850859,10
9553,787158,10,1181380,10
24995,1863206,10,1515925,10
20784,809549,10,2092518,10
1365,1591373,10,1169174,10
9744,2027377,10,1081525,10
1469,1435079,10,978785,10
67297,2155787,10,1331310,10
22570,753659,10,1881024,10
1690,764084,10,1737102,10
24707,742916,10,1171531,10
5934,1915942,10,1830875,10
6610,1069774,10,1676671,10
9160,1410000,10,1399136,10
15626,859690,10,1286717,10
5461,2368792,10,1131269,10
11109,712690,10,1755382,10
4075,753947,10,1180216,10
19279,1084427,10,1348285,10
609,143779,10,1723899,10
27896,617750,10,2016445,10
5555,1144966,10,1556004,10
9418,1373047,10,2120882,10
23532,929960,10,2082778,10
10487,1545324,10,1544184,10
11004,703995,10,997147,10
14753,1592729,10,1244683,10
23735,1122874,10,2071645,10
55633,1388757,10,1879934,10
49375,1867800,10,1172250,10
669,1063880,10,1331936,10
12339,1091329,10,1506816,10
698,1062231,10,1329664,10
5710,695350,10,959419,10
14206,1071174,10,2948097,10
20756,2068881,10,1891164,10
32257,633342,10,1638996,10
24057,1733365,10,1299050,10
18413,1410216,10,1771483,10
47280,1266925,10,2431327,10
986,874635,10,1107618,10
48652,381362,10,1239531,10
20531,911315,10,1547901,10
748,1350441,10,1005161,10
17945,1072090,10,1861881,10
11363,1592143,10,2402359,10
2620,1377979,10,650037,10
13476,1857142,10,1082782,10
1761,714874,10,3016614,10
20063,1059586,10,2232875,10
3889,1401887,10,1303881,10
1812,769131,10,1089801,10
1235,878603,10,1121527,10
852,1458075,10,1355431,10
14895,1053138,10,1550397,10
2578,998984,10,1436958,10
12232,940732,10,1909753,10
41923,1089921,10,1913074,10
11514,757294,10,1426172,10
5409,874422,10,1949780,10
35327,633191,10,1920323,10
9901,1257879,10,2586372,10
16443,426040,10,1948795,10
31090,806338,10,1697240,10
12438,477767,10,1086955,10
21962,1315149,10,893076,10
3602,698501,10,835746,10
13748,953425,10,1147193,10
13113,1185946,10,1006483,10
442,1163976,10,1120238,10
25966,1400790,10,1550935,10
3012,565951,10,1373856,10
2009,1367961,10,1269303,10
13133,958154,10,962906,10
15773,1136052,10,2135207,10
646,1190637,10,1262585,10
30668,1280980,10,1092441,10
23051,922175,10,1122066,10
1238,772918,10,1185012,10
14082,1021807,10,819216,10
43343,1488034,10,1538052,10
15621,1655561,10,2775145,10
5391,1185235,10,822565,10
13528,867640,10,2211331,10
608,1508511,10,1358502,10
602,1023476,10,1721820,10
6630,789417,10,1740653,10
30402,1167502,10,1830859,10
10358,1381428,10,1467230,10
13793,933255,10,2563466,10
17077,615181,10,1169062,10
31415,805133,10,1653529,10
2032,761226,10,1668809,10
2481,1375776,10,1098566,10
14264,1249322,10,2133052,10
11748,1225642,10,1034396,10
318,1088642,10,1194895,10
69454,1134974,10,2267551,10
6733,843656,10,925436,10
18516,752557,10,1831899,10
20071,391527,10,1473859,10
751,1183889,10,1301362,10
52373,1300250,10,986240,10
3043,929327,10,1012514,10
2171,708065,10,1691042,10
7370,964613,10,2003640,10
37387,2268783,10,1121671,10
31708,1190659,10,1451378,10
51725,895249,10,2458563,10
20899,705188,10,977776,10
90192,1773393,10,1379759,10
52393,1083503,10,1864990,10
14925,795875,10,1549488,10
9041,1435547,10,729711,10
2201,893782,10,1194286,10
32599,720952,10,1804837,10
2845,739148,10,1166440,10
762,989575,10,960070,10
30993,1272434,10,1785356,10
1849,482124,10,1351413,10
20828,980806,10,1376694,10
13638,481999,10,2240591,10
7187,1109874,10,859424,10
45415,769910,10,1631552,10
3374,1559529,10,1752843,10
48373,1447853,10,1992492,10
7424,1056230,10,1476062,10
1165,1208446,10,1371895,10
3631,624065,10,1620291,10
20710,1584029,10,1358407,10
818,766299,10,2019116,10
2119,1540919,10,848591,10
14651,1040549,10,1279690,10
23409,1292163,10,1456315,10
406,967729,10,1721720,10
4076,934524,10,1778121,10
30940,1401149,10,1090707,10
6502,1846596,10,1687436,10
3981,2153872,10,934490,10
3657,586391,10,1431172,10
8393,727245,10,1441365,10
1254,520505,10,1050580,10
10233,1416874,10,1231749,10
2339,587334,10,1087372,10
2217,1120504,10,574689,10
12869,1031702,10,1034594,10
5443,1393410,10,861805,10
82966,1209822,10,2342881,10
43778,1692349,10,2135902,10
7528,1356103,10,1843105,10
27281,464458,10,931603,10
2451,1352977,10,759136,10
22882,581542,10,1508139,10
24533,369954,10,878190,10
23366,949809,10,2038335,10
23518,1094391,10,2140000,10
11311,1474220,10,1913917,10
74853,1295141,10,2404395,10
67761,1232998,10,1531655,10
22381,1467346,10,1387631,10
6448,1379211,10,1087556,10
36988,764402,10,1287191,10
709,812991,10,1842179,10
12410,1005680,10,1353347,10
69989,1077044,10,2612181,10
1630,730911,10,641397,10
14886,728856,10,1125268,10
9851,1457680,10,1363788,10
53728,973388,10,2282056,10
24682,1236450,10,1680254,10
2785,589879,10,1584423,10
841,651646,10,2090509,10
1103,1635650,10,1337530,10
4242,1347727,10,1519421,10
6630,810015,10,1081396,10
9007,857304,10,1376280,10
47252,559099,10,1304520,10
15194,959876,10,1975499,10
2407,2053284,10,663659,10
16880,977180,10,1479351,10
11653,1562589,10,1557504,10
5672,860079,10,1568713,10
2739,1831639,10,1416078,10
7001,829908,10,1238963,10
33324,1048607,10,1864580,10
834,869306,10,1142464,10
5042,1498482,10,1825934,10
12635,510330,10,1512999,10
75038,1736249,10,2557003,10
27981,806456,10,1021623,10
269,1158025,10,1070813,10
9556,1065525,10,856453,10
14153,875937,10,1515769,10
38900,1256091,10,1917512,10
22350,424126,10,1188118,10
23597,1676286,10,1070285,10
1173,942363,10,1198099,10
9064,762161,10,767711,10
29394,1791467,10,2057979,10
7389,758099,10,1552423,10
2581,977299,10,1177300,10
48162,1581049,10,2266856,10
23136,1429240,10,824824,10
1827,1132628,10,1949129,10
26358,1378179,10,1712973,10
8197,943421,10,993642,10
20633,962233,10,1205375,10
10671,410083,10,1712021,10
10555,1474176,10,966655,10
48764,991012,10,1863593,10
14220,995709,10,1037993,10
45452,864946,10,2120603,10
16098,817551,10,1715786,10
2621,1058044,10,905129,10
8808,1518108,10,926896,10
1624,1721344,10,1231536,10
21218,1048029,10,1049276,10
674,1862081,10,2271917,10
2116,1380850,10,694899,10
17000,1805601,10,1709508,10
15141,1539969,10,2020127,10
61460,1100798,10,1253820,10
24107,795868,10,2586851,10
1258,410267,10,1213592,10
24306,801063,10,1834147,10
6738,1444215,10,1071277,10
36703,958895,10,1342834,10
7625,704355,10,1366831,10
10996,1743021,10,1325473,10
1464,407886,10,1641767,10
38740,1106692,10,2458038,10
22005,1353114,10,1129877,10
1577,1401861,10,1248950,10
6630,1168388,10,875192,10
38345,677742,10,1959761,10
31883,2138431,10,983459,10
3094,753684,10,1526773,10
6195,846813,10,1901438,10
5657,703878,10,1889705,10
2157,961692,10,1695777,10
14298,1263433,10,1088126,10
11458,1369444,10,1728654,10
6071,1381500,10,1339837,10
9091,1317504,10,1588700,10
2162,1230999,10,838520,10
21882,1354818,10,1119725,10
8227,941713,10,998967,10
32738,543188,10,1534742,10
4895,391157,10,1090576,10
9953,723158,10,1467472,10
21536,1382847,10,1540192,10
16402,1224203,10,1660349,10
817,1894874,10,1214784,10
1608,2056221,10,2159458,10
1534,762383,10,1264708,10
1758,1036564,10,1157833,10
2357,778051,10,1771111,10
32101,1635269,10,1143807,10
776,740615,10,1718613,10
28720,971445,10,1799845,10
35567,1037678,10,2358969,10
1555,727275,10,1379694,10
47381,954000,10,2034548,10
11891,808450,10,1744187,10
12729,1175033,10,1839460,10
7260,1516170,10,1908965,10
3756,1249758,10,1283975,10
20182,542746,10,2126425,10
9468,1060345,10,1478055,10
10672,534217,10,2093101,10
1670,713872,10,937453,10
31711,369554,10,1413744,10
779,397422,10,1798622,10
3482,1045883,10,963567,10
33910,1282586,10,1401409,10
4753,615075,10,1310635,10
19694,1919380,10,1905189,10
1062,1383517,10,1155727,10
20536,578473,10,1544070,10
13631,853521,10,751505,10
22274,1396406,10,1647292,10
5810,996207,10,1147266,10
335,997022,10,1088149,10
30077,1274378,10,1437645,10
12016,1120055,10,2266028,10
3561,1678821,10,1425854,10
16806,618251,10,1241200,10
11135,891802,10,1269178,10
7597,1355832,10,1974032,10
10139,830657,10,1395910,10
878,1452523,10,1658311,10
1362,1099272,10,1557003,10
15115,1265091,10,1786686,10
1229,1141632,10,2025964,10
27249,1667831,10,1259810,10
968,632226,10,1625115,10
8288,1005338,10,1377886,10
22486,920905,10,1393078,10
21108,2302633,10,1571075,10
721,464726,10,1992244,10
2560,1429283,10,1710009,10
5942,528175,10,995883,10
16917,1304703,10,1390029,10
6801,1177756,10,1107245,10
651,784736,10,1687656,10
11528,1615552,10,960190,10
11639,768251,10,1466793,10
17354,553440,10,872509,10
10236,490020,10,1393047,10
7233,1105055,10,2167266,10
5310,620825,10,1331665,10
11932,1374539,10,2022546,10
980,913514,10,1295300,10
29445,1554150,10,1655265,10
285,841611,10,1882715,10
454,895847,10,1322669,10
14854,866161,10,1436214,10
7454,1142054,10,1415407,10
29663,835095,10,2362263,10
9670,1859248,10,1682203,10
28168,712929,10,1769031,10
16641,896809,10,924953,10
23792,1043644,10,1074548,10
18553,941342,10,1464654,10
4914,732429,10,1591196,10
14323,1018033,10,1470030,10
6102,1450149,10,827742,10
9360,1212847,10,1489405,10
752,1150824,10,1873426,10
1060,1309109,10,1638427,10
19568,587262,10,2225167,10
14002,805797,10,996518,10
46470,990612,10,1796512,10
22037,1112511,10,1591655,10
24604,467251,10,1190847,10
22141,1508693,10,1777342,10
3272,570443,10,1078599,10
78206,654926,10,2523364,10
74825,1353255,10,2059698,10
8290,685040,10,1040477,10
6218,880317,10,1363494,10
4304,1386966,10,1001390,10
42550,1264706,10,1759690,10
454,1389742,10,1277842,10
2026,760944,10,1267287,10
1630,986801,10,1347618,10
281,1443446,10,1420708,10
6566,1434182,10,812494,10
11540,1127547,10,2236224,10
11339,1946410,10,1644794,10
5889,567364,10,661306,10
64516,1430794,10,1053257,10
21912,1671184,10,1648525,10
1374,993792,10,1463934,10
7368,1121770,10,1501271,10
19921,747919,10,1681228,10
59346,428509,10,2220499,10
3624,843317,10,606064,10
3587,684357,10,470602,10
2216,690603,10,1430362,10
4528,1457573,10,772904,10
10879,823615,10,1596082,10
15351,903270,10,898387,10
16484,1712812,10,911532,10
18826,1417804,10,2298107,10
50066,609194,10,979504,10
42976,1502651,10,1771576,10
12649,1694135,10,2246517,10
136058,1104262,10,2271502,10
33240,885567,10,1973238,10
4782,673462,10,2047128,10
12447,1787623,10,983323,10
681,967203,10,842327,10
3713,1074150,10,826935,10
9455,826721,10,1299845,10
21370,1287867,10,2420464,10
18321,1386298,10,1986528,10
6347,652677,10,1148372,10
39098,447049,10,1938726,10
43152,1313102,10,2074690,10
2197,739107,10,1802471,10
628,1972595,10,1097029,10
1614,951171,10,1768932,10
28827,748737,10,1261510,10
13385,757816,10,2287751,10
2092,1808647,10,1530800,10
12251,1454473,10,1553303,10
19443,2138265,10,1800660,10
42826,944756,10,2108132,10
14687,571158,10,668248,10
2369,1730963,10,950694,10
12974,1557688,10,988057,10
5026,1385865,10,1001114,10
10718,1328355,10,2074203,10
8138,1004867,10,1132791,10
4416,939227,10,1916305,10
2183,1034798,10,2319870,10
9358,1587709,10,1692758,10
34389,1078686,10,1444266,10
3991,820199,10,1022571,10
73515,1129151,10,2091672,10
18991,2049424,10,1378174,10
14765,1072835,10,1258316,10
502,737722,10,1944979,10
19083,1335968,10,1110928,10
7618,1277003,10,1408233,10
6205,1159803,10,1641503,10
1258,1409381,10,2167695,10
21784,761237,10,1265038,10
24129,289666,10,1451897,10
11332,1801447,10,1244167,10
30580,1482028,10,2261190,10
2959,1556795,10,1215490,10
1893,1152738,10,1454871,10
54359,661589,10,1401847,10
3001,607399,10,1128920,10
18931,686509,10,1630927,10
13054,1099989,10,1132579,10
14031,1483140,10,1103410,10
27601,1507476,10,1086723,10
1617,1011066,10,1696089,10
464,1295548,10,1026947,10
1058,418490,10,1443765,10
3942,1245838,10,1936040,10
4680,706164,10,2412967,10
7943,1082797,10,1042692,10
12932,1463900,10,1175462,10
21111,1465057,10,1981600,10
10021,1247170,10,989529,10
3715,1818940,10,1486344,10
9259,1152648,10,1094465,10
1055,696366,10,1608100,10
5091,1707470,10,1387087,10
955,658500,10,823638,10
5934,1675657,10,1544914,10
6813,1299631,10,1656873,10
1174,830762,10,2742067,10
14198,572134,10,1779300,10
15952,717852,10,1421904,10
2483,2472138,10,938356,10
1760,1602660,10,1219062,10
15426,1002249,10,1588660,10
36404,699193,10,1420719,10
19310,1333683,10,1504754,10
5852,1025919,10,1683642,10
1208,808257,10,1717188,10
21969,1624307,10,1417113,10
926,1169991,10,1105054,10
5880,1074546,10,1048397,10
16209,1155117,10,1875266,10
57801,2014742,10,2534008,10
4721,1849450,10,1790328,10
13509,943092,10,1726847,10
5247,592313,10,682375,10
55918,381875,10,2321654,10
8111,831654,10,2069454,10
48558,981807,10,1087663,10
3757,1113044,10,1081312,10
18876,794571,10,967194,10
1518,532232,10,1275010,10
14745,1267797,10,1549926,10
13501,2055547,10,1748408,10
23799,773380,10,1539189,10
7178,1409558,10,1462632,10
1471,870057,10,1245478,10
36637,365135,10,1633308,10
3650,1327828,10,1121935,10
20173,1124453,10,1626953,10
8114,938268,10,614758,10
655,616810,10,1046490,10
2702,2135001,10,774782,10
60808,1568618,10,2047174,10
2316,1588457,10,799658,10
19330,1881199,10,897376,10
33695,981535,10,1678164,10
78774,960247,10,2534341,10
13583,882503,10,916513,10
4895,1654926,10,1316255,10
4433,794179,10,851633,10
9789,1550091,10,1559391,10
1153,643626,10,1754923,10
14558,1373764,10,1252052,10
711,815707,10,996905,10
15165,1498851,10,1253985,10
3836,909469,10,1045354,10
5746,1315702,10,2418251,10
35762,690869,10,1196660,10
1371,985816,10,554204,10
1442,972673,10,1233550,10
14162,769452,10,1394410,10
974,677078,10,1175213,10
43375,722533,10,1526491,10
10818,886427,10,1321946,10
4184,902845,10,2105405,10
3126,838741,10,1807645,10
8517,2071485,10,1055108,10
4747,1998922,10,650120,10
15432,1609286,10,2217797,10
77741,1282767,10,1549373,10
198,1755020,10,1416844,10
22380,1612120,10,1529411,10
779,1355421,10,371108,10
20365,977576,10,2517093,10
23442,1785145,10,1557629,10
1984,1104359,10,1483543,10
25139,688158,10,1176677,10
873,724275,10,1321278,10
43686,2150832,10,1711224,10
2492,1142868,10,1498371,10
556,780982,10,1911244,10
34179,1054048,10,1192934,10
14225,1391948,10,1863230,10
9767,1822966,10,1543567,10
2440,963113,10,1167211,10
2722,1126826,10,1708198,10
9438,635875,10,1118633,10
9595,854499,10,2122325,10
10343,2413551,10,1229800,10
6599,1495243,10,2135626,10
2570,514628,10,604184,10
25973,932865,10,1329272,10
9601,1353545,10,1335737,10
68345,1775726,10,1989599,10
462,607057,10,2628193,10
948,1027738,10,2093171,10
21607,875092,10,1455289,10
33543,588993,10,2052278,10
10637,1108742,10,1181493,10
1610,1453518,10,1347053,10
5904,1440751,10,1190331,10
5165,326387,10,959827,10
1242,635199,10,656218,10
13912,1487491,10,1326427,10
700,1345988,10,1865207,10
17553,1307384,10,1987648,10
25035,1635326,10,1528750,10
1753,2121038,10,1076355,10
20277,1505046,10,1514685,10
23383,1420669,10,1012423,10
2970,1116269,10,1808586,10
42286,944835,10,2334242,10
2811,2110784,10,1840153,10
523,904379,10,1407218,10
991,805093,10,1713907,10
3183,594882,10,1411050,10
24628,903493,10,867419,10
3676,2031851,10,1328544,10
1037,1742122,10,1038795,10
1904,925831,10,927388,10
4516,1085376,10,1271657,10
11510,1184135,10,1044682,10
37108,2080875,10,1697651,10
33841,1112024,10,2274518,10
31017,867425,10,1039365,10
706,1321637,10,2224197,10
9471,697341,10,1717289,10
16168,1386849,10,1958974,10
63441,878323,10,2341536,10
22476,512797,10,964229,10
20263,903657,10,2394980,10
8346,1031138,10,1082266,10
20266,1050427,10,964844,10
27437,1734972,10,2031114,10
28590,794278,10,1751958,10
13000,1049803,10,1617798,10
6553,1075280,10,1231946,10
2023,964048,10,2038432,10
5428,994223,10,1817538,10
8170,1510371,10,1684743,10
20026,667712,10,1733846,10
12418,296658,10,1837022,10
25840,1476490,10,1765884,10
12782,1082388,10,1173742,10
16600,1364460,10,1635008,10
3376,804018,10,1516850,10
4643,1032366,10,1813359,10
17493,1237954,10,2558879,10
27778,797666,10,1405624,10
25212,1200530,10,2245871,10
972,779337,10,1396599,10
6612,915413,10,884223,10
389,1286863,10,840421,10
1731,559085,10,2361378,10
26411,1044789,10,1504307,10
4573,976353,10,1850427,10
1662,498709,10,1405504,10
9303,1079393,10,1708217,10
4338,753023,10,1495886,10
6807,1325279,10,1764744,10
7814,969494,10,1563765,10
49290,1464439,10,1211663,10
11948,994247,10,1629984,10
17852,2680963,10,1682066,10
960,884327,10,1850933,10
17242,1137715,10,1120173,10
27485,1229514,10,1287372,10
1746,1164117,10,2408155,10
1343,1322149,10,1821105,10
20486,1200917,10,1560745,10
977,1286350,10,1873445,10
23394,1186064,10,1974239,10
678,1560444,10,1355139,10
7269,1089209,10,1651696,10
2835,858526,10,1600284,10
14335,603561,10,1318701,10
5013,788282,10,1950619,10
610,868863,10,1078368,10
28049,1128991,10,1439504,10
16085,1162094,10,1976622,10
1483,1455738,10,1738721,10
12636,901228,10,1298299,10
18642,1349721,10,1130592,10
901,1365850,10,1963714,10
12400,2150902,10,1981441,10
25662,1570466,10,1602284,10
52181,1621051,10,970297,10
4479,1463004,10,1845094,10
4210,1998471,10,970702,10
8817,1067591,10,2441062,10
18968,1263027,10,1497012,10
6754,1197350,10,759533,10
24383,906553,10,1250693,10
510,1085192,10,1153104,10
991,952968,10,900979,10
10288,1105731,10,1125306,10
8735,1286257,10,1962182,10
5231,1059878,10,984011,10
3224,937331,10,884868,10
34852,1379194,10,2030849,10
21678,1346661,10,1005394,10
733,753293,10,1714146,10
5489,1195356,10,2065208,10
18108,752247,10,2005360,10
15392,612700,10,1388160,10
13565,1926603,10,1159404,10
4650,867836,10,1874338,10
11415,906452,10,964982,10
7453,986258,10,1388168,10
705,882949,10,1950099,10
22199,1533301,10,2549574,10
23425,1106222,10,1463746,10
1660,1820550,10,706016,10
9222,1348393,10,1080154,10
20719,759357,10,1637729,10
16386,1497801,10,1031295,10
6112,1036718,10,1259748,10
4040,1298245,10,1103429,10
31198,704065,10,1618723,10
6255,1196081,10,1404121,10
22848,1467459,10,1339797,10
17859,970834,10,1331968,10
5711,1065680,10,1564376,10
1354,2610727,10,2024688,10
539,1332624,10,1764907,10
1100,1439223,10,1379011,10
7555,1773733,10,1448310,10
19886,813720,10,1815374,10
13709,1271952,10,1578973,10
18774,945441,10,1748247,10
734,711996,10,958686,10
233,1368704,10,1409224,10
5482,1703559,10,1667511,10
26130,1415477,10,2177890,10
677,602591,10,1362091,10
31883,1251891,10,1252754,10
4099,1169723,10,1567662,10
1401,1080763,10,1290898,10
43568,915397,10,1404488,10
35837,636037,10,1157724,10
17084,525959,10,987862,10
794,697476,10,1106778,10
23829,977953,10,1141042,10
1579,838008,10,1058010,10
84310,979061,10,2943145,10
3640,1276382,10,1421851,10
2134,764051,10,1478271,10
21222,693516,10,1431900,10
16086,1288132,10,1929755,10
7918,345993,10,1907338,10
13102,1054610,10,1585007,10
11428,770783,10,1695262,10
391,473385,10,1757028,10
2669,1382529,10,1395576,10
2998,663187,10,2677386,10
268,1118878,10,1571738,10
1112,725349,10,1398642,10
48295,1259742,10,1298390,10
26328,991600,10,1357019,10
59127,1001995,10,1601784,10
16436,1240913,10,2002934,10
35941,1263943,10,1652733,10
3980,2012766,10,1552954,10
4297,746668,10,1770605,10
7959,886033,10,1068193,10
3670,871047,10,1216635,10
12542,1041421,10,1826805,10
36321,1576247,10,1770448,10
612,1084461,10,1073968,10
34188,1259171,10,1787397,10
4175,1190152,10,1221570,10
46387,2006339,10,2523170,10
18410,1506597,10,1535376,10
1090,1032241,10,2074065,10
7948,1040700,10,1295795,10
8448,938195,10,1367690,10
13792,666926,10,1366720,10
29299,875393,10,1610731,10
25682,785960,10,1919969,10
7186,1426585,10,1216909,10
20393,896201,10,2861760,10
23713,705123,10,1982372,10
277,415050,10,708688,10
20709,1029939,10,2704866,10
54474,1879640,10,2039362,10
4655,554464,10,2609531,10
22731,915744,10,1297484,10
8252,724309,10,1305156,10
43978,2133827,10,834941,10
1947,599902,10,1766500,10
59469,1212054,10,2282382,10
6521,816537,10,1622160,10
2646,1040825,10,1431061,10
19189,1741361,10,1100887,10
993,701859,10,2261643,10
9283,923339,10,1709589,10
28768,1139193,10,1642820,10
68432,1324226,10,2301329,10
9754,899337,10,2482693,10
44645,1275173,10,1410216,10
6833,1225707,10,1754767,10
23749,1191187,10,1689065,10
34725,1244121,10,1517299,10
51414,875327,10,1595344,10
12529,590245,10,1004276,10
20143,1439540,10,1469694,10
20333,984241,10,1383054,10
59434,1548318,10,2130447,10
3034,1590720,10,1515799,10
1900,1086290,10,2207027,10
8718,1036628,10,1789139,10
17918,1164545,10,1023704,10
476,1212107,10,1752034,10
602,1315978,10,981444,10
15620,1286251,10,1521834,10
14389,651218,10,1162923,10
11327,1588365,10,2498498,10
890,631613,10,1320199,10
57709,786309,10,2323793,10
19011,1167722,10,2111454,10
19636,722339,10,1313880,10
12228,611601,10,1450500,10
47887,1100488,10,1791982,10
996,1489775,10,1335149,10
17998,967136,10,1923680,10
1448,836575,10,1460782,10
22985,741926,10,1333909,10
460,977111,10,1767344,10
14146,1936226,10,1483937,10
19422,1832956,10,2010565,10
20882,924193,10,1181700,10
867,1065676,10,1006208,10
66887,1549807,10,2297574,10
8766,2014059,10,655547,10
1609,1510559,10,693772,10
15171,1502072,10,1069020,10
66386,885273,10,1893737,10
17564,795132,10,1610518,10
7528,1075202,10,1819023,10
6516,822525,10,2417341,10
2768,1092597,10,1417707,10
14289,1062069,10,2012992,10
15684,774685,10,1559960,10
2718,895390,10,1981698,10
1329,1295964,10,1902605,10
18870,986865,10,1437035,10
27206,1434045,10,2035671,10
12514,668003,10,1714343,10
45482,1547329,10,1700076,10
24058,1054631,10,1092619,10
1614,1153308,10,1409313,10
40163,1083157,10,1385632,10
40643,875962,10,1899122,10
51399,1290302,10,1332728,10
4576,994680,10,1082913,10
13299,836713,10,1550787,10
4746,1234333,10,1242987,10
6297,1671527,10,1579868,10
26872,367125,10,1918808,10
33412,821050,10,1589584,10
16541,526473,10,1110902,10
16984,674364,10,1792934,10
4601,1447595,10,1647443,10
10517,1437236,10,1897581,10
560,768437,10,1187044,10
8154,1351807,10,913646,10
930,542593,10,1764436,10
3632,1141607,10,616208,10
29602,772584,10,1285865,10
84319,950526,10,1684728,10
30183,708448,10,2727061,10
36941,965619,10,2220549,10
8470,753026,10,1772251,10
1462,714618,10,646506,10
31477,946011,10,1886420,10
17902,1491657,10,996521,10
15337,735987,10,1392983,10
16630,1290423,10,1375245,10
7088,1431226,10,1921388,10
8760,1196836,10,1173854,10
10505,1267110,10,996911,10
3191,1157263,10,2013732,10
1692,816694,10,832236,10
317,882871,10,1560003,10
25543,1187433,10,1971285,10
14907,998500,10,1258084,10
85192,998927,10,2088979,10
8195,1005092,10,1376777,10
7723,334699,10,802808,10
28396,1964909,10,1396381,10
867,1569468,10,1239496,10
412,883335,10,1158304,10
20393,885219,10,1924161,10
18058,782750,10,2237082,10
1517,1113191,10,995953,10
3904,1021657,10,1465663,10
2191,865663,10,1431640,10
452,216323,10,1224291,10
22462,1016321,10,2095314,10
36171,1262992,10,1377316,10
22896,808133,10,1722849,10
30907,1409356,10,2674447,10
40789,2171503,10,995299,10
1908,990226,10,1738637,10
1067,1286714,10,2142675,10
380,1098641,10,1682174,10
16703,1151947,10,1224401,10
58383,638802,10,1821993,10
15590,1158783,10,1375673,10
14702,1282143,10,1019616,10
21326,1250380,10,2468333,10
28696,1496970,10,1157007,10
2881,842135,10,2519326,10
5848,416969,10,1087565,10
50822,1081515,10,1366852,10
1568,1075084,10,720796,10
16079,1326289,10,2247129,10
11675,858120,10,1808887,10
15198,1333350,10,1374171,10
16357,1398280,10,895570,10
19592,215972,10,1283982,10
5521,1266532,10,2443088,10
48077,754773,10,1966156,10
33252,822428,10,1425410,10
10893,1393085,10,1749625,10
1739,1404972,10,1656074,10
17531,991806,10,1281659,10
2052,690539,10,1210084,10
10592,1443924,10,1766701,10
10539,1080904,10,1745416,10
6105,1134916,10,1225292,10
16016,1163892,10,2135707,10
769,858624,10,2765318,10
4104,689224,10,3547169,10
19075,610910,10,2074193,10
30880,949159,10,2394587,10
8613,1509923,10,1004657,10
20646,1880585,10,1833792,10
30590,885321,10,1850783,10
2061,1792053,10,1293887,10
6327,1428866,10,1486402,10
2469,899322,10,1493108,10
1068,855307,10,939378,10
4833,1060555,10,1621807,10
1949,536039,10,2592750,10
11943,968205,10,1563415,10
21900,1082118,10,1093763,10
42798,1181237,10,1868098,10
21891,1264649,10,1361574,10
28475,1189890,10,1900022,10
566,886537,10,883343,10
2941,1966612,10,1349997,10
41417,730949,10,1796307,10
6215,993440,10,2348799,10
713,680728,10,1023460,10
9702,1283513,10,1198124,10
19851,326167,10,2779869,10
2100,1526472,10,2093683,10
113590,2466006,10,2183195,10
41931,1758651,10,2079429,10
12032,1240195,10,1582287,10
8751,2838838,10,1462450,10
4414,1099508,10,1465913,10
25771,1226000,10,1114106,10
13433,930087,10,1774986,10
555,778901,10,1549002,10
6607,613436,10,1395627,10
1428,475001,10,907295,10
651,1157795,10,1518929,10
13194,779136,10,1040923,10
4180,976037,10,1441288,10
7610,1127407,10,1499947,10
235,1154280,10,1177402,10
5590,796598,10,2557325,10
63240,909771,10,1793092,10
6409,805512,10,1196571,10
24859,711061,10,1366770,10
34272,1067290,10,1794962,10
1838,962414,10,1921920,10
1642,1312644,10,1561606,10
7142,1029455,10,1832140,10
8085,587077,10,1565875,10
2765,601797,10,1397749,10
5403,1316239,10,1623017,10
5153,1035068,10,1379857,10
13968,467080,10,1371135,10
589,1397910,10,1577307,10
16133,1576364,10,1451660,10
27956,861836,10,1554050,10
6252,1374534,10,1083868,10
18687,1361671,10,994806,10
17295,1879370,10,1231779,10
915,592922,10,1443275,10
9036,934767,10,2162221,10
15062,396687,10,1477768,10
3139,762236,10,1411338,10
6121,836794,10,788253,10
5735,960316,10,1692425,10
