1839382
331722
880220
665852
541923
125082
182273
490798
736173
659134
151835
553137
198276
721166
834820
180120
708474
588336
237868
48065
143054
731916
1039439
878973
522749
193225
776745
241710
134641
440639
647804
385945
3051671
766719
578408
1252042
322244
235582
1271439
537537
127164
250422
793157
655575
1468305
88252
226519
1124242
778972
261927
1102014
1514316
60646
576452
201752
1616844
176500
669695
147315
448216
51648
370519
201276
737116
1099369
500641
1123590
855721
879632
1718262
461317
1559034
640539
862030
225688
347494
460277
167251
20714
66852
258595
1278535
42269
195193
705268
144960
519226
542614
629254
277020
255779
464304
445218
402945
531836
1211412
541226
63586
189359
571962
427745
454677
92094
527654
784963
452390
814863
102584
284432
183828
762935
627126
515567
564007
490430
46859
542990
717242
284293
38106
705067
998036
67369
750015
677043
185690
529748
119419
237769
618692
1163394
728091
597930
67442
1545111
900510
220393
695991
703460
315814
676203
2404351
687534
153269
319202
252783
211189
599430
1797211
359662
705724
46277
1105513
1553446
887973
164534
296309
255648
496533
312793
1252559
144835
1622729
623255
986874
273132
705329
238370
87275
245613
1545940
177414
370555
520730
1528372
497122
352631
647844
629152
271700
272982
593803
892031
343035
1498832
376037
235132
204220
960624
421896
566796
435397
273222
770709
944725
514861
489338
2119167
636556
996116
461087
282894
655681
441315
499534
159165
215270
397777
450708
465574
371261
936852
544821
907201
61037
633979
1138843
1609469
382262
1045811
748854
535771
265727
942817
1099116
360162
140951
489797
1360901
276087
857717
279004
686219
460197
542607
541265
942825
925919
166003
359375
495580
166579
219720
343804
489771
230484
862955
392112
184587
135574
1458128
310850
234213
368327
172409
708871
457427
815039
908207
485327
108061
746302
337795
1136661
437153
1025323
406456
885292
214232
718862
115436
439046
134225
99782
556851
1582348
399148
162922
66259
410083
37865
428537
928368
274014
646370
216543
135434
767044
510266
649807
751620
588775
397963
1182526
268492
2113724
224718
293588
245301
99145
492529
378495
108402
662137
252176
122281
426919
344182
373646
1135525
522126
281089
374711
229390
558987
1163174
461995
196118
229728
956521
152906
1209549
403663
143263
581909
435334
1818374
600171
648160
422267
559083
660348
347014
62909
2310276
590426
499815
521111
251116
631572
636188
305684
250048
73673
457626
384300
259601
151411
824043
1124409
1074125
251072
167280
323352
300611
496221
169892
366056
356365
196571
373756
689181
122557
1335053
89526
149107
197261
72608
1737386
224193
662625
175673
453605
489786
495628
298157
407960
389017
917940
431281
712177
234203
117576
626636
1906179
291487
1388878
262630
1122728
515074
324717
135126
118629
1371486
57104
52218
509909
828293
390611
943016
303985
663282
424872
373396
389493
121007
614458
889003
397887
513225
161312
200217
237233
696230
374523
427047
43509
750410
985051
57259
740593
1242484
1467674
2744
832054
1029559
753643
126443
453182
111227
678350
693681
584991
1132037
632961
621179
894283
317201
198311
824278
163238
71956
1071934
375739
579502
327583
996373
429324
1220260
269407
372082
356255
139812
387761
602147
174192
494916
922763
1125710
1031222
225031
1071352
1052606
624289
429290
190122
110606
393064
292201
373756
1148615
462004
597475
789823
810640
426823
184444
131466
267967
616047
896691
348707
1351405
1997400
382579
1148526
626686
662767
371892
539034
1010921
341816
75170
11225
700554
342332
275010
358028
276823
121441
1007213
382342
281735
400934
426758
518562
756485
416771
943106
204323
471762
681864
366336
1417643
743168
826324
246283
1203350
757625
739163
1029442
51651
738921
843039
1459519
593300
317370
139929
927929
732269
133937
1450193
897855
1690160
131797
410096
129660
301408
490709
1124074
650893
1492847
683407
712142
478080
23415
273130
457022
126187
688770
271183
190946
215567
312844
367280
205317
538677
785623
188195
913458
322027
962539
347652
719377
125561
533370
527402
1094521
172236
490739
455544
103321
677424
690487
1468211
626569
338345
350463
520717
268533
657565
364113
483092
225534
540359
786740
409930
567791
776577
1698627
915396
91309
723232
252155
365604
1531649
114238
790623
366688
282998
637331
512557
893525
548385
181008
224757
664506
526031
1169332
756745
257414
2053941
1606172
373956
353551
462390
240618
461195
613867
539924
168982
1054320
413977
138123
464144
808155
316910
638409
1431673
516464
661956
53024
1162004
832930
812702
431604
150845
417085
321163
1163184
306527
711759
290035
72320
48713
542860
200587
479350
835570
680722
65591
58976
379512
508162
395971
526749
535189
359011
527613
522151
338957
252373
712666
18149
548084
303700
362416
356419
792090
482741
662523
41099
303615
652708
1221173
221865
759922
263735
1448604
775477
170852
276372
395577
707955
318470
797872
505548
365673
1210215
370031
211321
694446
1132723
779303
288994
73382
1213919
1005794
2959
143189
255665
400850
1812596
170457
95941
445994
171944
268340
721668
77648
29486
851394
1158976
170082
351997
781841
914625
202939
129717
451450
2349
1068167
563523
62611
132099
298700
89997
928733
596524
337257
606176
726122
947653
931972
324490
178005
725178
505521
1180963
464381
203909
948604
324963
510530
1536220
252880
414611
332166
173553
1494204
585308
887069
201356
920889
541901
1319480
732585
92497
375077
233962
965527
704228
809841
171840
1008416
932955
559202
2565469
941001
384547
696288
549337
1030873
1016870
614901
586177
1100905
1199212
175212
422712
163805
640646
479157
1036585
984811
702221
88145
490143
1038006
611172
376797
255579
1466700
858779
138870
856194
805261
549162
432007
429696
676009
101567
245838
761750
360740
551808
130730
497219
394791
175346
801888
876697
1318931
566325
870191
631922
941553
2898
114345
403224
1501844
26273
647245
381993
476144
381405
316529
171518
353034
672416
150361
428221
399934
526513
212623
625003
114313
910563
135080
441968
673791
158837
446160
369289
1056629
227568
385009
1570149
1042474
942586
94116
573635
806643
999528
817240
323365
1163781
428261
352111
135367
657193
235055
130800
260979
274608
311194
1499484
163697
860125
213654
1008670
25964
160447
123680
85780
1353
878829
564043
370060
540143
426343
188442
843040
849218
540746
845705
478268
846190
656200
237669
167797
158092
1432804
671262
816692
64394
540728
548762
905883
994833
1280901
150890
363412
630748
360115
121651
1900765
212441
304946
642550
707339
610683
132157
280741
148810
823730
2004748
772809
1397499
819191
1167821
1335569
182217
496494
612950
187797
241495
216007
670257
198860
152475
450456
505628
187344
340912
702567
611624
137506
319079
1194066
638585
97686
658241
72550
734495
1930515
208875
82028
198323
192490
216771
182526
490031
171940
221492
1114985
239703
1143582
305735
469090
481348
194460
68441
227328
551371
421946
552232
340788
735062
1583461
258759
375678
140509
1787520
418173
442516
1281780
118455
386194
1011185
218951
381004
404560
317700
1254719
390293
36055
167736
1093350
433592
497903
505288
1455770
1015947
1336458
409909
784959
506210
311294
217941
