378007
713398
287066
772037
180236
843683
1082283
824191
648949
747801
1613861
295254
477700
838987
277916
423389
935306
303457
545995
220021
108704
1525350
1784336
829837
290475
251264
637569
99195
1946394
809321
414429
99738
950318
561079
631925
1157838
873824
579419
409390
210528
427916
1131748
705645
793593
208855
392871
356813
97924
356256
278276
284136
535480
783265
257003
357376
191307
761773
473250
150760
348019
709664
899831
1189457
504635
142116
367711
154012
347080
1105805
563211
507546
331341
662727
165039
503177
266802
605370
739670
289604
1060210
1480997
403752
214021
837875
433328
571215
984423
445358
1458065
386563
339751
787920
419181
2321593
295286
1042355
24012
128084
628773
1144185
885265
322571
993484
304086
434039
220580
1630111
712280
1481627
160840
1066020
472206
770013
253461
654816
617439
146310
306509
217352
467856
193948
1234064
634051
405728
131968
223424
536743
289806
1086054
236820
546709
184897
664167
725595
293452
502733
200403
504332
342228
682131
241154
493494
1655561
491813
414313
826304
399423
142282
1324927
307089
769685
649287
51236
667603
917001
512143
532164
378574
166525
532416
484204
329273
712238
904575
842040
1422134
158525
682628
1272357
450196
363559
118039
159878
200741
350626
671219
337752
334492
1118715
957392
803710
866018
702448
865473
221476
460615
936145
1222014
856388
296324
1304669
1615699
546002
390127
1319045
249220
453306
910338
450961
542135
846654
678741
514999
1298871
323536
630812
1053761
484028
806622
205455
1167242
473420
277829
1521697
323037
289489
189495
771419
1252250
353559
771545
900050
998413
268135
193664
742401
73423
521641
699022
803555
3105642
611130
156020
163825
553845
1679146
765020
943361
201516
546324
85109
1196966
687950
1167122
425662
853752
570905
275205
1019231
937196
734108
925918
472563
1282218
133505
201592
625036
233621
259808
289361
207568
284211
372722
406613
1122978
193517
1603608
638559
298641
846419
315113
1110738
778743
570255
471822
460024
1298424
262663
147120
84774
964536
363256
917122
595837
197241
722088
302848
1118695
601369
466436
766806
1041827
514588
192627
2488079
642766
337327
1941536
313870
487401
407008
314872
1046634
151054
1239118
334908
103127
657898
36844
197324
515943
1078245
883464
1301182
141659
608488
87089
1302684
432818
693561
639603
301249
2266019
448938
329419
524431
231018
986199
592217
173548
687648
732814
149695
1554336
646155
692115
523685
113927
435274
708255
332524
222216
486898
585838
1337274
523834
121124
1052904
950971
704261
1004951
195416
442209
2308248
467116
497582
300035
1013557
612694
873810
272713
592511
894876
511447
249243
1126506
1288499
509882
391553
205999
244510
797796
795977
376942
255017
1510075
971589
404004
390766
413131
883973
1594729
977938
103772
1128093
1045840
353240
350053
378778
274093
594897
389429
347701
405350
251310
896119
246042
599207
80810
914222
1200059
277450
426138
655201
1662003
403539
427731
505961
294739
1188237
980657
467533
1099615
492491
489313
789753
655781
563326
298932
219908
971127
412983
1124986
353213
323391
950863
84103
592303
120650
808521
1276934
374457
961761
600503
745380
455381
442435
462657
181148
178389
752947
207780
760261
265933
551447
207970
869810
1061561
1444155
369226
286922
1982403
337753
1057899
171377
1212105
1183313
233886
817993
414613
188015
551885
149280
491786
600178
210415
455515
875033
1482894
100311
335318
1395959
986883
452085
498792
2014083
839271
733936
522038
342889
1133560
361349
1171527
362677
1102445
522276
406786
507225
197621
947040
313451
78584
595476
595969
852753
514482
470201
306506
288907
1254090
761447
1306364
628774
761101
75463
442155
740464
165889
262231
543991
400068
277323
508296
164171
584773
396704
212871
973112
828983
118017
851250
633831
261543
269012
680183
1227168
876195
241802
1112084
142104
756129
967392
169251
324165
1018688
573379
421640
458415
125456
361631
300501
1027538
982461
302712
244612
431193
1049019
1049283
992966
99882
1142060
257297
244655
1659417
660573
1719838
454862
920027
74342
314514
426431
132471
546277
165149
570980
329127
1254053
291612
287337
1553754
231659
428299
1739572
425423
1001208
132809
274758
167890
760353
84641
298857
401389
69837
284125
763123
314767
1140266
1336278
132564
175719
386245
613512
663451
623143
459050
628399
179214
242529
406672
648159
289541
81171
652794
746708
467329
849447
555208
233690
212736
239703
469303
816678
967882
704914
204320
785046
61449
970979
280733
173963
813104
456153
895410
1125562
449130
485348
632898
1107196
261768
220649
1545992
1145727
255976
597614
1050043
944316
462125
134149
529249
254648
1033235
415640
821507
703450
1628746
190929
232077
1008032
221949
876888
243084
1355683
593655
553957
587656
168198
252530
262315
648771
257402
965521
677649
1067290
850224
573611
824958
50389
610870
1047754
572255
159522
1292079
530090
467915
379214
570775
714340
507113
369254
751068
728437
227696
240127
131363
1574522
705410
565906
881657
430746
382779
270857
794838
711017
889692
1645048
127384
1912362
805419
710330
84698
432077
711834
915133
271483
321408
459186
1138578
1022164
1057855
191955
1475248
214526
923291
282771
757068
149672
567714
438659
582856
392348
637248
333675
393455
645878
461528
420643
565268
683498
999403
338743
211512
873002
589606
469817
308292
654619
215433
218460
2126913
199912
591610
295937
146139
344002
970195
264630
82541
175960
527849
47175
731951
267107
266378
1141599
494949
1013826
601269
680063
424805
562182
458298
705228
429112
291468
1108530
125295
309789
1278855
391963
1608866
387369
1294472
514266
305495
363793
966821
471051
371382
863692
371624
743244
423843
359449
586979
393871
640584
521425
280375
1133723
949874
159288
268748
237763
686502
157365
466230
1215403
471244
1633730
811901
406924
654679
306458
1084655
1169150
827683
910361
327075
442061
231946
124112
118859
712417
477224
1164053
1008255
265832
339591
186570
686460
459024
320576
89410
460444
668194
398130
591360
793539
569085
237565
585096
838069
943954
289661
201933
517090
786714
259022
185728
630334
241241
798438
258485
560432
94231
631722
45744
599331
295653
506044
255240
158053
1096707
216914
553424
1102007
1374507
317235
304643
1045957
858697
330219
717875
385026
2134018
332191
593132
867407
1300282
659245
587435
111494
564134
85704
224782
799889
170035
225897
758851
859628
131964
1711725
1576704
1493506
292921
724647
293002
639559
175877
810362
55976
294704
316463
236787
123526
251130
288794
1148860
382414
75023
205483
192545
1314901
314147
1204462
441028
604876
332355
254503
774384
724107
827885
344871
353110
823612
249671
571149
118062
478379
673154
867069
1031674
475438
1003217
207438
447890
189564
375507
204763
1401094
1004641
937029
269634
192937
454235
303221
893449
531277
252021
126813
498279
413499
205028
871280
570626
743379
701803
355553
340609
342198
383432
605162
870736
818669
474736
424122
305991
516403
469724
1277339
884771
612065
545729
65457
2316411
401484
1185767
221259
1806146
226622
1003519
274198
496202
734716
665101
847652
483613
484899
867432
912520
496361
360872
263341
510693
536633
1348883
637032
1536208
520409
193009
607784
48915
501579
177439
154600
917504
634956
332575
421811
872215
