20844
48052
52285
43281
50835
28052
9641
49052
41090
87314
25390
46340
67842
47687
89790
26746
67386
6267
41285
44307
70080
73831
18033
77196
63187
22024
43489
112641
46593
26362
65495
28906
43266
28134
36532
40784
54918
13930
15656
47298
42342
93191
68899
56735
87910
80645
102869
41842
27295
41393
29684
20435
47427
35154
33116
43917
37494
54702
22513
75901
53344
93340
46850
33242
8203
44465
41692
45791
27311
28154
25235
24351
64073
35595
54672
49773
41019
40274
34513
93620
39539
37244
27102
18343
49971
32655
41247
100488
26816
61045
17714
36992
22311
25183
34297
28527
34562
52723
119108
29868
51923
23251
29973
36333
44732
144263
67773
39868
100132
16703
20679
59956
67486
19748
16761
54948
93535
21976
59644
121580
50931
42311
63062
35758
60340
36094
41272
52624
16962
49638
15784
43032
43219
69611
79454
67345
40864
13596
22630
22127
51543
46947
40167
64074
43570
24497
46385
26472
50283
39159
69619
33142
31636
54583
42721
43785
13781
48908
111989
30333
20650
47610
34650
82211
36147
36582
49977
30644
54589
37853
35608
34663
26825
73542
26515
51399
32397
22333
69732
45171
39349
22545
41064
62306
24896
52477
55939
8480
74561
41916
11815
36994
15953
31256
160338
29814
38196
25508
24193
56292
23984
43234
22138
25253
83783
38121
62292
37646
49487
19125
25709
47532
39466
39771
62897
37452
51739
22775
21924
53801
74332
43110
19136
63854
28235
41389
43939
20931
48082
28364
45099
67731
80448
35913
22302
38206
21779
14981
69540
24104
69789
27578
40533
39208
86392
13298
30719
23871
20950
30578
60423
53466
68883
12858
52103
64435
62618
21556
28210
68581
32505
55118
54714
16341
49301
48028
61601
22547
37108
30458
56246
27409
75354
47035
23910
36601
35219
64677
46656
4167
61875
109709
47832
23791
16350
51523
10158
32585
50250
19451
20205
17320
24423
20322
23615
54642
33110
103100
27840
95708
15617
17290
44590
35861
57104
46607
96350
28415
28141
44004
27992
11212
38797
34946
51352
23540
40606
27142
22303
73469
22223
32481
81522
9810
25599
63125
20427
19448
15814
29105
18956
21400
51833
33518
50536
27635
37866
14403
25920
45963
40937
21467
32779
38543
18277
40463
68896
21197
34788
36550
13839
14197
72934
47589
20537
27889
34855
60803
45621
21488
28434
44587
51299
70259
29769
43746
20684
38413
14700
36221
25086
38215
38749
176483
19161
32698
48451
22365
42242
27026
38401
47907
78824
15261
25560
33726
22207
18166
16374
31472
74015
53429
26912
73874
49984
93904
15363
21595
30337
43633
45888
48967
39273
26798
39692
28159
41509
14800
15321
19512
20485
29121
46976
13351
59933
69649
36642
49021
53082
80976
70689
28329
12575
29369
32932
61452
34645
70416
42453
72047
19774
27130
37337
40041
62797
25408
20722
17653
35444
42493
23753
24643
42464
82972
32451
33896
34687
42360
18059
37688
33735
25215
7159
60064
29669
33141
7728
25615
43546
51757
30551
20425
44585
56674
62654
20853
76527
33289
38401
37771
34009
34840
19348
20770
41946
62649
42544
16949
26300
43708
46145
45669
17371
52077
70205
24020
50506
22837
25219
52889
58006
14937
50185
45840
35647
52098
26934
24221
34440
30887
11430
23271
37947
26900
42469
47970
24090
41603
45745
47804
28411
54989
43668
28278
57088
22493
27099
58341
134346
31003
60101
18029
38232
27966
18737
37579
12765
42787
74980
45935
102234
16125
22132
24162
14219
48627
43217
11483
104087
42502
59508
20339
47301
88231
21994
38362
27385
37923
25098
54774
59950
12996
72408
54685
76088
63769
50791
14430
11416
51630
65398
24998
104666
32910
22390
36085
43673
70698
54398
24378
11705
69445
30202
26979
46914
43711
7149
33224
63160
48394
57789
63926
23267
19365
43775
10375
35991
81392
45021
31934
39737
27428
34144
41676
72434
21703
26816
74914
68757
17166
57202
31017
59177
41628
43360
88304
92084
26046
71911
40597
46289
72284
50772
26387
84598
26646
38238
32767
40378
17686
25356
49607
53335
38960
41673
64182
15787
60785
34923
61166
49118
25645
22915
94995
80262
39182
50755
112863
44495
58827
46906
25822
28160
33151
26337
20571
29952
37855
52251
29602
28566
22662
21897
28798
26121
20652
39870
45472
94382
16044
45684
27927
16645
40113
46044
48479
35491
22126
25222
28271
45175
27429
29294
26046
69147
28030
15971
61849
37085
32215
27476
46058
38427
62491
13440
26465
22570
64837
23021
54796
15630
46533
48994
63334
80236
20568
30022
55840
45764
76219
44982
68290
7741
40768
24469
22203
22780
15263
52217
48644
89844
26029
7612
46180
15192
33139
46655
92955
35354
18437
39550
48258
91218
33034
73593
41683
12763
56121
48597
26791
28549
55058
87743
14621
24861
31391
32808
34061
14945
17020
60739
14535
45470
61471
44728
33598
30207
28366
67792
22435
69106
32509
23137
26296
33925
42458
22796
23642
79068
54046
11706
63078
36588
60669
28494
11138
14142
11193
61813
20680
12606
53476
26272
38962
93738
58953
21172
29333
17605
46689
25033
17558
30200
79226
36191
56436
87893
67936
26883
70812
23035
23370
12076
59173
56703
17591
54099
33485
25852
113365
95730
29835
47651
42821
30399
68507
38521
56955
56633
71544
101337
135026
16384
39933
22106
41775
41007
54101
21685
28444
32505
35461
48216
59682
74343
49351
7910
14962
41234
47683
54794
36447
53754
33202
51474
57397
32720
19782
95599
34236
27413
12423
54133
36646
44667
20824
22583
53030
27875
52046
36497
22234
33519
38132
26382
36972
66854
43293
58062
41723
7715
76446
28927
38714
49137
26000
35435
24716
87055
23166
27958
38657
65529
40037
30909
23300
74174
12215
63123
54520
21803
40331
31502
36045
39956
62851
36520
16340
35000
31137
36810
13353
25392
43242
24343
22521
55489
43787
45076
38451
111996
23319
15976
47323
30735
36886
41352
186743
51129
41569
14338
23949
43337
33498
29957
45051
28624
46413
60201
29004
39484
42136
49953
66075
89849
47538
50274
35590
48405
45530
33355
87476
34993
40881
91059
61463
13788
30551
22251
50196
29554
34186
21985
38890
19664
60494
48550
26467
108070
39386
13674
40160
37528
54902
33377
27157
61483
36003
38623
106592
29054
21264
23262
34042
57394
14995
21805
35565
14340
23327
40393
18910
37204
58955
24516
33378
48501
63898
61307
56667
63576
26197
59626
44849
31811
37443
58247
42822
26754
33895
9503
41423
18612
19326
24700
42049
12763
17100
54546
30069
