349593,344223,1,5370,1,0,0,0,0,0
738915,367155,1,371760,1,0,0,0,0,0
1710234,1487036,1,223198,1,0,0,0,0,0
3044577,1542390,1,1502187,1,0,1,0,0,0
1614321,198394,1,1415927,1,0,0,0,0,0
1452994,481568,1,971426,1,0,0,0,0,0
1408915,545020,1,863895,1,0,0,0,0,0
247875,81,1,247794,1,0,0,0,0,0
543808,421704,1,122104,1,0,0,0,0,0
304740,168935,1,135805,1,0,0,0,0,0
622280,2744,1,619536,1,0,0,0,0,0
287142,35184,1,251958,1,0,0,0,0,0
1447258,1139603,1,307655,1,0,0,0,0,0
1426067,1306881,1,119186,1,0,0,0,0,0
1049621,292168,1,757453,1,0,0,0,0,0
899390,455730,1,443660,1,0,0,0,0,0
1506953,261312,1,1245641,1,0,0,0,0,0
1167605,480365,1,687240,1,0,0,0,0,0
2019537,1313533,1,706004,1,0,0,0,0,0
1344007,1343294,1,713,1,0,0,0,0,0
593009,421664,1,171345,1,0,0,0,0,0
2132718,397413,1,1735305,1,0,0,0,0,0
1769444,137189,1,1632255,1,0,1,0,0,0
890722,71616,1,819106,1,0,0,0,0,0
2976318,2355626,1,620692,1,0,0,0,0,0
1571655,90001,1,1481654,1,0,1,0,0,0
86784,1468,1,85316,1,0,0,0,0,0
1419561,790845,1,628716,1,0,0,0,0,0
2402238,2099639,1,302599,1,0,0,0,0,0
40726,3380,1,37346,1,0,0,0,0,0
1369808,500087,1,869721,1,0,0,0,0,0
928424,320508,1,607916,1,0,0,0,0,0
166128,61749,1,104379,1,0,0,0,0,0
338142,223311,1,114831,1,0,0,0,0,0
982697,791154,1,191543,1,0,4,0,0,0
1192244,1480,1,1190764,1,0,0,0,0,0
647934,427504,1,220430,1,0,0,0,0,0
509137,294772,1,214365,1,0,0,0,0,0
821762,693195,1,128567,1,0,0,0,0,0
592106,175862,1,416244,1,0,0,0,0,0
1394248,770608,1,623640,1,0,0,0,0,0
3137918,238295,1,2899623,1,0,2,0,0,0
1799997,452340,1,1347657,1,0,1,0,0,0
18833,15574,1,3259,1,0,0,0,0,0
1149609,476976,1,672633,1,0,1,0,0,0
2388096,501765,1,1886331,1,0,3,0,0,0
1846908,1129991,1,716917,1,0,0,0,0,0
2391935,183819,1,2208116,1,0,2,0,0,0
2048383,1569758,1,478625,1,0,0,0,0,0
410659,267389,1,143270,1,0,0,0,0,0
662740,367135,1,295605,1,0,0,0,0,0
1215472,70520,1,1144952,1,0,0,0,0,0
1325648,350708,1,974940,1,0,0,0,0,0
464108,713,1,463395,1,0,0,0,0,0
2205933,689524,1,1516409,1,0,0,0,0,0
1956699,1441264,1,515435,1,0,0,0,0,0
570163,334,1,569829,1,0,0,0,0,0
938381,86165,1,852216,1,0,0,0,0,0
593308,8128,1,585180,1,0,0,0,0,0
569492,310441,1,259051,1,0,0,0,0,0
1934471,72,1,1934399,1,0,1,0,0,0
539931,133791,1,406140,1,0,0,0,0,0
671902,100274,1,571628,1,0,0,0,0,0
3481625,631239,1,2850386,1,0,3,0,0,0
372033,62620,1,309413,1,0,0,0,0,0
503875,119330,1,384545,1,0,0,0,0,0
118821,750,1,118071,1,0,0,0,0,0
2248800,1919701,1,329099,1,0,0,0,0,0
1459957,1117655,1,342302,1,0,0,0,0,0
2659932,108969,1,2550963,1,0,1,0,0,0
553295,40710,1,512585,1,0,1,0,0,0
485119,211799,1,273320,1,0,0,0,0,0
1281958,881400,1,400558,1,0,0,0,0,0
2175079,1941139,1,233940,1,0,0,0,0,0
1049027,29080,1,1019947,1,0,2,0,0,0
2125780,2019083,1,106697,1,0,0,0,0,0
998095,695754,1,302341,1,0,0,0,0,0
2549977,1236837,1,1313140,1,0,1,0,0,0
837614,670011,1,167603,1,0,2,0,0,0
2646296,2472479,1,173817,1,0,0,0,0,0
486742,181130,1,305612,1,0,0,0,0,0
2384472,721289,1,1663183,1,0,0,0,0,0
299456,49284,1,250172,1,0,0,0,0,0
2232960,2048687,1,184273,1,0,0,0,0,0
1276357,629619,1,646738,1,0,0,0,0,0
806682,337832,1,468850,1,0,0,0,0,0
2916931,2783674,1,133257,1,0,0,0,0,0
320132,120066,1,200066,1,0,0,0,0,0
2196053,222736,1,1973317,1,0,1,0,0,0
2666730,807812,1,1858918,1,0,0,0,0,0
696296,469690,1,226606,1,0,0,0,0,0
173415,9134,1,164281,1,0,0,0,0,0
501438,467106,1,34332,1,0,0,0,0,0
2953218,258633,1,2694585,1,0,0,0,0,0
913893,777694,1,136199,1,0,1,0,0,0
1215929,201260,1,1014669,1,0,0,0,0,0
1350248,884065,1,466183,1,0,0,0,0,0
536332,467427,1,68905,1,0,0,0,0,0
417123,49519,1,367604,1,0,0,0,0,0
1824511,1155958,1,668553,1,0,2,0,0,0
598600,430859,1,167741,1,0,0,0,0,0
1011373,339062,1,672311,1,0,0,0,0,0
1437349,971157,1,466192,1,0,1,0,0,0
1171012,725424,1,445588,1,0,0,0,0,0
1434393,321826,1,1112567,1,0,0,0,0,0
313022,5492,1,307530,1,0,0,0,0,0
596764,557003,1,39761,1,0,0,0,0,0
1538246,2456,1,1535790,1,0,0,0,0,0
2553752,1830913,1,722839,1,0,0,0,0,0
670235,437996,1,232239,1,0,0,0,0,0
1747308,834666,1,912642,1,0,1,0,0,0
1892858,1804558,1,88300,1,0,3,0,0,0
690850,436742,1,254108,1,0,0,0,0,0
831551,327232,1,504319,1,0,0,0,0,0
2690954,229591,1,2461363,1,0,0,0,0,0
1325187,19128,1,1306059,1,0,0,0,0,0
334114,198,1,333916,1,0,0,0,0,0
1296850,343705,1,953145,1,0,0,0,0,0
1554211,548,1,1553663,1,0,0,0,0,0
1819543,1742284,1,77259,1,0,0,0,0,0
685708,212685,1,473023,1,0,0,0,0,0
1034398,287101,1,747297,1,0,0,0,0,0
779789,493365,1,286424,1,0,1,0,0,0
732619,404885,1,327734,1,0,0,0,0,0
945556,878815,1,66741,1,0,0,0,0,0
1713357,762716,1,950641,1,0,0,0,0,0
2236620,1860596,1,376024,1,0,0,0,0,0
1644301,405863,1,1238438,1,0,0,0,0,0
877117,183474,1,693643,1,0,0,0,0,0
832642,785364,1,47278,1,0,0,0,0,0
155383,153670,1,1713,1,0,0,0,0,0
781056,613433,1,167623,1,0,1,0,0,0
2204890,1133059,1,1071831,1,0,1,0,0,0
108643,105883,1,2760,1,0,0,0,0,0
702656,535566,1,167090,1,0,0,0,0,0
2128525,505065,1,1623460,1,0,1,0,0,0
952521,660863,1,291658,1,0,0,0,0,0
519544,152357,1,367187,1,0,0,0,0,0
707917,490376,1,217541,1,0,0,0,0,0
55156,511,1,54645,1,0,0,0,0,0
682752,315162,1,367590,1,0,0,0,0,0
527417,2437,1,524980,1,0,0,0,0,0
1047510,643486,1,404024,1,0,0,0,0,0
748170,628237,1,119933,1,0,0,0,0,0
2740594,629058,1,2111536,1,0,4,0,0,0
3179724,1451768,1,1727956,1,0,0,0,0,0
1425923,10351,1,1415572,1,0,1,0,0,0
668599,623983,1,44616,1,0,0,0,0,0
214929,185058,1,29871,1,0,0,0,0,0
335336,93990,1,241346,1,0,0,0,0,0
983831,956649,1,27182,1,0,0,0,0,0
925266,50977,1,874289,1,0,1,0,0,0
1450806,661747,1,789059,1,0,4,0,0,0
1602009,866496,1,735513,1,0,0,0,0,0
1113573,966759,1,146814,1,0,0,0,0,0
1375866,812360,1,563506,1,0,0,0,0,0
605424,265418,1,340006,1,0,1,0,0,0
843703,342838,1,500865,1,0,0,0,0,0
556638,258003,1,298635,1,0,0,0,0,0
1937710,379558,1,1558152,1,0,0,0,0,0
1292151,931186,1,360965,1,0,0,0,0,0
968307,967904,1,403,1,0,0,0,0,0
103934,811,1,103123,1,0,0,0,0,0
1584433,185674,1,1398759,1,0,0,0,0,0
1215042,1106441,1,108601,1,0,0,0,0,0
3293920,2129462,1,1164458,1,0,0,0,0,0
234785,138111,1,96674,1,0,0,0,0,0
777948,499259,1,278689,1,0,0,0,0,0
583035,73078,1,509957,1,0,0,0,0,0
871205,626358,1,244847,1,0,0,0,0,0
1074048,171590,1,902458,1,0,0,0,0,0
1457566,688413,1,769153,1,0,1,0,0,0
1792554,1779469,1,13085,1,0,0,0,0,0
1130083,195674,1,934409,1,0,0,0,0,0
2241682,355616,1,1886066,1,0,1,0,0,0
911993,455450,1,456543,1,0,0,0,0,0
199834,20513,1,179321,1,0,0,0,0,0
651403,649565,1,1838,1,0,0,0,0,0
1981795,657856,1,1323939,1,0,1,0,0,0
699274,552050,1,147224,1,0,0,0,0,0
477288,117491,1,359797,1,0,0,0,0,0
633295,103079,1,530216,1,0,2,0,0,0
3915274,1295387,1,2619887,1,0,4,0,0,0
333937,85257,1,248680,1,0,0,0,0,0
2412611,2019288,1,393323,1,0,0,0,0,0
1626461,952671,1,673790,1,0,0,0,0,0
843549,148871,1,694678,1,0,0,0,0,0
869940,752782,1,117158,1,0,0,0,0,0
949290,137040,1,812250,1,0,0,0,0,0
681732,564514,1,117218,1,0,0,0,0,0
2207855,966998,1,1240857,1,0,2,0,0,0
1528351,793407,1,734944,1,0,0,0,0,0
110858,8984,1,101874,1,0,0,0,0,0
280100,217964,1,62136,1,0,0,0,0,0
1372231,716031,1,656200,1,0,0,0,0,0
2469672,849317,1,1620355,1,0,0,0,0,0
1751551,537275,1,1214276,1,0,2,0,0,0
2204643,1748185,1,456458,1,0,0,0,0,0
1997682,1030707,1,966975,1,0,0,0,0,0
716392,300518,1,415874,1,0,0,0,0,0
2204735,1299193,1,905542,1,0,0,0,0,0
1868085,575876,1,1292209,1,0,0,0,0,0
1001553,521340,1,480213,1,0,0,0,0,0
856497,69147,1,787350,1,0,1,0,0,0
755287,114185,1,641102,1,0,0,0,0,0
1364777,490157,1,874620,1,0,1,0,0,0
5732341,2160424,1,3571917,1,0,2,0,0,0
1597841,80206,1,1517635,1,0,0,0,0,0
1004050,533609,1,470441,1,0,0,0,0,0
304875,195601,1,109274,1,0,0,0,0,0
576235,13910,1,562325,1,0,0,0,0,0
776529,246359,1,530170,1,0,0,0,0,0
802921,618,1,802303,1,0,0,0,0,0
574413,560438,1,13975,1,0,0,0,0,0
1633585,1469401,1,164184,1,0,0,0,0,0
227800,647,1,227153,1,0,0,0,0,0
849108,100296,1,748812,1,0,0,0,0,0
2133934,320,1,2133614,1,0,0,0,0,0
497142,239126,1,258016,1,0,0,0,0,0
1531841,466123,1,1065718,1,0,0,0,0,0
819388,519904,1,299484,1,0,0,0,0,0
1934206,1247404,1,686802,1,0,0,0,0,0
618612,616544,1,2068,1,0,0,0,0,0
455810,14273,1,441537,1,0,0,0,0,0
576663,552276,1,24387,1,0,0,0,0,0
7193998,3364026,1,3829972,1,0,2,0,0,0
588874,369437,1,219437,1,0,0,0,0,0
2642312,185809,1,2456503,1,0,0,0,0,0
429378,14543,1,414835,1,0,0,0,0,0
494993,317405,1,177588,1,0,0,0,0,0
1065371,309934,1,755437,1,0,0,0,0,0
1457232,358820,1,1098412,1,0,0,0,0,0
386351,166499,1,219852,1,0,0,0,0,0
231749,182349,1,49400,1,0,0,0,0,0
1715691,1007445,1,708246,1,0,0,0,0,0
1558638,1311118,1,247520,1,0,0,0,0,0
2457039,392084,1,2064955,1,0,0,0,0,0
1089171,374214,1,714957,1,0,1,0,0,0
452420,230113,1,222307,1,0,0,0,0,0
550578,449195,1,101383,1,0,0,0,0,0
276308,47848,1,228460,1,0,0,0,0,0
1455007,553377,1,901630,1,0,1,0,0,0
411845,127548,1,284297,1,0,0,0,0,0
827748,519881,1,307867,1,0,0,0,0,0
160601,96436,1,64165,1,0,0,0,0,0
2165003,1096306,1,1068697,1,0,0,0,0,0
515553,222527,1,293026,1,0,0,0,0,0
2567047,113969,1,2453078,1,0,1,0,0,0
1898356,969092,1,929264,1,0,2,0,0,0
534651,119477,1,415174,1,0,0,0,0,0
2014745,21288,1,1993457,1,0,0,0,0,0
967414,437520,1,529894,1,0,0,0,0,0
913852,773230,1,140622,1,0,0,0,0,0
269726,225471,1,44255,1,0,0,0,0,0
579434,550241,1,29193,1,0,0,0,0,0
217240,108531,1,108709,1,0,0,0,0,0
1070019,155257,1,914762,1,0,0,0,0,0
513152,105235,1,407917,1,0,0,0,0,0
1648581,52991,1,1595590,1,0,0,0,0,0
1067920,1044892,1,23028,1,0,0,0,0,0
3183797,323768,1,2860029,1,0,0,0,0,0
162203,153115,1,9088,1,0,0,0,0,0
802121,599060,1,203061,1,0,0,0,0,0
868885,1060,1,867825,1,0,0,0,0,0
3306118,1676705,1,1629413,1,0,3,0,0,0
559533,250402,1,309131,1,0,0,0,0,0
983340,281572,1,701768,1,0,0,0,0,0
749836,30811,1,719025,1,0,0,0,0,0
2849066,172000,1,2677066,1,0,0,0,0,0
1357339,538212,1,819127,1,0,0,0,0,0
1971494,1416169,1,555325,1,0,0,0,0,0
706227,552121,1,154106,1,0,0,0,0,0
2340340,175867,1,2164473,1,0,0,0,0,0
1173012,720669,1,452343,1,0,0,0,0,0
281012,3428,1,277584,1,0,0,0,0,0
2345057,348054,1,1997003,1,0,0,0,0,0
1143077,144846,1,998231,1,0,0,0,0,0
1208841,994916,1,213925,1,0,0,0,0,0
1067422,159030,1,908392,1,0,0,0,0,0
2341820,1268457,1,1073363,1,0,0,0,0,0
1096267,452934,1,643333,1,0,0,0,0,0
3928664,3659707,1,268957,1,0,0,0,0,0
920439,739310,1,181129,1,0,0,0,0,0
3650646,2153730,1,1496916,1,0,5,0,0,0
490385,219811,1,270574,1,0,0,0,0,0
1916149,473809,1,1442340,1,0,0,0,0,0
999816,94122,1,905694,1,0,2,0,0,0
945663,820880,1,124783,1,0,0,0,0,0
637162,407025,1,230137,1,0,0,0,0,0
2753784,1718966,1,1034818,1,0,0,0,0,0
1299334,727586,1,571748,1,0,3,0,0,0
2167623,150323,1,2017300,1,0,0,0,0,0
1409245,365528,1,1043717,1,0,2,0,0,0
1533967,699019,1,834948,1,0,1,0,0,0
2468323,22406,1,2445917,1,0,0,0,0,0
1642633,242226,1,1400407,1,0,0,0,0,0
477305,24013,1,453292,1,0,0,0,0,0
334487,1660,1,332827,1,0,0,0,0,0
1828046,384273,1,1443773,1,0,0,0,0,0
891544,731911,1,159633,1,0,0,0,0,0
902525,417485,1,485040,1,0,1,0,0,0
1239096,604931,1,634165,1,0,0,0,0,0
1035242,4056,1,1031186,1,0,4,0,0,0
1668644,152868,1,1515776,1,0,0,0,0,0
1157241,1095263,1,61978,1,0,0,0,0,0
679187,111788,1,567399,1,0,1,0,0,0
2436632,34348,1,2402284,1,0,0,0,0,0
1184484,222770,1,961714,1,0,0,0,0,0
2006782,1997343,1,9439,1,0,0,0,0,0
1504791,315283,1,1189508,1,0,0,0,0,0
1438509,975100,1,463409,1,0,2,0,0,0
603522,489187,1,114335,1,0,0,0,0,0
476795,311272,1,165523,1,0,0,0,0,0
1129142,795685,1,333457,1,0,0,0,0,0
974081,95081,1,879000,1,0,0,0,0,0
722663,333467,1,389196,1,0,0,0,0,0
1186916,756899,1,430017,1,0,0,0,0,0
815473,189119,1,626354,1,0,0,0,0,0
2261267,436943,1,1824324,1,0,3,0,0,0
1357593,499343,1,858250,1,0,1,0,0,0
637145,502300,1,134845,1,0,0,0,0,0
846910,528422,1,318488,1,0,0,0,0,0
802467,202660,1,599807,1,0,0,0,0,0
288816,274418,1,14398,1,0,0,0,0,0
958911,375042,1,583869,1,0,0,0,0,0
792048,457121,1,334927,1,0,0,0,0,0
592211,74717,1,517494,1,0,0,0,0,0
2772325,1652509,1,1119816,1,0,0,0,0,0
1182344,283329,1,899015,1,0,0,0,0,0
660837,162708,1,498129,1,0,0,0,0,0
1181242,129518,1,1051724,1,0,0,0,0,0
405709,345501,1,60208,1,0,0,0,0,0
372864,282798,1,90066,1,0,0,0,0,0
3833320,663065,1,3170255,1,0,2,0,0,0
1386028,540506,1,845522,1,0,0,0,0,0
967894,623078,1,344816,1,0,0,0,0,0
833875,832308,1,1567,1,0,0,0,0,0
1246095,642130,1,603965,1,0,1,0,0,0
1478255,657519,1,820736,1,0,0,0,0,0
574288,30796,1,543492,1,0,0,0,0,0
1115748,962813,1,152935,1,0,0,0,0,0
2547587,384623,1,2162964,1,0,0,0,0,0
921299,148757,1,772542,1,0,0,0,0,0
309628,1817,1,307811,1,0,0,0,0,0
451544,442261,1,9283,1,0,0,0,0,0
2180822,106745,1,2074077,1,0,0,0,0,0
1448136,163326,1,1284810,1,0,0,0,0,0
2098595,174770,1,1923825,1,0,4,0,0,0
339169,47061,1,292108,1,0,0,0,0,0
810571,240333,1,570238,1,0,0,0,0,0
735306,710919,1,24387,1,0,0,0,0,0
804688,449186,1,355502,1,0,0,0,0,0
1112270,576425,1,535845,1,0,0,0,0,0
3018398,1388627,1,1629771,1,0,0,0,0,0
1301613,182941,1,1118672,1,0,0,0,0,0
709549,4127,1,705422,1,0,0,0,0,0
472489,321758,1,150731,1,0,0,0,0,0
1923640,1053092,1,870548,1,0,0,0,0,0
1022575,38307,1,984268,1,0,0,0,0,0
490324,155926,1,334398,1,0,0,0,0,0
1285797,553713,1,732084,1,0,0,0,0,0
899207,409063,1,490144,1,0,0,0,0,0
251057,94389,1,156668,1,0,0,0,0,0
2232556,1058239,1,1174317,1,0,0,0,0,0
1998887,305231,1,1693656,1,0,0,0,0,0
1050766,903758,1,147008,1,0,0,0,0,0
977883,833605,1,144278,1,0,0,0,0,0
838040,820726,1,17314,1,0,0,0,0,0
456285,268874,1,187411,1,0,0,0,0,0
171248,168953,1,2295,1,0,0,0,0,0
641317,1046,1,640271,1,0,0,0,0,0
238921,54588,1,184333,1,0,0,0,0,0
696550,652361,1,44189,1,0,0,0,0,0
2866087,1072436,1,1793651,1,0,0,0,0,0
213803,161361,1,52442,1,0,0,0,0,0
2111117,2052861,1,58256,1,0,0,0,0,0
1276674,505644,1,771030,1,0,0,0,0,0
1539424,1240167,1,299257,1,0,1,0,0,0
564765,74120,1,490645,1,0,0,0,0,0
159996,73777,1,86219,1,0,0,0,0,0
1036747,74073,1,962674,1,0,0,0,0,0
146034,141737,1,4297,1,0,0,0,0,0
1987555,278791,1,1708764,1,0,0,0,0,0
844645,38851,1,805794,1,0,0,0,0,0
256598,32579,1,224019,1,0,0,0,0,0
2168480,278316,1,1890164,1,0,1,0,0,0
3055718,2728998,1,326720,1,0,1,0,0,0
2158510,1136146,1,1022364,1,0,0,0,0,0
1711795,287463,1,1424332,1,0,0,0,0,0
2362290,418395,1,1943895,1,0,1,0,0,0
1067463,810741,1,256722,1,0,0,0,0,0
763126,412676,1,350450,1,0,0,0,0,0
589069,586653,1,2416,1,0,0,0,0,0
58850,701,1,58149,1,0,0,0,0,0
48419,46995,1,1424,1,0,0,0,0,0
710217,169035,1,541182,1,0,0,0,0,0
80982,16136,1,64846,1,0,0,0,0,0
1631134,169944,1,1461190,1,0,1,0,0,0
1809466,146,1,1809320,1,0,1,0,0,0
1415407,728663,1,686744,1,0,0,0,0,0
1714985,516765,1,1198220,1,0,0,0,0,0
1654139,273438,1,1380701,1,0,0,0,0,0
1227294,149900,1,1077394,1,0,0,0,0,0
2435391,260219,1,2175172,1,0,0,0,0,0
2567592,864988,1,1702604,1,0,0,0,0,0
2949830,288283,1,2661547,1,0,0,0,0,0
1121675,368393,1,753282,1,0,1,0,0,0
1168035,55207,1,1112828,1,0,1,0,0,0
407973,20649,1,387324,1,0,0,0,0,0
1604007,302383,1,1301624,1,0,0,0,0,0
307689,129234,1,178455,1,0,0,0,0,0
1411636,1181920,1,229716,1,0,0,0,0,0
461273,39824,1,421449,1,0,1,0,0,0
3019827,335710,1,2684117,1,0,3,0,0,0
368615,18827,1,349788,1,0,0,0,0,0
815417,634479,1,180938,1,0,0,0,0,0
625313,129297,1,496016,1,0,1,0,0,0
804219,180960,1,623259,1,0,0,0,0,0
953940,95239,1,858701,1,0,0,0,0,0
1554301,185227,1,1369074,1,0,0,0,0,0
1410911,438477,1,972434,1,0,0,0,0,0
847429,115284,1,732145,1,0,0,0,0,0
1520007,251306,1,1268701,1,0,0,0,0,0
499310,117377,1,381933,1,0,0,0,0,0
376101,739,1,375362,1,0,0,0,0,0
270164,193846,1,76318,1,0,0,0,0,0
1634491,969858,1,664633,1,0,0,0,0,0
492247,157993,1,334254,1,0,0,0,0,0
344495,37175,1,307320,1,0,0,0,0,0
85349,314,1,85035,1,0,0,0,0,0
2825907,1690055,1,1135852,1,0,2,0,0,0
1099448,701524,1,397924,1,0,1,0,0,0
281626,14659,1,266967,1,0,0,0,0,0
313378,159425,1,153953,1,0,0,0,0,0
3235074,1280625,1,1954449,1,0,1,0,0,0
1187120,520081,1,667039,1,0,0,0,0,0
768429,426036,1,342393,1,0,0,0,0,0
2280213,735606,1,1544607,1,0,0,0,0,0
1099680,32138,1,1067542,1,0,1,0,0,0
1829967,1814725,1,15242,1,0,0,0,0,0
76623,149,1,76474,1,0,0,0,0,0
1796963,146179,1,1650784,1,0,1,0,0,0
92076,877,1,91199,1,0,0,0,0,0
312732,208106,1,104626,1,0,0,0,0,0
2008787,1325096,1,683691,1,0,0,0,0,0
190829,50403,1,140426,1,0,0,0,0,0
264200,170559,1,93641,1,0,0,0,0,0
335780,666,1,335114,1,0,0,0,0,0
2479621,751592,1,1728029,1,0,0,0,0,0
491011,462283,1,28728,1,0,0,0,0,0
1832106,872528,1,959578,1,0,0,0,0,0
1365138,522424,1,842714,1,0,2,0,0,0
931826,813152,1,118674,1,0,0,0,0,0
534403,438085,1,96318,1,0,0,0,0,0
358825,216237,1,142588,1,0,0,0,0,0
1476688,790536,1,686152,1,0,0,0,0,0
293716,61129,1,232587,1,0,0,0,0,0
1241440,40577,1,1200863,1,0,0,0,0,0
2299143,1238998,1,1060145,1,0,1,0,0,0
1224750,467105,1,757645,1,0,0,0,0,0
2721261,1177990,1,1543271,1,0,0,0,0,0
301022,210814,1,90208,1,0,0,0,0,0
2054441,228494,1,1825947,1,0,0,0,0,0
621790,7299,1,614491,1,0,2,0,0,0
3099237,81664,1,3017573,1,0,1,0,0,0
714824,261139,1,453685,1,0,0,0,0,0
1736987,1648091,1,88896,1,0,0,0,0,0
1396272,785153,1,611119,1,0,0,0,0,0
1071901,654659,1,417242,1,0,0,0,0,0
2061247,864268,1,1196979,1,0,2,0,0,0
1842352,265326,1,1577026,1,0,0,0,0,0
2468545,112333,1,2356212,1,0,0,0,0,0
997465,932718,1,64747,1,0,0,0,0,0
3191784,484,1,3191300,1,0,1,0,0,0
1557377,681722,1,875655,1,0,1,0,0,0
533459,532108,1,1351,1,0,0,0,0,0
905310,460381,1,444929,1,0,0,0,0,0
66565,2079,1,64486,1,0,0,0,0,0
423681,205543,1,218138,1,0,0,0,0,0
2940,333,1,2607,1,0,0,0,0,0
192397,148,1,192249,1,0,0,0,0,0
566524,564634,1,1890,1,0,0,0,0,0
1577080,461323,1,1115757,1,0,0,0,0,0
500508,48260,1,452248,1,0,0,0,0,0
647209,390659,1,256550,1,0,0,0,0,0
99806,38676,1,61130,1,0,0,0,0,0
3508115,575925,1,2932190,1,0,0,0,0,0
1627261,1411413,1,215848,1,0,1,0,0,0
997010,56308,1,940702,1,0,1,0,0,0
543103,148353,1,394750,1,0,0,0,0,0
119520,2302,1,117218,1,0,0,0,0,0
1222098,298257,1,923841,1,0,0,0,0,0
413524,314565,1,98959,1,0,0,0,0,0
628615,358771,1,269844,1,0,2,0,0,0
333342,48633,1,284709,1,0,0,0,0,0
84392,1074,1,83318,1,0,0,0,0,0
615640,308589,1,307051,1,0,0,0,0,0
655480,241580,1,413900,1,0,0,0,0,0
2963791,1501719,1,1462072,1,0,1,0,0,0
2430680,864996,1,1565684,1,0,0,0,0,0
2359206,1381467,1,977739,1,0,0,0,0,0
342753,129165,1,213588,1,0,0,0,0,0
699633,162192,1,537441,1,0,0,0,0,0
1319879,513791,1,806088,1,0,1,0,0,0
2578555,1211756,1,1366799,1,0,0,0,0,0
547575,511066,1,36509,1,0,0,0,0,0
1642243,1024302,1,617941,1,0,0,0,0,0
979999,680331,1,299668,1,0,0,0,0,0
2279065,297116,1,1981949,1,0,1,0,0,0
1574711,1284860,1,289851,1,0,0,0,0,0
1641283,1031616,1,609667,1,0,0,0,0,0
913901,218035,1,695866,1,0,0,0,0,0
1306962,794092,1,512870,1,0,0,0,0,0
1354304,813710,1,540594,1,0,0,0,0,0
307156,53404,1,253752,1,0,0,0,0,0
755791,495073,1,260718,1,0,0,0,0,0
1602783,407406,1,1195377,1,0,1,0,0,0
1700911,1184162,1,516749,1,0,0,0,0,0
4537180,506104,1,4031076,1,0,0,0,0,0
3574626,2209529,1,1365097,1,0,1,0,0,0
1872844,637179,1,1235665,1,0,0,0,0,0
2904266,24725,1,2879541,1,0,1,0,0,0
873367,856423,1,16944,1,0,0,0,0,0
1865984,308132,1,1557852,1,0,0,0,0,0
1817330,879197,1,938133,1,0,0,0,0,0
168094,145005,1,23089,1,0,0,0,0,0
591117,477439,1,113678,1,0,0,0,0,0
1394364,453137,1,941227,1,0,0,0,0,0
712905,629308,1,83597,1,0,0,0,0,0
1318027,485901,1,832126,1,0,1,0,0,0
472573,143033,1,329540,1,0,0,0,0,0
2165787,881913,1,1283874,1,0,1,0,0,0
1051606,836305,1,215301,1,0,0,0,0,0
1176321,688674,1,487647,1,0,0,0,0,0
614317,32774,1,581543,1,0,0,0,0,0
2278076,56316,1,2221760,1,0,0,0,0,0
1360938,159607,1,1201331,1,0,0,0,0,0
890068,75873,1,814195,1,0,1,0,0,0
958460,909326,1,49134,1,0,0,0,0,0
1456539,672679,1,783860,1,0,0,0,0,0
1738275,812347,1,925928,1,0,0,0,0,0
1586179,1427435,1,158744,1,0,0,0,0,0
1432261,191926,1,1240335,1,0,0,0,0,0
243076,16544,1,226532,1,0,0,0,0,0
1209621,61351,1,1148270,1,0,0,0,0,0
1652408,487588,1,1164820,1,0,0,0,0,0
2251339,480176,1,1771163,1,0,0,0,0,0
143589,542,1,143047,1,0,0,0,0,0
1572853,647232,1,925621,1,0,1,0,0,0
160498,3866,1,156632,1,0,0,0,0,0
378533,102245,1,276288,1,0,0,0,0,0
1152628,380799,1,771829,1,0,0,0,0,0
1181568,101639,1,1079929,1,0,0,0,0,0
1150810,623760,1,527050,1,0,0,0,0,0
1896578,42096,1,1854482,1,0,4,0,0,0
938838,165479,1,773359,1,0,0,0,0,0
1001136,121399,1,879737,1,0,0,0,0,0
4686950,96304,1,4590646,1,0,3,0,0,0
1366246,225113,1,1141133,1,0,1,0,0,0
1854621,1564144,1,290477,1,0,0,0,0,0
2316853,131429,1,2185424,1,0,0,0,0,0
1518893,29562,1,1489331,1,0,1,0,0,0
1994749,1170628,1,824121,1,0,0,0,0,0
566147,52072,1,514075,1,0,0,0,0,0
1408420,963474,1,444946,1,0,0,0,0,0
1196176,384654,1,811522,1,0,0,0,0,0
1772883,370379,1,1402504,1,0,1,0,0,0
893048,7780,1,885268,1,0,0,0,0,0
2190283,1899680,1,290603,1,0,2,0,0,0
944139,372483,1,571656,1,0,0,0,0,0
1525621,213388,1,1312233,1,0,1,0,0,0
1058440,728319,1,330121,1,0,0,0,0,0
1813477,278001,1,1535476,1,0,0,0,0,0
434137,411785,1,22352,1,0,0,0,0,0
666091,467250,1,198841,1,0,0,0,0,0
1972659,1002423,1,970236,1,0,1,0,0,0
1357908,461430,1,896478,1,0,0,0,0,0
2586861,1965197,1,621664,1,0,0,0,0,0
646430,314,1,646116,1,0,0,0,0,0
310142,120119,1,190023,1,0,0,0,0,0
428391,59,1,428332,1,0,0,0,0,0
543854,51792,1,492062,1,0,0,0,0,0
829666,594633,1,235033,1,0,0,0,0,0
1022771,510069,1,512702,1,0,0,0,0,0
1319232,1236563,1,82669,1,0,0,0,0,0
838809,188969,1,649840,1,0,0,0,0,0
252856,109495,1,143361,1,0,0,0,0,0
565095,153400,1,411695,1,0,0,0,0,0
362288,50251,1,312037,1,0,0,0,0,0
1680493,773780,1,906713,1,0,0,0,0,0
626856,585,1,626271,1,0,1,0,0,0
1604511,1602041,1,2470,1,0,0,0,0,0
1773510,295238,1,1478272,1,0,0,0,0,0
920880,414872,1,506008,1,0,0,0,0,0
1203255,170562,1,1032693,1,0,0,0,0,0
316890,143509,1,173381,1,0,0,0,0,0
2623796,760841,1,1862955,1,0,0,0,0,0
994295,507208,1,487087,1,0,0,0,0,0
689559,194824,1,494735,1,0,0,0,0,0
805001,444208,1,360793,1,0,1,0,0,0
642016,156,1,641860,1,0,0,0,0,0
600797,165,1,600632,1,0,1,0,0,0
3600844,35974,1,3564870,1,0,0,0,0,0
3764972,1589884,1,2175088,1,0,0,0,0,0
2148901,328627,1,1820274,1,0,1,0,0,0
284118,96461,1,187657,1,0,0,0,0,0
1076369,553674,1,522695,1,0,0,0,0,0
541885,363879,1,178006,1,0,0,0,0,0
841844,80,1,841764,1,0,0,0,0,0
2033337,677912,1,1355425,1,0,0,0,0,0
563960,476964,1,86996,1,0,0,0,0,0
1388435,316798,1,1071637,1,0,0,0,0,0
2226472,11619,1,2214853,1,0,0,0,0,0
662135,264249,1,397886,1,0,0,0,0,0
2254724,474243,1,1780481,1,0,1,0,0,0
1327727,1014139,1,313588,1,0,0,0,0,0
2759882,316163,1,2443719,1,0,0,0,0,0
840226,788,1,839438,1,0,3,0,0,0
1240130,322466,1,917664,1,0,1,0,0,0
1179068,603790,1,575278,1,0,0,0,0,0
1140495,850333,1,290162,1,0,0,0,0,0
2545660,64454,1,2481206,1,0,0,0,0,0
577208,222220,1,354988,1,0,0,0,0,0
1292749,1234022,1,58727,1,0,0,0,0,0
1589435,480118,1,1109317,1,0,2,0,0,0
3108449,318570,1,2789879,1,0,0,0,0,0
1320092,1020932,1,299160,1,0,0,0,0,0
570289,393231,1,177058,1,0,0,0,0,0
668687,271358,1,397329,1,0,2,0,0,0
132658,106555,1,26103,1,0,0,0,0,0
257616,255167,1,2449,1,0,0,0,0,0
1249109,1061195,1,187914,1,0,0,0,0,0
379777,282682,1,97095,1,0,0,0,0,0
830773,279497,1,551276,1,0,0,0,0,0
606215,1971,1,604244,1,0,0,0,0,0
514244,59560,1,454684,1,0,0,0,0,0
3145378,16237,1,3129141,1,0,0,0,0,0
2441161,404691,1,2036470,1,0,0,0,0,0
1133125,97879,1,1035246,1,0,0,0,0,0
1412628,1331478,1,81150,1,0,0,0,0,0
856391,220432,1,635959,1,0,1,0,0,0
2536819,1443629,1,1093190,1,0,0,0,0,0
1865748,1201750,1,663998,1,0,1,0,0,0
2786831,866,1,2785965,1,0,2,0,0,0
217961,846,1,217115,1,0,0,0,0,0
1730047,565103,1,1164944,1,0,0,0,0,0
958607,488977,1,469630,1,0,0,0,0,0
1070680,633824,1,436856,1,0,0,0,0,0
585289,75535,1,509754,1,0,0,0,0,0
416865,299668,1,117197,1,0,0,0,0,0
2484118,1590730,1,893388,1,0,0,0,0,0
2106099,1630768,1,475331,1,0,0,0,0,0
2927082,2155692,1,771390,1,0,1,0,0,0
771227,750950,1,20277,1,0,0,0,0,0
547951,132789,1,415162,1,0,0,0,0,0
731282,427815,1,303467,1,0,0,0,0,0
3986083,1178809,1,2807274,1,0,0,0,0,0
172515,436,1,172079,1,0,0,0,0,0
861133,627103,1,234030,1,0,0,0,0,0
921231,161897,1,759334,1,0,0,0,0,0
245343,228324,1,17019,1,0,0,0,0,0
960133,38090,1,922043,1,0,0,0,0,0
379975,20748,1,359227,1,0,0,0,0,0
799590,616565,1,183025,1,0,0,0,0,0
3677933,3379281,1,298652,1,0,0,0,0,0
1805430,342272,1,1463158,1,0,0,0,0,0
1250897,878111,1,372786,1,0,0,0,0,0
1448990,87311,1,1361679,1,0,0,0,0,0
377714,262071,1,115643,1,0,0,0,0,0
2253096,1815381,1,437715,1,0,0,0,0,0
599125,297916,1,301209,1,0,3,0,0,0
109191,638,1,108553,1,0,0,0,0,0
3055211,2029368,1,1025843,1,0,8,0,0,0
174513,138531,1,35982,1,0,0,0,0,0
1143905,1141231,1,2674,1,0,0,0,0,0
499663,74133,1,425530,1,0,0,0,0,0
500471,95980,1,404491,1,0,0,0,0,0
672055,336972,1,335083,1,0,0,0,0,0
1432913,1257819,1,175094,1,0,0,0,0,0
334094,181608,1,152486,1,0,0,0,0,0
514379,342721,1,171658,1,0,0,0,0,0
1826745,1000826,1,825919,1,0,2,0,0,0
1488844,1208504,1,280340,1,0,0,0,0,0
263253,43435,1,219818,1,0,1,0,0,0
360832,171756,1,189076,1,0,0,0,0,0
973155,558528,1,414627,1,0,0,0,0,0
1307190,509290,1,797900,1,0,0,0,0,0
2760710,806870,1,1953840,1,0,0,0,0,0
1356149,95847,1,1260302,1,0,0,0,0,0
245867,59530,1,186337,1,0,0,0,0,0
1499669,313342,1,1186327,1,0,0,0,0,0
2127583,1607794,1,519789,1,0,1,0,0,0
132487,12204,1,120283,1,0,0,0,0,0
2651994,159189,1,2492805,1,0,0,0,0,0
512085,367,1,511718,1,0,0,0,0,0
2223483,486579,1,1736904,1,0,0,0,0,0
1656567,526901,1,1129666,1,0,0,0,0,0
950341,406186,1,544155,1,0,0,0,0,0
738800,429063,1,309737,1,0,0,0,0,0
184529,109670,1,74859,1,0,0,0,0,0
891649,154025,1,737624,1,0,0,0,0,0
519654,350711,1,168943,1,0,1,0,0,0
288299,234780,1,53519,1,0,0,0,0,0
1953181,1894076,1,59105,1,0,0,0,0,0
2147747,131500,1,2016247,1,0,0,0,0,0
433175,20123,1,413052,1,0,0,0,0,0
229767,11535,1,218232,1,0,0,0,0,0
1120487,314432,1,806055,1,0,0,0,0,0
3608951,158509,1,3450442,1,0,0,0,0,0
562902,324439,1,238463,1,0,0,0,0,0
109210,5780,1,103430,1,0,0,0,0,0
268150,39953,1,228197,1,0,0,0,0,0
2256558,1324213,1,932345,1,0,4,0,0,0
2231963,857348,1,1374615,1,0,0,0,0,0
1132752,827364,1,305388,1,0,0,0,0,0
1576448,149780,1,1426668,1,0,0,0,0,0
292096,278741,1,13355,1,0,0,0,0,0
1713505,1381156,1,332349,1,0,1,0,0,0
1424732,1423033,1,1699,1,0,0,0,0,0
475891,401724,1,74167,1,0,0,0,0,0
721807,657591,1,64216,1,0,0,0,0,0
890213,292136,1,598077,1,0,1,0,0,0
2792607,2444169,1,348438,1,0,0,0,0,0
853734,158493,1,695241,1,0,0,0,0,0
3944871,157120,1,3787751,1,0,0,0,0,0
1209519,123601,1,1085918,1,0,0,0,0,0
950152,140485,1,809667,1,0,0,0,0,0
2348086,1704832,1,643254,1,0,0,0,0,0
1193468,316084,1,877384,1,0,0,0,0,0
1450296,1158834,1,291462,1,0,0,0,0,0
903485,162963,1,740522,1,0,0,0,0,0
2004411,1812541,1,191870,1,0,0,0,0,0
1640493,168138,1,1472355,1,0,0,0,0,0
1571133,714554,1,856579,1,0,0,0,0,0
2291944,1756473,1,535471,1,0,0,0,0,0
1200368,638455,1,561913,1,0,0,0,0,0
2108005,435241,1,1672764,1,0,0,0,0,0
2451002,452724,1,1998278,1,0,0,0,0,0
1376118,493881,1,882237,1,0,1,0,0,0
2604361,552771,1,2051590,1,0,2,0,0,0
355757,214504,1,141253,1,0,0,0,0,0
1801751,1557150,1,244601,1,0,0,0,0,0
351476,199324,1,152152,1,0,0,0,0,0
371518,304100,1,67418,1,0,0,0,0,0
2582421,2404280,1,178141,1,0,0,0,0,0
939361,116586,1,822775,1,0,0,0,0,0
1174254,428739,1,745515,1,0,0,0,0,0
437250,87611,1,349639,1,0,0,0,0,0
816077,658015,1,158062,1,0,0,0,0,0
2865066,822728,1,2042338,1,0,0,0,0,0
1030102,443671,1,586431,1,0,0,0,0,0
566353,485572,1,80781,1,0,0,0,0,0
1244486,325884,1,918602,1,0,0,0,0,0
697989,308792,1,389197,1,0,0,0,0,0
1583207,401957,1,1181250,1,0,3,0,0,0
1213710,107195,1,1106515,1,0,0,0,0,0
587470,384646,1,202824,1,0,0,0,0,0
524978,89565,1,435413,1,0,0,0,0,0
467686,43371,1,424315,1,0,0,0,0,0
184233,70444,1,113789,1,0,0,0,0,0
507241,82329,1,424912,1,0,0,0,0,0
1244580,1222763,1,21817,1,0,0,0,0,0
683555,275660,1,407895,1,0,1,0,0,0
625688,334099,1,291589,1,0,0,0,0,0
72222,69675,1,2547,1,0,0,0,0,0
1351037,1021440,1,329597,1,0,0,0,0,0
481627,2338,1,479289,1,0,0,0,0,0
667832,577260,1,90572,1,0,0,0,0,0
852533,800092,1,52441,1,0,0,0,0,0
1977191,399989,1,1577202,1,0,0,0,0,0
985116,971720,1,13396,1,0,0,0,0,0
982431,114308,1,868123,1,0,0,0,0,0
286623,101562,1,185061,1,0,0,0,0,0
387521,284952,1,102569,1,0,0,0,0,0
477469,342042,1,135427,1,0,0,0,0,0
319807,169707,1,150100,1,0,0,0,0,0
102881,388,1,102493,1,0,0,0,0,0
171202,49964,1,121238,1,0,0,0,0,0
4448710,37550,1,4411160,1,0,1,0,0,0
2161304,999181,1,1162123,1,0,0,0,0,0
3370524,2832010,1,538514,1,0,4,0,0,0
1735589,1483064,1,252525,1,0,1,0,0,0
1275630,729471,1,546159,1,0,0,0,0,0
643355,310558,1,332797,1,0,0,0,0,0
407243,30104,1,377139,1,0,0,0,0,0
2173566,571837,1,1601729,1,0,0,0,0,0
782842,20347,1,762495,1,0,0,0,0,0
1098667,786484,1,312183,1,0,0,0,0,0
1157710,32606,1,1125104,1,0,0,0,0,0
898383,493215,1,405168,1,0,0,0,0,0
574268,346811,1,227457,1,0,0,0,0,0
1594186,1293785,1,300401,1,0,0,0,0,0
645935,384141,1,261794,1,0,0,0,0,0
253743,209785,1,43958,1,0,0,0,0,0
873258,590321,1,282937,1,0,0,0,0,0
1871391,554933,1,1316458,1,0,1,0,0,0
956033,741577,1,214456,1,0,0,0,0,0
397761,222835,1,174926,1,0,0,0,0,0
1686767,1064920,1,621847,1,0,0,0,0,0
281840,191630,1,90210,1,0,0,0,0,0
1180472,663762,1,516710,1,0,0,0,0,0
605187,30580,1,574607,1,0,0,0,0,0
2425539,621683,1,1803856,1,0,3,0,0,0
185263,182198,1,3065,1,0,0,0,0,0
1440867,934134,1,506733,1,0,0,0,0,0
1754192,1288050,1,466142,1,0,1,0,0,0
2439845,148983,1,2290862,1,0,0,0,0,0
269116,84883,1,184233,1,0,0,0,0,0
461436,158827,1,302609,1,0,0,0,0,0
948852,268283,1,680569,1,0,0,0,0,0
1148935,432562,1,716373,1,0,0,0,0,0
185370,182160,1,3210,1,0,0,0,0,0
1790200,132828,1,1657372,1,0,4,0,0,0
2320249,2265322,1,54927,1,0,0,0,0,0
556419,349164,1,207255,1,0,0,0,0,0
3341296,38093,1,3303203,1,0,0,0,0,0
559552,266369,1,293183,1,0,0,0,0,0
1272983,67847,1,1205136,1,0,0,0,0,0
3869594,3680126,1,189468,1,0,0,0,0,0
609534,338485,1,271049,1,0,1,0,0,0
2176903,1293670,1,883233,1,0,2,0,0,0
1098992,657110,1,441882,1,0,0,0,0,0
2052081,224766,1,1827315,1,0,0,0,0,0
1829836,1336292,1,493544,1,0,0,0,0,0
1258658,721058,1,537600,1,0,0,0,0,0
1362912,355488,1,1007424,1,0,2,0,0,0
1621160,365267,1,1255893,1,0,0,0,0,0
327764,15946,1,311818,1,0,0,0,0,0
498614,105394,1,393220,1,0,0,0,0,0
904340,809675,1,94665,1,0,0,0,0,0
772269,347275,1,424994,1,0,0,0,0,0
1396095,947238,1,448857,1,0,0,0,0,0
899235,204794,1,694441,1,0,1,0,0,0
1022884,720937,1,301947,1,0,0,0,0,0
1716186,531509,1,1184677,1,0,0,0,0,0
1578057,593498,1,984559,1,0,0,0,0,0
1432226,499294,1,932932,1,0,0,0,0,0
888523,777521,1,111002,1,0,0,0,0,0
2365783,1211744,1,1154039,1,0,3,0,0,0
346417,46675,1,299742,1,0,0,0,0,0
1279062,43568,1,1235494,1,0,0,0,0,0
1774287,586061,1,1188226,1,0,1,0,0,0
843001,27097,1,815904,1,0,0,0,0,0
295941,1905,1,294036,1,0,1,0,0,0
318464,81088,1,237376,1,0,0,0,0,0
1260453,797742,1,462711,1,0,0,0,0,0
1494792,908655,1,586137,1,0,0,0,0,0
1630931,1328254,1,302677,1,0,0,0,0,0
754890,343306,1,411584,1,0,0,0,0,0
1661228,1660110,1,1118,1,0,0,0,0,0
1996769,1149218,1,847551,1,0,0,0,0,0
2410717,1608999,1,801718,1,0,0,0,0,0
834508,1866,1,832642,1,0,0,0,0,0
207159,110855,1,96304,1,0,0,0,0,0
282734,6373,1,276361,1,0,1,0,0,0
705875,217349,1,488526,1,0,0,0,0,0
1569294,1532800,1,36494,1,0,0,0,0,0
430636,368576,1,62060,1,0,0,0,0,0
2409714,532953,1,1876761,1,0,1,0,0,0
932216,764228,1,167988,1,0,0,0,0,0
641848,143217,1,498631,1,0,0,0,0,0
731197,51737,1,679460,1,0,0,0,0,0
1938610,329960,1,1608650,1,0,0,0,0,0
2266336,1046484,1,1219852,1,0,0,0,0,0
927915,590467,1,337448,1,0,0,0,0,0
198016,26751,1,171265,1,0,0,0,0,0
246760,49799,1,196961,1,0,0,0,0,0
1348113,36177,1,1311936,1,0,1,0,0,0
709940,99843,1,610097,1,0,0,0,0,0
823327,442960,1,380367,1,0,0,0,0,0
4772303,763215,1,4009088,1,0,1,0,0,0
90855,71965,1,18890,1,0,0,0,0,0
195395,78674,1,116721,1,0,0,0,0,0
1387481,560679,1,826802,1,0,0,0,0,0
350519,239591,1,110928,1,0,0,0,0,0
1371156,183492,1,1187664,1,0,0,0,0,0
619282,614159,1,5123,1,0,0,0,0,0
760509,366595,1,393914,1,0,0,0,0,0
861593,54918,1,806675,1,0,0,0,0,0
638718,457534,1,181184,1,0,0,0,0,0
3252796,2167448,1,1085348,1,0,2,0,0,0
433421,425614,1,7807,1,0,0,0,0,0
171747,78565,1,93182,1,0,0,0,0,0
747735,33311,1,714424,1,0,0,0,0,0
1684214,774904,1,909310,1,0,2,0,0,0
770052,558,1,769494,1,0,0,0,0,0
585032,310650,1,274382,1,0,2,0,0,0
858144,582153,1,275991,1,0,1,0,0,0
441582,231503,1,210079,1,0,0,0,0,0
969213,344081,1,625132,1,0,0,0,0,0
1588563,47139,1,1541424,1,0,1,0,0,0
777739,715218,1,62521,1,0,0,0,0,0
3337812,1494190,1,1843622,1,0,0,0,0,0
829429,734046,1,95383,1,0,0,0,0,0
1652743,931114,1,721629,1,0,0,0,0,0
300427,143733,1,156694,1,0,0,0,0,0
958676,189938,1,768738,1,0,0,0,0,0
623350,506940,1,116410,1,0,0,0,0,0
1819742,397399,1,1422343,1,0,0,0,0,0
788108,418386,1,369722,1,0,0,0,0,0
769195,718479,1,50716,1,0,1,0,0,0
962889,144580,1,818309,1,0,0,0,0,0
1817019,612376,1,1204643,1,0,1,0,0,0
1639717,28298,1,1611419,1,0,4,0,0,0
1363084,427418,1,935666,1,0,0,0,0,0
612025,84566,1,527459,1,0,0,0,0,0
2129382,1272901,1,856481,1,0,3,0,0,0
949955,447668,1,502287,1,0,2,0,0,0
1309715,390135,1,919580,1,0,0,0,0,0
1822528,965683,1,856845,1,0,0,0,0,0
1123917,98601,1,1025316,1,0,0,0,0,0
511473,184626,1,326847,1,0,0,0,0,0
943202,162584,1,780618,1,0,1,0,0,0
491629,13701,1,477928,1,0,0,0,0,0
835784,175302,1,660482,1,0,0,0,0,0
571439,51755,1,519684,1,0,0,0,0,0
455648,324678,1,130970,1,0,0,0,0,0
3435156,142445,1,3292711,1,0,2,0,0,0
519993,342402,1,177591,1,0,0,0,0,0
1118742,1006764,1,111978,1,0,0,0,0,0
1596099,1568591,1,27508,1,0,0,0,0,0
4920386,582992,1,4337394,1,0,6,0,0,0
750247,326973,1,423274,1,0,0,0,0,0
974174,909799,1,64375,1,0,0,0,0,0
1174529,506630,1,667899,1,0,1,0,0,0
1270526,789457,1,481069,1,0,0,0,0,0
2066382,417095,1,1649287,1,0,0,0,0,0
1169610,999906,1,169704,1,0,0,0,0,0
810203,244117,1,566086,1,0,0,0,0,0
378708,354076,1,24632,1,0,0,0,0,0
1243698,561744,1,681954,1,0,0,0,0,0
297404,70189,1,227215,1,0,3,0,0,0
1808885,180621,1,1628264,1,0,1,0,0,0
75346,9855,1,65491,1,0,0,0,0,0
384841,221158,1,163683,1,0,0,0,0,0
1398168,658581,1,739587,1,0,0,0,0,0
1646837,1380441,1,266396,1,0,0,0,0,0
2114113,40578,1,2073535,1,0,0,0,0,0
748315,86777,1,661538,1,0,0,0,0,0
1262373,984931,1,277442,1,0,0,0,0,0
458684,340088,1,118596,1,0,0,0,0,0
763683,224820,1,538863,1,0,0,0,0,0
107930,1597,1,106333,1,0,0,0,0,0
265964,10000,1,255964,1,0,0,0,0,0
734982,347594,1,387388,1,0,1,0,0,0
833798,718503,1,115295,1,0,0,0,0,0
131411,1829,1,129582,1,0,0,0,0,0
1697561,53383,1,1644178,1,0,0,0,0,0
314845,279062,1,35783,1,0,0,0,0,0
90200,64890,1,25310,1,0,0,0,0,0
396970,189837,1,207133,1,0,0,0,0,0
1125102,261698,1,863404,1,0,1,0,0,0
648964,108315,1,540649,1,0,0,0,0,0
168780,65495,1,103285,1,0,0,0,0,0
312822,233957,1,78865,1,0,0,0,0,0
1405860,370190,1,1035670,1,0,0,0,0,0
879680,670156,1,209524,1,0,0,0,0,0
706664,560995,1,145669,1,0,0,0,0,0
1141228,1077584,1,63644,1,0,0,0,0,0
877988,344182,1,533806,1,0,0,0,0,0
1889656,590491,1,1299165,1,0,0,0,0,0
185637,137746,1,47891,1,0,0,0,0,0
5437340,1466236,1,3971104,1,0,1,0,0,0
372294,222746,1,149548,1,0,2,0,0,0
11812,10358,1,1454,1,0,0,0,0,0
1217239,583989,1,633250,1,0,0,0,0,0
395858,288705,1,107153,1,0,0,0,0,0
1677093,1198749,1,478344,1,0,1,0,0,0
649362,315510,1,333852,1,0,0,0,0,0
508133,300819,1,207314,1,0,0,0,0,0
1125129,234997,1,890132,1,0,0,0,0,0
229364,152649,1,76715,1,0,0,0,0,0
2663353,1042861,1,1620492,1,0,1,0,0,0
2492398,1599270,1,893128,1,0,0,0,0,0
220022,79868,1,140154,1,0,0,0,0,0
757443,459175,1,298268,1,0,0,0,0,0
552100,111655,1,440445,1,0,0,0,0,0
1118853,1101857,1,16996,1,0,0,0,0,0
577078,573152,1,3926,1,0,0,0,0,0
669634,465958,1,203676,1,0,0,0,0,0
1155399,778111,1,377288,1,0,6,0,0,0
1535754,154955,1,1380799,1,0,0,0,0,0
972881,532970,1,439911,1,0,0,0,0,0
1346584,665277,1,681307,1,0,0,0,0,0
639880,554950,1,84930,1,0,1,0,0,0
777148,379064,1,398084,1,0,0,0,0,0
764872,66115,1,698757,1,0,0,0,0,0
664252,75,1,664177,1,0,0,0,0,0
686986,3971,1,683015,1,0,0,0,0,0
1611370,271140,1,1340230,1,0,0,0,0,0
4535395,610,1,4534785,1,0,1,0,0,0
3647818,467270,1,3180548,1,0,0,0,0,0
2483361,1062453,1,1420908,1,0,2,0,0,0
312763,196339,1,116424,1,0,0,0,0,0
1400660,151089,1,1249571,1,0,0,0,0,0
1210319,219047,1,991272,1,0,0,0,0,0
1413522,83487,1,1330035,1,0,0,0,0,0
558747,512347,1,46400,1,0,0,0,0,0
895172,224356,1,670816,1,0,0,0,0,0
1113609,184183,1,929426,1,0,1,0,0,0
