46117,44810729,20,32131605,20,39,53,0,178,0
396768,34982710,20,60026682,20,246,119,0,96,0
132364,39516666,20,21757368,20,149,46,0,125,0
111462,48397084,20,43212913,20,157,98,0,161,0
143022,34534466,20,48270020,20,151,73,0,138,0
74244,40187459,20,43721952,20,131,58,0,128,0
2558,39726306,20,38785469,20,136,71,0,183,0
197740,50886439,20,52183875,20,178,100,0,127,0
132102,43149180,20,31917170,20,253,56,0,128,0
11483,52713912,20,45957665,20,196,82,0,308,0
52451,47193731,20,58667851,20,126,121,0,201,0
34647,36604359,20,58712695,20,229,94,0,122,0
104690,44789421,20,38254404,20,132,41,0,141,0
22648,42149103,20,54422014,20,167,115,0,135,0
116616,33969586,20,40693548,20,130,93,0,107,0
177889,46350423,20,59284894,20,295,164,0,264,0
94191,57419683,20,57140884,20,298,95,0,215,0
1582,38949082,20,44417146,20,131,71,0,238,0
225306,43994769,20,70810793,20,280,161,0,134,0
7141,26280381,20,48891456,20,110,56,0,66,0
39987,49100462,20,40082885,20,135,69,0,207,0
233394,49921866,20,39585612,20,128,81,0,193,0
169382,30875754,20,43701475,20,88,65,0,132,0
225941,47178348,20,47606329,20,153,75,0,135,0
187440,59381106,20,54602626,20,298,117,0,316,0
174934,36882267,20,54104780,20,104,100,0,240,0
402492,24373348,20,69220876,20,201,116,0,96,0
338388,40620417,20,44510542,20,93,130,0,117,0
87032,37185105,20,39017489,20,143,75,0,102,0
120552,57222967,20,85630696,20,315,122,0,185,0
68142,37590239,20,58059055,20,192,82,0,98,0
352255,42905151,20,51396054,20,217,100,0,216,0
184572,48151458,20,38389459,20,190,103,0,199,0
276769,51148759,20,49979168,20,214,92,0,183,0
405450,36510085,20,60164088,20,148,137,0,75,0
11230,26101487,20,39211603,20,106,43,0,114,0
482016,40589626,20,72638946,20,260,137,0,129,0
134307,21747984,20,51586936,20,161,60,0,100,0
108565,35610572,20,36447268,20,133,80,0,148,0
132776,32640695,20,44721414,20,164,62,0,170,0
30776,27450539,20,54851806,20,134,108,0,137,0
25054,36423830,20,35777594,20,144,91,0,179,0
143991,43735759,20,40695461,20,255,89,0,153,0
296578,32586634,20,54304451,20,334,96,0,164,0
215118,31252253,20,61684253,20,206,86,0,264,0
292566,42325885,20,46517882,20,165,94,0,225,0
244108,31245804,20,51177641,20,179,66,0,132,0
145153,71648219,20,53078166,20,199,113,0,249,0
58391,35774924,20,58076739,20,220,75,0,159,0
24389,27330605,20,67663494,20,320,127,0,136,0
110756,25405613,20,41737359,20,96,61,0,114,0
48839,72567824,20,40309971,20,168,82,0,250,0
61008,37813585,20,47491529,20,223,69,0,143,0
201631,37743542,20,94021805,20,226,174,0,100,0
229982,40507950,20,42440192,20,184,74,0,185,0
16207,31754245,20,43039441,20,114,68,0,56,0
58009,32273453,20,56399649,20,153,127,0,141,0
219244,66443082,20,48331092,20,200,86,0,239,0
73023,36851319,20,43018090,20,150,72,0,109,0
44496,39200852,20,41651433,20,127,99,0,155,0
276270,21462230,20,40797660,20,195,86,0,124,0
91951,34334799,20,63409145,20,226,163,0,173,0
301368,69545443,20,44831995,20,248,111,0,207,0
554847,25445792,20,52508066,20,169,30,0,87,0
7292,41324680,20,31920728,20,84,55,0,117,0
551251,34428049,20,49243967,20,291,80,0,146,0
1977,38723661,20,46282808,20,138,74,0,152,0
326124,26434182,20,66410792,20,214,91,0,97,0
550354,56575255,20,56830953,20,235,145,0,196,0
77556,44241188,20,43310744,20,207,69,0,274,0
27383,66318762,20,58191731,20,167,134,0,292,0
76760,39533441,20,35163367,20,110,92,0,187,0
38499,28246409,20,42166633,20,159,106,0,145,0
20481,34689840,20,39986017,20,179,56,0,129,0
43719,22236511,20,31466883,20,48,53,0,121,0
8147,38034351,20,50273914,20,180,69,0,161,0
36184,52423254,20,51534878,20,165,108,0,191,0
275683,38286951,20,61488458,20,153,67,0,74,0
94622,27082199,20,43098869,20,86,107,0,190,0
32327,47097070,20,28963723,20,93,31,0,182,0
65907,59414307,20,53240954,20,250,108,0,217,0
139660,39193700,20,21853900,20,143,75,0,172,0
165554,49279820,20,38294866,20,149,60,0,146,0
80615,30753748,20,41490244,20,134,95,0,93,0
236611,53366784,20,45175656,20,162,81,0,263,0
33589,40743015,20,57958562,20,159,72,0,97,0
37600,34097174,20,46361360,20,229,108,0,164,0
8343,33725123,20,82461396,20,251,158,0,202,0
63540,36454982,20,64278859,20,285,131,0,142,0
179775,46597489,20,68013063,20,214,141,0,100,0
179620,47124930,20,39251606,20,180,44,0,137,0
173842,40371292,20,45065227,20,162,116,0,212,0
24032,26273318,20,54007229,20,143,57,0,88,0
521084,59635307,20,55718009,20,179,121,0,357,0
35195,30118248,20,41997213,20,128,81,0,108,0
17123,42276550,20,57156358,20,187,113,0,274,0
7143,43176940,20,51775416,20,152,67,0,146,0
301707,36238213,20,40696122,20,128,94,0,173,0
174765,56188874,20,43006014,20,108,104,0,184,0
142049,43869814,20,28295871,20,99,33,0,124,0
367090,39225387,20,51582076,20,178,88,0,154,0
47190,36416293,20,27429199,20,95,32,0,188,0
328351,41159599,20,53853810,20,184,114,0,179,0
225802,35044538,20,60748431,20,255,115,0,138,0
199420,51076713,20,56080049,20,63,73,0,107,0
198100,44830207,20,33113412,20,200,39,0,157,0
10049,40871873,20,66756349,20,158,76,0,127,0
214547,51184324,20,57888866,20,106,102,0,241,0
462698,33130962,20,62031369,20,136,129,0,162,0
34539,57114171,20,62498667,20,219,93,0,192,0
298618,25641728,20,68231825,20,123,92,0,56,0
226424,70707441,20,60697922,20,118,82,0,227,0
54033,43792162,20,40898631,20,178,77,0,173,0
339763,34443211,20,57843697,20,189,109,0,183,0
183658,52698248,20,61219730,20,179,82,0,212,0
295204,34242445,20,53780485,20,234,96,0,156,0
128520,31989082,20,41413744,20,139,46,0,117,0
139403,51291754,20,34796521,20,88,81,0,204,0
403493,42211367,20,62746809,20,218,143,0,147,0
162835,42275368,20,56050976,20,207,95,0,145,0
9696,36532117,20,45226805,20,256,70,0,139,0
551690,34781469,20,56708288,20,182,103,0,154,0
70226,42380889,20,48568895,20,243,80,0,151,0
191239,40761778,20,38054047,20,153,82,0,96,0
3371,54536476,20,33998023,20,75,73,0,142,0
37364,44524287,20,53120503,20,357,76,0,233,0
589518,53854006,20,43333178,20,147,61,0,91,0
68011,35021835,20,34631638,20,179,74,0,221,0
17583,41129885,20,41063990,20,165,113,0,241,0
161687,30640742,20,40099464,20,184,90,0,171,0
28458,34815541,20,50422552,20,108,121,0,116,0
70436,56238926,20,49523661,20,281,89,0,274,0
86857,34111148,20,45056824,20,71,119,0,163,0
48698,31863265,20,24022390,20,129,39,0,155,0
106529,32265038,20,47832039,20,198,93,0,138,0
144887,54378432,20,60777188,20,158,121,0,231,0
259031,47399364,20,50677098,20,204,83,0,151,0
106373,23553897,20,34918978,20,137,69,0,111,0
120661,55623655,20,58850095,20,175,91,0,177,0
10650,30673017,20,61972898,20,77,90,0,164,0
66016,29214568,20,32164514,20,131,56,0,100,0
240409,47397003,20,32816766,20,77,58,0,213,0
231275,47865173,20,47499709,20,188,96,0,154,0
8521,45022290,20,55881595,20,235,98,0,192,0
165131,40794983,20,48147689,20,167,63,0,164,0
8397,35094924,20,53992753,20,75,98,0,163,0
142647,34361574,20,54510789,20,191,104,0,168,0
296938,38890329,20,67744676,20,335,106,0,93,0
56403,44185716,20,42920052,20,125,83,0,97,0
15812,40602226,20,39465719,20,141,94,0,94,0
257660,62541914,20,43069875,20,175,79,0,191,0
261187,35510774,20,27380053,20,95,47,0,189,0
493412,48107449,20,58351769,20,232,176,0,166,0
73135,37600677,20,41929187,20,226,51,0,105,0
43757,44268957,20,57538800,20,224,120,0,108,0
3495,28198129,20,38313717,20,147,60,0,134,0
178733,56129935,20,49851415,20,193,110,0,165,0
64550,42482993,20,31787928,20,111,67,0,247,0
73475,31936857,20,52513152,20,239,84,0,157,0
129261,42053667,20,50297002,20,170,72,0,178,0
154786,35131935,20,42678798,20,152,80,0,253,0
260810,31687183,20,61497320,20,160,112,0,178,0
253303,38252138,20,37607223,20,104,56,0,125,0
201444,40682505,20,52803488,20,191,124,0,202,0
11036,48734288,20,36142226,20,72,75,0,225,0
155630,53499604,20,44126584,20,186,55,0,123,0
328226,41150890,20,34959881,20,193,56,0,241,0
151375,34719603,20,69671588,20,238,143,0,117,0
9975,54133196,20,43129077,20,210,66,0,160,0
101103,36511132,20,48520493,20,138,101,0,166,0
7189,45906442,20,28814235,20,104,48,0,109,0
121206,33294973,20,57667040,20,168,93,0,109,0
105825,43634043,20,44619034,20,133,98,0,245,0
234584,48945025,20,57763582,20,277,122,0,220,0
62115,36081863,20,60173130,20,149,101,0,136,0
342261,57840327,20,50116781,20,189,148,0,205,0
183511,36888127,20,49813438,20,136,80,0,155,0
66021,23588618,20,42638544,20,148,47,0,121,0
76277,38563407,20,43868481,20,60,86,0,163,0
320006,66320009,20,60563461,20,359,120,0,179,0
213866,34375189,20,59800466,20,192,92,0,96,0
49355,53949213,20,37349884,20,152,87,0,139,0
86675,42866263,20,47496874,20,189,93,0,136,0
16296,44775858,20,29306655,20,76,41,0,140,0
33220,38784338,20,34227562,20,75,85,0,239,0
108446,34111973,20,60717794,20,244,113,0,169,0
17448,47876387,20,37357884,20,154,54,0,141,0
10109,52299240,20,71776573,20,282,133,0,270,0
256337,73939512,20,50496702,20,172,151,0,253,0
288019,44985129,20,59056451,20,145,133,0,305,0
111500,54079137,20,41796290,20,178,90,0,239,0
3394,54977193,20,47404633,20,105,135,0,289,0
168867,44010675,20,38999172,20,147,72,0,144,0
1801,42943117,20,29310337,20,127,49,0,173,0
129571,35966664,20,38397699,20,216,75,0,133,0
455575,53262519,20,53795145,20,77,86,0,136,0
56137,27655615,20,55005655,20,131,82,0,147,0
146209,22288587,20,35826209,20,169,64,0,85,0
195765,46705208,20,46903752,20,214,76,0,137,0
37712,47676359,20,52650227,20,203,92,0,250,0
344836,44735042,20,33488147,20,207,45,0,124,0
176904,47190377,20,54048528,20,324,96,0,269,0
149155,54635621,20,42853324,20,99,77,0,221,0
75100,35091915,20,35201734,20,127,72,0,68,0
365558,53652679,20,59265817,20,150,122,0,256,0
216648,36545202,20,51952556,20,258,137,0,176,0
39746,50528218,20,42428684,20,197,109,0,188,0
18189,43930334,20,73945473,20,346,176,0,242,0
221194,44465343,20,54737453,20,255,144,0,282,0
90039,40881960,20,40746374,20,180,77,0,203,0
92351,26977448,20,56451896,20,367,77,0,113,0
376502,45445901,20,46787810,20,133,93,0,212,0
272587,43649808,20,44216677,20,85,78,0,235,0
6599,27959723,20,53453438,20,197,128,0,115,0
69662,58318732,20,25678916,20,94,72,0,208,0
101199,52450398,20,49210265,20,133,105,0,203,0
69084,38833626,20,47053097,20,184,95,0,112,0
339810,21060003,20,56227514,20,228,92,0,126,0
88840,46691411,20,71684125,20,202,102,0,168,0
206443,63727541,20,55128044,20,190,116,0,230,0
577492,38947289,20,54348439,20,211,156,0,129,0
69684,55078914,20,65659802,20,147,97,0,190,0
701025,55499348,20,47592263,20,201,101,0,260,0
15740,45780041,20,33394199,20,142,69,0,282,0
254351,28773525,20,44816335,20,216,122,0,101,0
180668,42773419,20,60446036,20,301,76,0,145,0
3903,34931555,20,49394672,20,199,80,0,159,0
139423,34591459,20,36831969,20,53,54,0,149,0
293047,41790876,20,47296235,20,131,84,0,175,0
7597,39653631,20,27336671,20,33,49,0,276,0
432389,48447767,20,79002913,20,222,136,0,218,0
7448,23124231,20,62507880,20,108,100,0,136,0
153030,30911264,20,58572150,20,224,84,0,97,0
111619,22137781,20,28631275,20,135,30,0,105,0
159531,41351946,20,55551794,20,160,103,0,123,0
146633,55508321,20,66052971,20,148,135,0,194,0
250116,43688688,20,53151886,20,227,71,0,149,0
5079,33028760,20,46763538,20,92,56,0,109,0
303783,52550251,20,47637101,20,117,89,0,172,0
89230,33572493,20,39010274,20,103,61,0,112,0
169010,35000619,20,66328897,20,285,147,0,155,0
100258,40866669,20,49480797,20,246,87,0,229,0
165580,39749377,20,42850468,20,132,63,0,190,0
2261,26403578,20,45976809,20,120,72,0,82,0
337851,29846333,20,66819630,20,179,157,0,157,0
28880,41536159,20,56168024,20,143,134,0,174,0
20252,28752391,20,47310043,20,167,91,0,143,0
58763,32207238,20,43491348,20,129,74,0,181,0
87269,40203325,20,36219136,20,161,79,0,138,0
374662,52578812,20,71772438,20,328,138,0,173,0
69393,43877577,20,50616212,20,159,88,0,202,0
93581,59276894,20,52645121,20,186,108,0,188,0
298022,45153080,20,46763580,20,110,92,0,143,0
766324,49881128,20,61284807,20,296,113,0,193,0
173988,39341527,20,51397414,20,139,92,0,153,0
11408,50270093,20,52517416,20,242,92,0,120,0
11390,37175436,20,45454388,20,88,78,0,170,0
10368,43208446,20,38469907,20,89,105,0,280,0
35149,34160200,20,56973790,20,202,149,0,233,0
123533,36700893,20,53856705,20,178,56,0,167,0
190436,34212492,20,44883201,20,89,52,0,86,0
14901,40588377,20,46069078,20,180,100,0,141,0
215880,37574743,20,47197465,20,150,74,0,207,0
60099,53123647,20,36300754,20,127,82,0,210,0
35602,37437386,20,34711722,20,189,63,0,195,0
78250,39623644,20,39005758,20,96,80,0,118,0
116209,27710068,20,62758510,20,140,118,0,170,0
8579,31402299,20,59141046,20,184,141,0,161,0
30159,40580231,20,59572364,20,213,153,0,179,0
2284,40859058,20,39878437,20,215,94,0,114,0
376199,50389271,20,49996836,20,189,96,0,255,0
332815,61261267,20,43878278,20,149,104,0,176,0
52920,43478458,20,48029959,20,123,76,0,173,0
36115,40382844,20,40079543,20,125,114,0,124,0
376666,37481588,20,36917065,20,210,68,0,146,0
17305,36775058,20,52776365,20,174,119,0,117,0
339226,36732300,20,52228316,20,286,111,0,129,0
186900,31763215,20,27102778,20,96,46,0,87,0
22313,25191703,20,42405520,20,197,71,0,153,0
226128,40514216,20,31252270,20,130,68,0,152,0
282801,38419224,20,38045359,20,127,49,0,163,0
193827,38361348,20,39490809,20,160,95,0,141,0
76664,44265844,20,33086776,20,91,52,0,175,0
253823,35245409,20,53923921,20,260,130,0,185,0
256408,30921336,20,57926016,20,182,109,0,88,0
561157,30357861,20,53908791,20,207,108,0,122,0
79231,53333915,20,43266612,20,217,57,0,160,0
18558,42638856,20,45382091,20,157,62,0,130,0
3759,43933677,20,50259532,20,241,83,0,118,0
42471,48380658,20,31416541,20,71,42,0,182,0
5024,38981969,20,23305233,20,94,29,0,139,0
378431,42557455,20,34757709,20,100,73,0,184,0
340408,48904751,20,52688240,20,212,113,0,199,0
53909,24810061,20,47342552,20,160,81,0,130,0
3154,38492721,20,34488883,20,110,35,0,148,0
31986,34211524,20,39278142,20,119,43,0,86,0
15794,41325431,20,64149786,20,145,109,0,86,0
4605,42270624,20,61134284,20,114,164,0,176,0
251474,58773650,20,52316851,20,261,142,0,235,0
18815,41408960,20,27218915,20,58,51,0,117,0
75143,39759973,20,36723781,20,163,72,0,110,0
38496,30346229,20,54727596,20,177,94,0,105,0
192106,23614378,20,53622426,20,113,75,0,164,0
6258,45421490,20,38112007,20,245,98,0,209,0
521093,43683837,20,50337214,20,197,61,0,122,0
94523,51369076,20,43978216,20,135,120,0,195,0
21097,45774186,20,31099146,20,122,60,0,237,0
12283,52248102,20,65247013,20,264,116,0,261,0
49484,30567496,20,83260110,20,218,132,0,109,0
96738,66084543,20,39048971,20,179,66,0,170,0
273135,42176556,20,48853466,20,225,83,0,142,0
254930,47704233,20,42472992,20,169,121,0,260,0
107318,58808327,20,52312613,20,246,89,0,172,0
224342,31024009,20,81465276,20,253,155,0,181,0
12409,41085362,20,43497543,20,153,80,0,110,0
21668,49186668,20,39120968,20,153,65,0,229,0
341703,40867670,20,57762341,20,196,110,0,163,0
92478,56357177,20,43299150,20,209,77,0,229,0
228454,44731821,20,50357392,20,165,92,0,187,0
150515,33993857,20,60422082,20,86,155,0,179,0
15926,36604565,20,31605054,20,155,40,0,124,0
332380,41841371,20,57876964,20,246,92,0,188,0
216962,52997671,20,55604641,20,186,147,0,138,0
9836,37565106,20,49033775,20,192,164,0,172,0
246605,32118443,20,55316994,20,127,58,0,140,0
128275,21522131,20,54916201,20,164,118,0,100,0
139951,30605066,20,50869154,20,236,119,0,138,0
83738,36779261,20,64945010,20,283,101,0,117,0
46696,37816100,20,25880206,20,61,39,0,207,0
229568,35735296,20,45550730,20,172,66,0,126,0
24228,38731872,20,31819738,20,103,68,0,157,0
307495,55447818,20,70214910,20,210,124,0,204,0
234907,31499746,20,71487251,20,149,127,0,109,0
283885,43916154,20,57560933,20,235,156,0,173,0
90413,23438655,20,75954415,20,264,108,0,114,0
25121,49523976,20,49507789,20,149,96,0,116,0
18587,46276716,20,58375090,20,185,93,0,169,0
142026,41018624,20,36569703,20,211,82,0,152,0
193279,50676711,20,67080603,20,301,137,0,204,0
96588,62377307,20,34851490,20,109,71,0,215,0
168284,37972526,20,43901605,20,187,86,0,84,0
155983,49954554,20,38730906,20,156,46,0,180,0
192102,38243132,20,71545992,20,197,142,0,148,0
59470,51415456,20,32073834,20,144,77,0,208,0
160525,50934696,20,67845356,20,257,148,0,157,0
267678,35119366,20,41348170,20,201,39,0,179,0
152439,29181256,20,49180609,20,325,87,0,118,0
770888,36418368,20,51077271,20,221,111,0,178,0
3830,36799663,20,33247366,20,201,73,0,86,0
400329,26855252,20,65099715,20,159,102,0,107,0
162520,39910620,20,51050019,20,207,116,0,184,0
132305,36428219,20,57111666,20,315,83,0,85,0
73630,23797275,20,54288637,20,111,90,0,73,0
200126,54987674,20,43752759,20,119,96,0,180,0
169188,42603092,20,44741891,20,155,88,0,233,0
10470,31047519,20,45006746,20,144,63,0,280,0
74911,43661754,20,35177108,20,120,69,0,231,0
8206,40992968,20,65214654,20,188,179,0,240,0
109712,29747788,20,31946912,20,57,58,0,119,0
360539,43241639,20,36479124,20,91,51,0,137,0
15646,34626537,20,32993656,20,147,50,0,142,0
5308,51311755,20,52369046,20,89,93,0,118,0
44692,33905706,20,47805209,20,182,90,0,90,0
354950,41042756,20,23698289,20,92,54,0,193,0
31445,53282315,20,46614042,20,238,63,0,248,0
138587,53702710,20,55562388,20,158,101,0,182,0
55468,42037231,20,48888503,20,188,83,0,130,0
278695,41941055,20,58544288,20,300,67,0,192,0
108389,37027338,20,51000893,20,184,108,0,137,0
116115,47793070,20,62241468,20,228,133,0,164,0
11097,41648857,20,50500434,20,135,65,0,151,0
46222,45885352,20,33416145,20,53,59,0,160,0
71582,36781616,20,37591715,20,66,65,0,164,0
126921,42920706,20,53607159,20,155,58,0,115,0
113241,42850652,20,54288943,20,260,95,0,217,0
264636,36945214,20,61068671,20,180,83,0,153,0
32540,31447276,20,39151091,20,132,72,0,135,0
285051,55537708,20,57611164,20,148,122,0,225,0
33940,30736558,20,53643534,20,164,98,0,99,0
138556,63257471,20,56320587,20,268,101,0,271,0
73082,30917000,20,48482825,20,196,143,0,124,0
45977,44081687,20,40733662,20,269,78,0,167,0
216877,36269984,20,65896898,20,282,151,0,154,0
385811,30870449,20,43910923,20,90,79,0,216,0
276766,64660436,20,39877314,20,157,85,0,258,0
314054,42690451,20,51065255,20,155,108,0,147,0
307338,46029339,20,52201575,20,108,98,0,258,0
332376,43778599,20,53341849,20,180,105,0,157,0
39332,30268775,20,45574792,20,171,90,0,146,0
111409,30231754,20,24749335,20,121,37,0,69,0
61114,30839455,20,74307937,20,210,87,0,169,0
210679,51922535,20,41276246,20,42,73,0,257,0
267928,47895375,20,66981245,20,242,175,0,181,0
136581,37233227,20,65238479,20,221,113,0,151,0
41419,39081617,20,59405135,20,162,125,0,251,0
159810,36157866,20,47256127,20,126,77,0,151,0
99625,30233725,20,49000607,20,182,53,0,102,0
244824,30071260,20,45106037,20,157,72,0,93,0
248037,37934107,20,50972903,20,246,96,0,183,0
315798,29557093,20,47772357,20,101,79,0,105,0
302320,67289680,20,43511235,20,144,82,0,273,0
99524,44623102,20,41636452,20,211,53,0,143,0
132558,37376913,20,36478933,20,139,117,0,188,0
19005,22035089,20,43429659,20,178,62,0,93,0
95083,62633344,20,79095464,20,262,160,0,283,0
215248,58465437,20,47345889,20,147,93,0,191,0
308443,49455303,20,68456562,20,291,160,0,199,0
111661,37172029,20,42465158,20,103,41,0,94,0
253212,47341422,20,75629750,20,388,170,0,206,0
20865,34178556,20,60170903,20,127,103,0,176,0
68624,22171454,20,48583873,20,174,102,0,141,0
13651,38899109,20,28543486,20,100,79,0,184,0
5978,36071140,20,56724825,20,172,79,0,133,0
161303,34319148,20,34166577,20,136,76,0,193,0
23040,39450336,20,52205768,20,150,48,0,114,0
114759,39465203,20,59266211,20,232,86,0,122,0
247312,45842361,20,41785257,20,68,84,0,193,0
114286,58091453,20,47460836,20,162,80,0,259,0
40902,29035034,20,56988942,20,268,85,0,158,0
114903,41164353,20,49656409,20,141,79,0,120,0
18882,37823645,20,47666635,20,258,91,0,129,0
16209,55580816,20,39212713,20,206,70,0,253,0
15247,23561699,20,49094881,20,202,90,0,88,0
35849,35371728,20,40403795,20,112,72,0,127,0
162423,37238371,20,61153606,20,174,75,0,117,0
8695,37919648,20,48724480,20,188,101,0,179,0
17039,34548141,20,44211890,20,47,77,0,184,0
65902,44153769,20,49450901,20,137,56,0,126,0
361942,36056286,20,51551398,20,192,43,0,153,0
69905,47814562,20,57396087,20,172,106,0,182,0
9214,42435508,20,28132068,20,63,42,0,181,0
170317,27464767,20,50577491,20,134,86,0,87,0
288735,45354123,20,47195287,20,172,63,0,72,0
54017,43557137,20,43751601,20,276,84,0,211,0
219692,49529060,20,58061459,20,159,106,0,153,0
51383,29429798,20,36043070,20,170,63,0,174,0
131012,41709135,20,46958805,20,74,48,0,100,0
175353,37935545,20,33145667,20,154,73,0,203,0
4920,38437298,20,41813495,20,162,85,0,121,0
122825,43824432,20,28605006,20,86,81,0,158,0
311645,64671821,20,56092053,20,138,78,0,264,0
4050,29736599,20,32333358,20,154,68,0,132,0
372786,46137719,20,40700022,20,206,77,0,179,0
9241,43582928,20,48345658,20,121,109,0,177,0
141699,37232499,20,23608548,20,80,44,0,131,0
82575,45142909,20,48073561,20,165,105,0,266,0
7995,29620097,20,48503796,20,169,102,0,185,0
177764,36754385,20,35108268,20,75,82,0,116,0
439346,30093854,20,47331011,20,166,81,0,150,0
56295,34280035,20,29460258,20,131,49,0,181,0
3405,31233658,20,40338158,20,102,54,0,134,0
6161,34486210,20,26460697,20,194,44,0,108,0
11302,44517686,20,48149460,20,199,91,0,291,0
30413,23999080,20,48991188,20,154,82,0,110,0
23773,36078165,20,49497983,20,183,74,0,129,0
238249,48544884,20,43559112,20,170,108,0,197,0
305874,46492292,20,49215076,20,161,67,0,212,0
239569,49328785,20,40703416,20,95,88,0,208,0
135455,37438936,20,38369278,20,105,83,0,109,0
138736,37939776,20,43444728,20,132,77,0,177,0
102822,48650052,20,36344665,20,151,79,0,202,0
95286,31437504,20,47195982,20,146,75,0,119,0
279468,59241320,20,43295481,20,110,96,0,235,0
140093,32542733,20,50449397,20,127,96,0,117,0
52498,55683611,20,46309544,20,183,102,0,174,0
23630,43923050,20,48431483,20,170,64,0,200,0
144734,37751110,20,47658918,20,118,79,0,162,0
15839,38876270,20,60433055,20,239,127,0,129,0
304240,39068547,20,61366219,20,195,128,0,145,0
5427,36583906,20,47482957,20,171,113,0,132,0
121556,37873336,20,43859510,20,148,72,0,180,0
62316,43779384,20,55433588,20,192,142,0,199,0
291459,31187361,20,40095739,20,222,116,0,169,0
16884,38983481,20,31260727,20,126,64,0,201,0
23515,53232658,20,58347231,20,134,106,0,201,0
450330,57421082,20,61028127,20,270,139,0,214,0
22009,45157703,20,40574065,20,135,105,0,127,0
4495,45191825,20,63219378,20,233,122,0,156,0
19584,38471371,20,44948728,20,55,73,0,166,0
101493,42952629,20,58653191,20,195,129,0,124,0
84775,43140710,20,42778648,20,118,55,0,247,0
632296,48678820,20,68223790,20,286,117,0,222,0
430736,38121015,20,63376398,20,266,78,0,105,0
18435,62358329,20,45896866,20,187,99,0,209,0
23924,37545792,20,75301604,20,314,118,0,108,0
121592,57958870,20,52081913,20,168,112,0,174,0
112693,45771782,20,48653021,20,121,131,0,252,0
62959,49127554,20,34245347,20,134,54,0,143,0
176842,20320451,20,30163817,20,110,36,0,67,0
244428,47212639,20,60638525,20,258,80,0,109,0
105718,35423304,20,52216078,20,164,106,0,183,0
6561,28169330,20,48942957,20,127,74,0,136,0
227135,42849252,20,48739644,20,159,69,0,178,0
608186,42797504,20,85105105,20,326,92,0,136,0
52093,26404056,20,52409501,20,139,84,0,197,0
78288,50930753,20,43071612,20,142,55,0,120,0
170647,29994230,20,48593311,20,131,98,0,251,0
282658,44408388,20,51647278,20,147,107,0,103,0
5239,47152738,20,38997434,20,267,60,0,149,0
211795,35372893,20,51077156,20,217,70,0,174,0
66146,32992964,20,48424639,20,173,81,0,135,0
274593,40610926,20,52841734,20,157,77,0,148,0
171118,38341205,20,56654039,20,153,96,0,169,0
114603,27373451,20,36051059,20,137,51,0,127,0
9570,41048563,20,48585417,20,139,74,0,127,0
549124,42349165,20,60152914,20,264,152,0,197,0
306459,32368118,20,63048803,20,286,125,0,156,0
41537,34820741,20,45741887,20,219,75,0,156,0
239831,40702570,20,47230218,20,207,78,0,197,0
3806,41305764,20,47468033,20,235,103,0,161,0
42253,42428621,20,31287656,20,82,54,0,154,0
203107,42191633,20,56877154,20,189,95,0,130,0
1407,47827470,20,35746324,20,151,65,0,144,0
44213,46343615,20,32563270,20,66,88,0,192,0
180818,46960383,20,41108274,20,224,86,0,251,0
133163,41474445,20,53381241,20,137,78,0,169,0
123408,39634882,20,42941228,20,117,88,0,88,0
336856,66846184,20,57326878,20,257,126,0,206,0
9385,42305461,20,37804998,20,146,52,0,131,0
253357,28538437,20,39720610,20,133,73,0,104,0
256748,25586131,20,30941463,20,183,38,0,140,0
67428,39621174,20,51344628,20,207,121,0,180,0
2105,36692656,20,30435395,20,140,48,0,109,0
52526,45448218,20,64912456,20,284,138,0,229,0
391934,58667216,20,31504374,20,86,59,0,172,0
22892,38281008,20,37573118,20,98,62,0,168,0
153200,46422993,20,50435746,20,137,85,0,163,0
302470,48436677,20,60113390,20,192,103,0,124,0
253625,32690154,20,46340654,20,108,106,0,108,0
168296,35228831,20,47318252,20,159,66,0,144,0
12718,59630366,20,54008766,20,218,134,0,198,0
200168,33729873,20,36593425,20,101,47,0,150,0
6484,32136368,20,39004267,20,110,71,0,126,0
103874,32715088,20,70843335,20,156,125,0,100,0
33314,39588461,20,69743675,20,123,143,0,234,0
219985,34103612,20,46012548,20,169,89,0,168,0
118992,31709801,20,40789988,20,175,67,0,141,0
55879,46348638,20,53882816,20,181,90,0,191,0
400836,41106025,20,64813426,20,173,106,0,194,0
544688,54287901,20,65338113,20,264,119,0,194,0
91106,53661502,20,27092378,20,65,37,0,289,0
163514,55728674,20,49507088,20,122,70,0,267,0
349792,46100789,20,32007294,20,133,43,0,228,0
302287,36884587,20,33264259,20,130,53,0,127,0
10386,29603762,20,47501030,20,192,62,0,97,0
153454,31938517,20,57554923,20,162,79,0,129,0
235435,27650405,20,43798044,20,112,64,0,90,0
275392,29616917,20,46464656,20,103,108,0,164,0
38914,35327477,20,49129202,20,102,88,0,173,0
30523,39632084,20,50612932,20,267,86,0,193,0
59143,46851336,20,36657034,20,140,83,0,238,0
36292,27375234,20,44988724,20,168,89,0,94,0
130772,35519506,20,49999931,20,182,71,0,166,0
100118,40608496,20,51622086,20,346,139,0,224,0
265347,25658102,20,39973636,20,111,46,0,105,0
84273,54419158,20,52485687,20,154,71,0,236,0
110341,27709678,20,47871187,20,238,99,0,97,0
5207,46904740,20,43637851,20,108,50,0,208,0
2708,36238665,20,42836841,20,117,64,0,141,0
23738,49851518,20,44078726,20,195,84,0,189,0
47039,34325973,20,48764638,20,211,120,0,104,0
8557,36532515,20,51059297,20,140,98,0,160,0
115001,44659018,20,55155236,20,287,117,0,139,0
70497,42288373,20,41075667,20,170,79,0,185,0
129503,38889706,20,53243131,20,121,67,0,143,0
184660,48794827,20,54351136,20,141,126,0,182,0
146287,44536972,20,64625531,20,246,104,0,171,0
293121,52886390,20,68131264,20,159,170,0,245,0
535310,55375678,20,59918246,20,118,103,0,187,0
35236,26664140,20,43838096,20,139,72,0,131,0
6469,38196813,20,50625776,20,165,102,0,131,0
415923,45649263,20,48771993,20,134,81,0,128,0
240036,37056311,20,48209406,20,131,83,0,195,0
192759,40067310,20,51614187,20,287,109,0,240,0
73473,41654397,20,27076570,20,103,48,0,153,0
4534,39033456,20,52511534,20,225,78,0,90,0
121586,30814503,20,34066543,20,124,74,0,191,0
23065,48349050,20,70814239,20,288,128,0,209,0
585940,36676915,20,40527006,20,145,83,0,73,0
36727,38115103,20,61962332,20,155,104,0,183,0
150090,44862205,20,62477734,20,307,118,0,127,0
119066,65475715,20,43027870,20,64,78,0,283,0
45805,32052138,20,57166490,20,150,127,0,192,0
43264,33510456,20,19813026,20,134,34,0,175,0
11331,30205182,20,56838262,20,130,108,0,135,0
140043,28947229,20,70087389,20,130,91,0,102,0
97911,34531046,20,60091113,20,166,127,0,130,0
170990,44099936,20,56857025,20,194,109,0,176,0
284697,40998017,20,50104558,20,197,77,0,165,0
6366,25798829,20,49177185,20,134,111,0,182,0
85339,31609234,20,62199085,20,256,143,0,155,0
52176,30802823,20,43815257,20,203,57,0,158,0
82938,34823320,20,38377848,20,123,48,0,129,0
50333,46371007,20,51101653,20,269,91,0,118,0
58818,34522768,20,69404853,20,201,142,0,232,0
170784,41007822,20,44469799,20,158,95,0,133,0
16030,35882013,20,38754694,20,85,61,0,210,0
48853,52911111,20,42139940,20,170,86,0,197,0
92045,35744235,20,77732709,20,203,105,0,65,0
22836,23901697,20,64674935,20,160,95,0,140,0
116588,34538793,20,41202200,20,87,67,0,195,0
279964,51889158,20,51691581,20,186,98,0,231,0
111774,44929001,20,69902050,20,185,109,0,140,0
17919,34928024,20,52328440,20,125,90,0,142,0
415012,60463984,20,65048786,20,164,127,0,292,0
262610,61126060,20,32543359,20,132,75,0,335,0
376086,41362774,20,69808725,20,272,116,0,230,0
24609,52663401,20,28198395,20,118,45,0,153,0
345546,62210021,20,63834886,20,158,132,0,292,0
74329,51368821,20,66279551,20,310,115,0,206,0
96639,37944920,20,43648270,20,135,111,0,191,0
25770,53480725,20,43295824,20,83,75,0,267,0
635235,46150447,20,63379204,20,163,81,0,125,0
302845,46181460,20,46848260,20,241,90,0,185,0
3322,38657829,20,64441159,20,280,134,0,166,0
68634,43250417,20,63338715,20,231,105,0,224,0
63309,33597125,20,42932019,20,96,108,0,160,0
256796,26345703,20,46182949,20,165,79,0,163,0
187812,29239775,20,49308947,20,157,62,0,81,0
468865,57158402,20,59153031,20,230,122,0,200,0
98594,38628884,20,36593342,20,98,65,0,82,0
54311,48413655,20,55451004,20,136,88,0,232,0
187434,42507384,20,46163249,20,69,92,0,228,0
307977,43658756,20,36957562,20,101,108,0,240,0
141308,68502121,20,66252120,20,202,170,0,290,0
305920,42898511,20,37167599,20,197,57,0,194,0
65290,30566149,20,40413262,20,264,51,0,179,0
118630,41904725,20,51620264,20,179,92,0,194,0
24509,46021647,20,38706192,20,247,36,0,222,0
64594,24492889,20,77624434,20,257,97,0,140,0
553239,66037218,20,50728590,20,207,89,0,182,0
51441,29586622,20,54555039,20,203,124,0,169,0
22353,62320759,20,73482392,20,243,116,0,274,0
7937,34884790,20,51515119,20,137,74,0,182,0
294204,43852904,20,48744754,20,151,76,0,161,0
174092,40156810,20,74975392,20,236,126,0,240,0
104188,39059555,20,84589123,20,246,117,0,115,0
221161,29110192,20,60801716,20,275,132,0,152,0
607141,34674390,20,51773060,20,155,103,0,118,0
47284,51060783,20,47759267,20,169,75,0,185,0
64286,32629434,20,63599396,20,269,173,0,211,0
158895,33889782,20,57493006,20,289,81,0,79,0
145269,24948008,20,47979757,20,110,107,0,186,0
219225,34555945,20,51212341,20,93,104,0,146,0
21630,69600104,20,51342247,20,108,114,0,333,0
31864,45242860,20,52564534,20,174,119,0,166,0
17170,37214913,20,28227753,20,115,41,0,117,0
96043,54705573,20,58584980,20,225,116,0,271,0
62864,41247114,20,40544287,20,187,69,0,171,0
514004,35932210,20,76417296,20,172,138,0,184,0
3505,24344110,20,40768784,20,156,91,0,138,0
141910,52488629,20,36896702,20,182,56,0,111,0
263215,30751592,20,47561245,20,204,85,0,138,0
238150,67636237,20,64255461,20,253,174,0,383,0
12290,37158626,20,32829414,20,110,77,0,270,0
6720,56439222,20,37191011,20,122,69,0,172,0
333383,29791406,20,44883603,20,203,85,0,166,0
38742,51600181,20,46742424,20,199,52,0,166,0
77092,28110026,20,53274357,20,207,55,0,145,0
12357,24743424,20,47975654,20,222,97,0,87,0
87719,56375376,20,61404240,20,176,203,0,286,0
101545,45116250,20,48519655,20,185,64,0,190,0
85867,35297212,20,42187188,20,178,103,0,179,0
358452,69384740,20,57480972,20,216,146,0,239,0
52774,45075173,20,63494219,20,156,124,0,212,0
31722,28156636,20,69456580,20,238,100,0,161,0
310864,54430971,20,47880249,20,158,128,0,309,0
423415,51617337,20,76236417,20,241,176,0,161,0
53868,53627820,20,39908454,20,155,72,0,244,0
96210,32484824,20,31304844,20,143,53,0,136,0
13132,28084608,20,44079112,20,105,59,0,175,0
342669,44749597,20,53778900,20,145,110,0,185,0
17522,46637192,20,40898435,20,118,96,0,190,0
270242,44915590,20,53144339,20,178,102,0,156,0
9082,53463717,20,59511527,20,212,96,0,169,0
159873,57529406,20,56363242,20,245,94,0,249,0
18892,35171274,20,35966658,20,79,72,0,199,0
394574,52618015,20,45470538,20,177,105,0,281,0
4427,52919765,20,46222602,20,168,82,0,219,0
110601,31865074,20,49873588,20,237,70,0,118,0
23889,28262377,20,42528635,20,211,108,0,161,0
3943,39735748,20,56179799,20,110,95,0,182,0
186288,66968857,20,48527793,20,157,66,0,220,0
170238,66816453,20,48519032,20,140,61,0,257,0
15662,20355403,20,58974524,20,165,63,0,188,0
68245,59391416,20,24987743,20,85,31,0,230,0
61379,42917965,20,40196615,20,160,75,0,100,0
8882,28095666,20,63697893,20,239,106,0,166,0
366526,46813346,20,50535984,20,138,101,0,213,0
10612,21227461,20,42743856,20,231,58,0,133,0
35625,21442263,20,54621740,20,192,62,0,67,0
52320,56059300,20,36441039,20,151,83,0,208,0
593879,41245409,20,64633245,20,280,172,0,217,0
5047,23992175,20,41117024,20,115,60,0,86,0
57739,33546983,20,61975770,20,220,112,0,116,0
14245,24575195,20,50845508,20,191,94,0,115,0
199670,38519280,20,52168734,20,170,112,0,151,0
282469,61598588,20,52632836,20,210,118,0,181,0
63529,49889862,20,57993648,20,160,80,0,160,0
8020,34700906,20,53093822,20,261,119,0,215,0
98138,33489853,20,47037801,20,221,117,0,111,0
133644,38043378,20,39637258,20,181,88,0,141,0
595310,51467429,20,54437546,20,281,157,0,213,0
58579,41599333,20,49602625,20,107,83,0,190,0
8484,41960260,20,43717153,20,122,87,0,209,0
89081,46350829,20,45218143,20,153,89,0,176,0
181131,44954580,20,44115054,20,206,94,0,162,0
131878,48792579,20,45423923,20,142,65,0,254,0
204266,35021151,20,44926499,20,92,55,0,126,0
7737,35741352,20,38581026,20,218,69,0,153,0
100262,29296278,20,42402302,20,159,75,0,167,0
232216,38813238,20,49018647,20,184,90,0,151,0
21648,21237871,20,46628549,20,109,59,0,102,0
15628,46120353,20,43536512,20,230,94,0,249,0
165061,34027315,20,57660587,20,235,120,0,138,0
156045,39822127,20,43382195,20,172,85,0,101,0
114156,47858213,20,47527071,20,173,81,0,167,0
279846,36417849,20,58655892,20,211,91,0,153,0
127856,52232975,20,52359803,20,90,84,0,215,0
46711,39286441,20,48613106,20,255,84,0,180,0
210501,37827961,20,34555154,20,110,73,0,145,0
140794,37073256,20,55697970,20,212,95,0,178,0
137387,29446517,20,46928586,20,174,63,0,149,0
159727,30714102,20,31300288,20,84,46,0,71,0
161378,41637950,20,58605711,20,190,62,0,154,0
6299,24862725,20,32222936,20,77,57,0,119,0
80952,44586448,20,46102555,20,182,77,0,149,0
15374,32857999,20,39482113,20,129,82,0,204,0
141019,51083970,20,53498838,20,175,76,0,150,0
18966,28075207,20,51929608,20,165,85,0,198,0
89384,40398880,20,45986807,20,124,79,0,180,0
187769,48872747,20,35672659,20,123,70,0,142,0
84529,26270519,20,44750355,20,200,74,0,99,0
96358,33951199,20,57074237,20,180,76,0,198,0
126410,35991196,20,57886971,20,188,102,0,199,0
168768,36871314,20,82024740,20,215,120,0,112,0
93162,34794637,20,47932286,20,245,69,0,134,0
85177,45362284,20,45029974,20,120,73,0,237,0
12229,42209798,20,47833742,20,184,114,0,179,0
188207,30235350,20,42094301,20,190,101,0,128,0
22046,46497814,20,43325675,20,140,65,0,144,0
111279,25532155,20,49525903,20,172,67,0,81,0
82679,36840826,20,56001375,20,273,104,0,138,0
256242,35503440,20,40185510,20,115,82,0,208,0
114041,43309246,20,35221826,20,180,84,0,196,0
255254,37410125,20,41655379,20,132,83,0,219,0
472256,48355424,20,45085084,20,205,54,0,148,0
40498,49859452,20,34885103,20,216,75,0,173,0
13390,45007862,20,42858845,20,206,109,0,143,0
108272,26859157,20,48330251,20,269,84,0,111,0
5902,39444950,20,51536922,20,102,66,0,101,0
276750,47601199,20,51808157,20,123,97,0,201,0
44443,37212057,20,38952284,20,125,40,0,131,0
173023,35840006,20,71535647,20,245,106,0,155,0
283836,40792550,20,63544253,20,143,81,0,183,0
73532,31085963,20,44352007,20,93,61,0,127,0
115674,34340150,20,39683670,20,56,117,0,214,0
251134,48147643,20,53805780,20,198,122,0,212,0
144941,58281319,20,65178412,20,171,121,0,192,0
4595,24726410,20,24648396,20,156,48,0,75,0
138289,44448939,20,55182422,20,213,88,0,127,0
693733,55228628,20,47680123,20,263,131,0,253,0
303792,52974928,20,54949202,20,275,100,0,166,0
143028,22718299,20,40196506,20,145,70,0,138,0
9065,38014619,20,49834710,20,214,71,0,92,0
146539,26540802,20,37920717,20,138,72,0,182,0
296623,37976701,20,47839296,20,241,84,0,178,0
31739,46838588,20,30658838,20,97,42,0,129,0
159378,41807354,20,68650256,20,204,182,0,204,0
80379,40426404,20,36562937,20,110,54,0,250,0
75840,57514913,20,66127776,20,145,186,0,230,0
186103,32462568,20,45949644,20,253,128,0,161,0
81269,36565400,20,29158046,20,133,72,0,105,0
4043,45595617,20,40589410,20,193,86,0,159,0
90694,37254195,20,49034198,20,118,60,0,102,0
377682,41318745,20,42857517,20,107,59,0,161,0
24373,46649273,20,38113376,20,210,113,0,263,0
262104,34783553,20,51033942,20,271,78,0,135,0
125308,46859073,20,32870154,20,146,81,0,144,0
153182,42461188,20,60263969,20,294,142,0,130,0
167648,45339504,20,56372075,20,52,119,0,287,0
78320,22712157,20,58061262,20,326,108,0,69,0
291542,54657258,20,38813062,20,176,63,0,219,0
355922,25016085,20,53357087,20,84,77,0,140,0
374761,35646720,20,37148886,20,159,97,0,117,0
8412,35398272,20,34881813,20,167,51,0,160,0
85577,36618889,20,53557941,20,202,99,0,155,0
325371,25630527,20,54367961,20,194,132,0,112,0
37812,36053986,20,62045598,20,235,133,0,149,0
151605,46513014,20,72394483,20,301,148,0,222,0
86936,44559488,20,50500482,20,125,92,0,178,0
7491,33968762,20,43095426,20,191,86,0,150,0
290235,52506089,20,48678726,20,112,91,0,167,0
243482,42556775,20,51729956,20,265,93,0,180,0
60343,44609213,20,38267682,20,163,68,0,126,0
113062,37319403,20,56689482,20,471,86,0,148,0
189098,34577505,20,48660341,20,159,91,0,207,0
207205,45275447,20,52350228,20,168,86,0,195,0
111412,42710736,20,69270846,20,257,186,0,245,0
349605,38200050,20,52829441,20,181,110,0,184,0
98087,36196554,20,39052148,20,121,60,0,196,0
474657,34532870,20,43923135,20,201,59,0,142,0
29829,38542924,20,45951540,20,200,94,0,215,0
77194,33748179,20,45895242,20,201,121,0,103,0
184027,44548139,20,49195200,20,109,75,0,176,0
12198,45359524,20,34673584,20,226,95,0,235,0
126163,36166560,20,46867269,20,198,59,0,153,0
132794,45305863,20,60405521,20,158,125,0,136,0
112411,43374424,20,33957688,20,121,86,0,206,0
3777,54050915,20,42190858,20,71,134,0,228,0
23606,45778868,20,35332419,20,163,44,0,157,0
6514,43366604,20,55547147,20,209,90,0,183,0
39965,60140138,20,40380673,20,98,98,0,315,0
585545,35814394,20,48427992,20,174,64,0,73,0
389514,35184931,20,34944474,20,136,74,0,194,0
42411,45341803,20,52835872,20,248,129,0,175,0
10394,40604685,20,59840050,20,176,88,0,89,0
108701,23932765,20,37979667,20,59,38,0,158,0
203561,35898569,20,43882984,20,158,98,0,169,0
27676,31050634,20,52230778,20,193,119,0,130,0
26038,23872982,20,54412409,20,133,132,0,143,0
178997,59801115,20,33247205,20,143,81,0,268,0
178593,40984400,20,58301575,20,212,95,0,195,0
162152,36471458,20,41342323,20,70,90,0,165,0
201571,39815379,20,44830886,20,192,60,0,200,0
46456,60640896,20,48550530,20,158,91,0,230,0
339149,63896270,20,39314378,20,66,73,0,232,0
18904,55803459,20,36272326,20,129,92,0,210,0
75687,42282299,20,38614856,20,82,75,0,159,0
258629,49765461,20,30076637,20,94,45,0,108,0
11359,60413690,20,53344648,20,239,120,0,164,0
6198,34851609,20,36718853,20,211,71,0,119,0
104159,52451150,20,34499237,20,138,77,0,222,0
104557,32292719,20,46319162,20,108,82,0,109,0
27711,47080735,20,38287514,20,193,70,0,173,0
294537,56237954,20,47107816,20,121,75,0,239,0
71677,51600864,20,49059911,20,291,111,0,235,0
36878,39147837,20,44458803,20,168,101,0,147,0
318632,35959156,20,42539887,20,122,50,0,141,0
6920,44232091,20,50062048,20,208,96,0,229,0
95200,37427521,20,58618958,20,305,79,0,158,0
164818,69058204,20,53636351,20,168,98,0,380,0
143640,46782948,20,62211297,20,214,107,0,190,0
8298,26460480,20,30564953,20,183,56,0,146,0
116037,26256279,20,34062375,20,56,47,0,71,0
72910,35068186,20,52564565,20,305,93,0,110,0
7434,43082331,20,60708751,20,232,83,0,173,0
32921,46683795,20,43656084,20,153,74,0,153,0
7741,35673553,20,54063170,20,185,96,0,213,0
54472,34792904,20,56041701,20,108,89,0,147,0
125585,48577051,20,50386881,20,240,95,0,199,0
162885,41095852,20,56141318,20,271,140,0,123,0
19464,38342581,20,36844634,20,139,68,0,146,0
328813,36768947,20,53607521,20,110,57,0,74,0
17516,42727431,20,32366472,20,71,51,0,204,0
4108,33877007,20,33116696,20,148,70,0,181,0
97479,53198923,20,57880061,20,66,126,0,175,0
93959,35748827,20,71448216,20,227,143,0,117,0
16140,38081363,20,58130955,20,119,112,0,122,0
234333,40711239,20,43194191,20,230,73,0,132,0
49173,48641316,20,58840140,20,117,141,0,233,0
26440,33534424,20,47650542,20,109,81,0,122,0
116959,36745655,20,47088090,20,158,72,0,100,0
110113,36963135,20,43854736,20,103,79,0,143,0
339060,38278159,20,36637774,20,180,73,0,157,0
306698,53662135,20,57110853,20,142,113,0,237,0
84606,32391492,20,50693844,20,159,93,0,132,0
58270,56025670,20,34574417,20,155,74,0,197,0
30832,34486993,20,59572051,20,251,60,0,115,0
71360,44373351,20,34331592,20,132,70,0,132,0
98339,44691665,20,39580802,20,200,46,0,172,0
80024,31900022,20,22686643,20,137,45,0,50,0
219882,36429218,20,40675067,20,100,92,0,144,0
701296,52947275,20,48353490,20,140,63,0,205,0
19825,39549314,20,50286071,20,127,92,0,160,0
331202,45547325,20,41014719,20,142,78,0,149,0
15087,43576179,20,44655258,20,138,119,0,213,0
48816,50397432,20,39950561,20,180,56,0,151,0
440591,64948651,20,47293769,20,155,100,0,321,0
9305,28086607,20,39524228,20,209,98,0,76,0
196750,41910104,20,25103811,20,186,64,0,106,0
34212,32964274,20,52473149,20,255,103,0,135,0
50584,47428565,20,46421570,20,146,67,0,168,0
418285,49997336,20,61971452,20,264,98,0,166,0
46006,46008727,20,34608808,20,108,45,0,167,0
290676,48641336,20,46521003,20,159,116,0,165,0
15954,37524579,20,46938847,20,287,98,0,236,0
66739,29909371,20,42367789,20,136,75,0,85,0
151330,42237951,20,40922114,20,145,68,0,124,0
78626,33549233,20,48749917,20,233,83,0,195,0
218369,53429538,20,53520417,20,214,86,0,134,0
59570,36550642,20,32753256,20,77,59,0,205,0
201882,44829054,20,56815329,20,242,120,0,181,0
119154,54834006,20,43481739,20,178,82,0,214,0
321802,53708207,20,59488417,20,252,148,0,159,0
199548,34245330,20,37190734,20,177,60,0,146,0
290762,76615742,20,64288140,20,383,182,0,336,0
24838,52054424,20,27035977,20,107,40,0,180,0
16228,47973720,20,58319756,20,155,129,0,153,0
222822,35948841,20,54691733,20,207,76,0,234,0
30234,41622726,20,39627787,20,227,72,0,169,0
11057,45250938,20,46516182,20,176,120,0,268,0
69175,38948425,20,56691603,20,209,102,0,205,0
167136,32325463,20,40003351,20,163,64,0,133,0
298329,43414469,20,63662635,20,240,126,0,172,0
780582,49852218,20,82758659,20,162,157,0,192,0
119692,37675912,20,49419855,20,161,104,0,204,0
241353,47514762,20,49409034,20,215,85,0,126,0
236748,57559536,20,45241631,20,241,117,0,248,0
290523,29689508,20,57519004,20,177,109,0,202,0
54859,47394152,20,56487694,20,153,109,0,150,0
81162,43314059,20,58428486,20,336,94,0,115,0
286767,35464099,20,58412989,20,136,89,0,183,0
375845,44435402,20,50354545,20,134,117,0,117,0
502048,34089550,20,44576401,20,121,64,0,180,0
202521,38076939,20,57624162,20,336,80,0,156,0
315606,38573520,20,33619121,20,180,78,0,128,0
14700,39857483,20,40545347,20,80,110,0,175,0
12288,18112758,20,58558364,20,145,101,0,98,0
261385,28803006,20,55754702,20,203,72,0,71,0
48493,29854602,20,40921946,20,89,56,0,122,0
246470,38412758,20,58710371,20,186,152,0,184,0
30784,39576040,20,27830466,20,87,40,0,99,0
177950,56672648,20,40872510,20,104,56,0,245,0
278293,44658151,20,52535455,20,130,198,0,238,0
107345,34854697,20,45610813,20,175,65,0,108,0
135131,47911734,20,63950600,20,246,100,0,119,0
124675,55611361,20,49936534,20,121,91,0,172,0
42440,30090020,20,31639952,20,141,54,0,205,0
5373,22778276,20,41286444,20,139,53,0,132,0
191454,49410302,20,39896249,20,155,55,0,153,0
217070,39397826,20,54961831,20,208,99,0,270,0
644708,48717643,20,58593116,20,231,98,0,243,0
274133,19545134,20,39597939,20,146,91,0,99,0
146820,32729598,20,50850389,20,114,103,0,221,0
459661,39662262,20,55558967,20,216,75,0,124,0
393975,54366939,20,42093166,20,231,92,0,198,0
380074,28296422,20,77882034,20,288,117,0,76,0
3373,34495290,20,46585768,20,138,139,0,215,0
384996,62344608,20,59939310,20,133,159,0,263,0
632373,39478801,20,59039275,20,238,78,0,170,0
6285,45204811,20,23097697,20,158,38,0,159,0
165695,55954544,20,56833335,20,194,82,0,151,0
80967,36454450,20,31429312,20,150,48,0,219,0
10844,40587451,20,57564762,20,181,73,0,132,0
29756,53180872,20,52059947,20,70,112,0,212,0
122248,51359023,20,56292439,20,173,100,0,354,0
271915,39677686,20,41988068,20,106,59,0,165,0
7131,33892362,20,33620866,20,131,72,0,120,0
14715,37791268,20,41234316,20,99,75,0,157,0
140056,50531047,20,33625135,20,187,57,0,185,0
18656,39728699,20,30861610,20,133,46,0,109,0
79817,71041000,20,47348285,20,162,106,0,269,0
52714,44206942,20,32013471,20,178,80,0,211,0
218190,38998013,20,46452438,20,153,75,0,134,0
217691,50678053,20,40362101,20,98,127,0,282,0
209291,33650001,20,40241949,20,84,70,0,102,0
638905,71541652,20,37184579,20,145,74,0,240,0
164977,44324831,20,38257590,20,207,73,0,206,0
148696,26850351,20,42843989,20,136,53,0,92,0
148319,36304305,20,46961988,20,150,97,0,113,0
217754,51416425,20,66945041,20,175,142,0,272,0
267873,32639569,20,48427854,20,170,77,0,147,0
23824,39047544,20,58504893,20,355,108,0,113,0
221258,55298064,20,45254219,20,133,98,0,291,0
305332,41253443,20,36801296,20,158,47,0,120,0
392509,34438512,20,78404924,20,230,120,0,95,0
5533,51948348,20,48927752,20,153,142,0,220,0
283090,26583472,20,48049094,20,165,60,0,114,0
154411,42817671,20,37772583,20,87,34,0,152,0
284684,58337227,20,69529636,20,226,108,0,286,0
789046,65460276,20,39578606,20,102,109,0,204,0
120154,53193354,20,44353319,20,133,94,0,204,0
140741,62921956,20,49460513,20,155,108,0,245,0
64082,36308245,20,42864703,20,99,74,0,125,0
302008,31731083,20,39994421,20,155,74,0,168,0
128364,28187100,20,72786931,20,331,122,0,85,0
141667,25280575,20,41132485,20,100,70,0,129,0
83464,29556625,20,70154192,20,302,103,0,154,0
5943,37045361,20,49811091,20,135,96,0,208,0
72683,51232153,20,49644918,20,209,116,0,163,0
240866,34092013,20,61582261,20,204,107,0,145,0
203397,42403915,20,40790157,20,95,56,0,130,0
7162,47467216,20,50050103,20,277,94,0,116,0
167888,38547379,20,51704927,20,158,60,0,128,0
21669,48871549,20,45584409,20,209,69,0,197,0
96193,55097025,20,41280599,20,179,116,0,153,0
105867,42395115,20,29748215,20,156,65,0,202,0
67572,38453066,20,37108077,20,105,50,0,233,0
46502,33905776,20,58988640,20,184,96,0,120,0
16360,45952097,20,48997871,20,112,129,0,333,0
218355,38205002,20,49410906,20,112,56,0,168,0
191483,57750108,20,64766859,20,216,168,0,216,0
97676,36375399,20,64675650,20,244,151,0,146,0
23492,36780995,20,46167842,20,213,74,0,129,0
453640,31739356,20,45442557,20,186,77,0,195,0
71259,36396248,20,46310010,20,152,55,0,188,0
24340,44596600,20,40583961,20,225,63,0,163,0
250865,42130521,20,57076773,20,206,119,0,110,0
38760,25474197,20,42326817,20,129,71,0,86,0
41261,46743964,20,49459614,20,115,89,0,174,0
71165,36073904,20,37348807,20,125,70,0,184,0
451375,50185670,20,51565394,20,141,84,0,137,0
78400,38172095,20,43400675,20,205,103,0,156,0
