336502,112014272,50,157939277,50,1112,486,0,729,0
24225,159353971,50,111197812,50,1136,462,0,1331,0
12042,125019100,50,121023863,50,792,380,0,962,0
95306,83439617,50,131370071,50,818,376,0,762,0
110222,105496893,50,134354893,50,939,364,0,1041,0
4618,115420147,50,105866346,50,1151,393,0,698,0
89948,97405738,50,148596296,50,959,457,0,1046,0
124055,114388240,50,111331715,50,1082,392,0,1063,0
199697,124043612,50,146448145,50,910,403,0,1137,0
16506,122275157,50,97259369,50,858,297,0,1365,0
12216,109140844,50,140278179,50,928,330,0,659,0
69856,114580742,50,111304718,50,958,324,0,992,0
41341,98603584,50,140213666,50,766,415,0,859,0
100176,135039998,50,119219062,50,1122,443,0,1026,0
49405,106580688,50,161608824,50,1279,478,0,1023,0
6629,120810685,50,120361126,50,1253,359,0,1210,0
17473,104766792,50,100501621,50,856,270,0,1091,0
52613,99325692,50,112276250,50,851,404,0,853,0
18034,112027191,50,123176869,50,1262,339,0,957,0
12578,131328518,50,113092805,50,1053,311,0,1132,0
8186,176978228,50,89713408,50,1015,299,0,1377,0
13627,99211511,50,125921150,50,1409,319,0,807,0
19231,105729869,50,120639090,50,1153,402,0,761,0
61942,110356650,50,141112037,50,1009,517,0,898,0
27547,103191615,50,110050143,50,1082,370,0,1207,0
49909,95192882,50,102654527,50,860,355,0,968,0
98789,108087453,50,139290311,50,731,431,0,833,0
34774,99470618,50,144316669,50,772,387,0,934,0
50304,128579601,50,135210331,50,619,501,0,1498,0
15088,126127262,50,122892504,50,882,426,0,998,0
9197,94927800,50,123450196,50,848,446,0,962,0
6736,91140630,50,114189282,50,705,337,0,636,0
4010,92758906,50,121109381,50,804,298,0,972,0
19756,112974409,50,86848414,50,909,304,0,729,0
19016,85967562,50,123999938,50,795,454,0,834,0
3199,106718318,50,128415913,50,1352,391,0,1279,0
23392,107874663,50,132670556,50,874,459,0,1266,0
122249,107348370,50,136001526,50,765,408,0,935,0
9576,82429635,50,112227804,50,1113,409,0,1271,0
96731,118920391,50,119771561,50,845,390,0,1100,0
4607,116165617,50,108467749,50,1012,358,0,1346,0
71809,111847202,50,121449783,50,1528,409,0,1724,0
72994,99538665,50,127608352,50,803,296,0,780,0
42845,107527918,50,134310297,50,906,588,0,1072,0
31130,116721480,50,126394826,50,735,349,0,809,0
64626,84018875,50,124715391,50,1129,368,0,760,0
192172,90199048,50,148573651,50,1087,477,0,786,0
56525,83832002,50,105503418,50,1020,291,0,1624,0
9164,117426383,50,101161340,50,1153,329,0,695,0
44083,99500390,50,122978413,50,1060,385,0,1108,0
6544,69855944,50,128617394,50,691,332,0,526,0
44923,95157309,50,107478273,50,1218,347,0,977,0
39249,119246830,50,122911572,50,1268,428,0,1261,0
13648,124689626,50,127279923,50,1218,398,0,989,0
11710,140980788,50,128972747,50,1012,446,0,1209,0
12305,87912571,50,117187927,50,947,279,0,771,0
88640,116397245,50,103571888,50,979,330,0,1253,0
232991,109722833,50,170166757,50,1175,426,0,1290,0
33552,136937736,50,123178069,50,1260,354,0,940,0
114940,98488338,50,118667388,50,1071,387,0,583,0
122731,137922588,50,129799984,50,743,405,0,1260,0
8805,103426438,50,159419342,50,1307,416,0,1550,0
8328,79985285,50,116643040,50,913,410,0,700,0
108118,104426514,50,93916091,50,842,290,0,1046,0
8645,99652415,50,123344168,50,874,336,0,723,0
54712,116975537,50,100965665,50,946,320,0,1047,0
15069,108192656,50,113968212,50,1364,360,0,964,0
14334,83071776,50,104877454,50,1051,281,0,961,0
60123,140102846,50,128250541,50,1043,437,0,980,0
12576,106262961,50,123725171,50,948,395,0,767,0
20411,81855363,50,99703398,50,650,374,0,979,0
41649,79178380,50,116517357,50,774,323,0,646,0
3719,115209509,50,107217335,50,978,358,0,1324,0
140752,111163605,50,113320257,50,697,326,0,1267,0
17743,118889300,50,104613800,50,651,307,0,787,0
50697,128726496,50,101599012,50,1034,323,0,1037,0
263886,95429543,50,116238734,50,975,362,0,947,0
2721,128500649,50,97916825,50,866,307,0,975,0
7420,120510618,50,140626264,50,1076,454,0,1171,0
50820,120047259,50,106935737,50,1044,371,0,1341,0
37975,84571646,50,102215300,50,1043,336,0,1087,0
226919,115556251,50,108262273,50,1048,351,0,1612,0
7058,113184892,50,119187320,50,624,360,0,975,0
9866,134289263,50,119616306,50,1257,408,0,927,0
107868,108269883,50,125841022,50,766,398,0,1418,0
10545,124909416,50,133801850,50,1287,441,0,896,0
117138,110644123,50,108464437,50,1013,278,0,935,0
12403,96140762,50,102950288,50,1049,260,0,1009,0
7507,107107435,50,131029365,50,1366,475,0,733,0
5538,131695269,50,105556284,50,862,327,0,1216,0
21861,116701905,50,106754912,50,1165,303,0,1346,0
4971,127749563,50,112976447,50,1048,313,0,1217,0
8602,142050184,50,112825007,50,978,398,0,1179,0
33366,125738483,50,108979282,50,598,381,0,1097,0
39627,107284169,50,128346709,50,1847,386,0,853,0
58523,99774567,50,108955726,50,863,362,0,885,0
16681,90981183,50,118839274,50,1208,378,0,892,0
55234,119829851,50,128694628,50,1095,444,0,1041,0
160740,117309300,50,157037298,50,1470,378,0,708,0
74519,93993163,50,101150269,50,1090,267,0,846,0
31791,152644502,50,118402369,50,1183,363,0,1220,0
4566,107835697,50,110538237,50,975,338,0,983,0
7112,103103632,50,112005772,50,999,404,0,873,0
3732,98435181,50,130050288,50,825,429,0,1590,0
31474,108262565,50,149853163,50,1178,442,0,1033,0
74035,133352979,50,135873113,50,1090,481,0,899,0
2249,113607340,50,125849954,50,1067,467,0,1040,0
26745,121528808,50,93066958,50,670,442,0,935,0
94115,118158191,50,100934066,50,1079,301,0,923,0
30147,98236016,50,121510291,50,881,421,0,677,0
26848,108640442,50,116345131,50,1279,309,0,808,0
6859,92762081,50,116307005,50,1296,352,0,754,0
11313,124458069,50,83302409,50,1181,353,0,706,0
2437,145396738,50,107575503,50,690,402,0,1134,0
130567,103311082,50,110649104,50,724,346,0,820,0
3245,138716293,50,153976427,50,1240,412,0,923,0
59448,103772509,50,123540551,50,795,350,0,668,0
41550,100403554,50,90290082,50,1060,255,0,966,0
3662,105530410,50,104472552,50,708,353,0,989,0
13727,146014754,50,127586358,50,952,403,0,934,0
5526,98616585,50,120332737,50,1385,460,0,1085,0
7368,88169717,50,103469219,50,788,338,0,1426,0
78830,128947724,50,116939944,50,793,377,0,965,0
43728,138254973,50,115500444,50,1069,438,0,1142,0
6420,90177736,50,128188702,50,835,291,0,856,0
11604,116477607,50,143753487,50,1102,494,0,1126,0
32463,93745895,50,108422402,50,726,316,0,659,0
9812,95594974,50,114715232,50,1460,330,0,672,0
31946,135191299,50,123305723,50,667,450,0,1055,0
9586,95963940,50,98133475,50,990,393,0,769,0
66915,109363184,50,133849798,50,972,392,0,1211,0
131611,109503101,50,122973102,50,769,367,0,994,0
28626,97412066,50,110767798,50,563,342,0,1367,0
7285,122265271,50,101301794,50,1009,277,0,1504,0
86629,117364612,50,125561377,50,936,383,0,1296,0
2777,113079819,50,93122280,50,1137,320,0,818,0
5189,104071129,50,111569120,50,1500,341,0,746,0
8148,120868591,50,123383394,50,760,514,0,1273,0
4928,114112252,50,101159198,50,1197,362,0,931,0
35812,111579027,50,135336999,50,1072,452,0,1099,0
8173,108635807,50,107040547,50,1083,362,0,812,0
43972,122798383,50,128385426,50,931,376,0,996,0
16139,85192552,50,124079574,50,991,374,0,704,0
127178,124783143,50,152071724,50,1569,464,0,831,0
4754,124724335,50,105903923,50,963,387,0,1420,0
20020,96799088,50,121161417,50,862,332,0,800,0
100916,90208961,50,106157297,50,985,332,0,1235,0
73095,113849203,50,112012370,50,956,292,0,1381,0
206433,111567005,50,108025902,50,590,366,0,777,0
46678,106739507,50,113870584,50,796,258,0,567,0
21651,109419072,50,115520830,50,881,323,0,968,0
29606,100599388,50,128390095,50,1072,302,0,1229,0
181426,96597731,50,128676392,50,942,322,0,756,0
10917,134784254,50,121858909,50,1115,409,0,1001,0
33770,125608300,50,88163171,50,1046,297,0,1072,0
29222,115755953,50,142752855,50,1137,431,0,1252,0
8799,115965315,50,146794452,50,1489,543,0,1146,0
14410,88902359,50,100627930,50,585,251,0,918,0
25372,124117788,50,95014316,50,857,279,0,842,0
122914,96620002,50,119352436,50,746,455,0,990,0
15881,112964961,50,123942175,50,724,411,0,1422,0
11028,139600370,50,107866986,50,976,424,0,1580,0
15865,106669151,50,164489521,50,1373,479,0,620,0
8588,122469903,50,133441932,50,1134,422,0,1137,0
5132,137314617,50,83907529,50,871,253,0,974,0
25483,146222643,50,151965292,50,1487,545,0,1150,0
24748,112744928,50,110811934,50,781,438,0,819,0
58208,109203095,50,110354437,50,921,371,0,882,0
104500,95888372,50,131026100,50,1150,418,0,1413,0
81629,79094140,50,128902347,50,1197,370,0,584,0
26533,110961055,50,112478930,50,991,417,0,786,0
10587,96509531,50,105705200,50,872,365,0,790,0
17724,110311141,50,105874497,50,881,298,0,899,0
2849,103475849,50,112835693,50,825,351,0,866,0
136032,92901288,50,110693311,50,819,373,0,997,0
26165,97389167,50,118005008,50,1083,395,0,1235,0
100431,128588070,50,115813195,50,1356,349,0,1056,0
12361,102034036,50,130181065,50,662,377,0,797,0
3661,96640985,50,111836421,50,603,436,0,1101,0
61934,99109887,50,134557721,50,1282,390,0,590,0
60330,122136108,50,129347323,50,851,389,0,1068,0
17589,147767972,50,139809671,50,1107,467,0,853,0
4816,88822336,50,134907455,50,938,439,0,698,0
103205,130010313,50,131485065,50,889,398,0,1113,0
93912,149901279,50,109486217,50,1158,303,0,910,0
66747,136256614,50,110834091,50,856,387,0,1903,0
84362,138317374,50,155099285,50,1163,372,0,824,0
153271,129452083,50,120941890,50,1252,410,0,765,0
46788,97566907,50,114906926,50,935,363,0,728,0
58176,103362938,50,155264057,50,1112,480,0,745,0
10059,93468652,50,152597809,50,1248,601,0,946,0
3212,109780684,50,121678077,50,1258,344,0,956,0
11222,117182141,50,119648681,50,1143,372,0,997,0
14794,102298883,50,127844084,50,971,354,0,1356,0
7099,134633732,50,156238497,50,1325,559,0,1065,0
40816,73777117,50,88615253,50,524,246,0,648,0
60689,105469323,50,114725584,50,970,383,0,806,0
16495,86927006,50,112023953,50,950,278,0,569,0
21209,105502966,50,104457261,50,898,358,0,924,0
102676,105938174,50,109111247,50,461,325,0,1053,0
79136,82646855,50,116206025,50,804,392,0,1106,0
10718,109869646,50,109521213,50,737,422,0,1492,0
80341,136115177,50,126478010,50,1144,349,0,1066,0
31744,98464938,50,116313390,50,880,333,0,831,0
140129,147553063,50,116382533,50,983,465,0,1146,0
6888,115308178,50,110511764,50,794,410,0,867,0
94591,108917230,50,121221408,50,1303,444,0,745,0
120219,94086210,50,108143536,50,865,389,0,700,0
15231,111578055,50,107403438,50,1173,344,0,959,0
36355,115185615,50,142557486,50,1056,347,0,1490,0
18158,119962811,50,109030520,50,1161,349,0,926,0
2783,119521090,50,122425090,50,729,338,0,879,0
13838,129298562,50,122254547,50,1192,390,0,872,0
12130,115412590,50,89529931,50,830,371,0,1220,0
7798,121064708,50,137723628,50,966,423,0,967,0
66088,127299370,50,140721371,50,833,521,0,937,0
18322,98119147,50,132733389,50,986,490,0,1244,0
132010,108260313,50,111768547,50,873,367,0,1015,0
8151,103389657,50,125838697,50,978,410,0,811,0
7043,85602968,50,97527716,50,885,322,0,831,0
16340,110056416,50,125671570,50,1525,322,0,1083,0
53813,107235332,50,119199682,50,1364,401,0,1415,0
37599,126832255,50,130574437,50,885,372,0,1004,0
21941,143825279,50,115627743,50,1357,457,0,1233,0
69843,93882438,50,135284712,50,884,415,0,856,0
4819,117044239,50,150703746,50,1592,394,0,922,0
15082,89657539,50,108946573,50,542,349,0,717,0
4519,112139268,50,96703293,50,596,338,0,866,0
6616,106418421,50,93291870,50,800,255,0,974,0
3934,129509892,50,110547281,50,478,329,0,1067,0
16145,89004940,50,103450599,50,757,322,0,628,0
14558,92280417,50,106431153,50,953,383,0,823,0
90000,110540540,50,91022786,50,770,280,0,930,0
61596,107845931,50,126823872,50,1386,475,0,802,0
14599,130689752,50,115845109,50,874,323,0,985,0
100797,112254281,50,93853816,50,1037,296,0,1186,0
9855,124527195,50,136153616,50,1161,468,0,674,0
23071,116033491,50,164327248,50,1161,525,0,1189,0
12560,84437152,50,130095100,50,1183,402,0,644,0
4101,111740995,50,96579125,50,1035,278,0,850,0
5635,161323423,50,123189101,50,1126,452,0,1414,0
4734,106098756,50,120483605,50,1512,483,0,795,0
18422,94045593,50,125986970,50,1049,463,0,954,0
14220,93048638,50,98401466,50,607,327,0,790,0
12890,124931535,50,144791801,50,1160,494,0,973,0
5930,103425313,50,157791091,50,1396,579,0,989,0
9986,74803100,50,107642602,50,740,371,0,613,0
6620,103586192,50,97442162,50,728,279,0,690,0
6463,78489344,50,124523527,50,1106,414,0,713,0
231651,128545538,50,114274581,50,1476,315,0,1535,0
5004,120063916,50,105440224,50,785,313,0,841,0
4868,124868673,50,93843286,50,604,386,0,956,0
277095,140887698,50,130051248,50,1162,383,0,1044,0
10150,127011359,50,91371705,50,809,251,0,578,0
12832,119949133,50,165841556,50,1404,568,0,917,0
157784,108626076,50,139548750,50,1043,436,0,889,0
16498,128023750,50,103050887,50,846,338,0,1264,0
26458,113006983,50,125289296,50,963,438,0,794,0
15466,114811658,50,118361811,50,898,444,0,895,0
5267,107308311,50,97624422,50,794,318,0,747,0
8027,129299868,50,114696908,50,918,413,0,1005,0
47089,84768000,50,103753344,50,774,361,0,1168,0
39976,110019984,50,133221672,50,1159,400,0,1177,0
10734,105818944,50,116058331,50,842,352,0,1204,0
123926,105999936,50,135689500,50,1050,409,0,938,0
41559,91199397,50,89729146,50,928,245,0,894,0
6676,118508337,50,127312756,50,1037,409,0,1094,0
136741,111645790,50,117295760,50,994,468,0,893,0
9217,133623610,50,109691743,50,770,370,0,1142,0
13473,102436994,50,116995044,50,714,392,0,1063,0
183397,100724527,50,124378031,50,865,345,0,1291,0
98492,123016054,50,107772407,50,596,419,0,1205,0
89302,111604407,50,109152128,50,523,361,0,1027,0
3569,77629632,50,121808399,50,1137,358,0,915,0
48096,98390593,50,123177126,50,694,416,0,778,0
6739,103954532,50,126890397,50,1014,440,0,924,0
19054,134476135,50,117219389,50,1002,406,0,1149,0
40016,124612126,50,120429313,50,887,303,0,1038,0
31487,125270680,50,111070620,50,1025,281,0,1090,0
252425,78761114,50,135999566,50,1214,465,0,864,0
43761,81248256,50,116725690,50,606,378,0,575,0
11047,86618749,50,145584881,50,1228,439,0,829,0
37643,123280698,50,139293950,50,899,507,0,971,0
5688,94341744,50,93100882,50,1012,232,0,1077,0
11200,86615432,50,152171743,50,1203,576,0,1005,0
5413,103232758,50,159876634,50,1081,454,0,794,0
33261,127248574,50,106244412,50,1055,348,0,1474,0
115808,97754254,50,136975364,50,1189,410,0,937,0
3056,106575233,50,115443237,50,630,372,0,922,0
188137,105376433,50,143319020,50,1309,372,0,961,0
5914,122203714,50,117997044,50,813,387,0,896,0
11667,111290761,50,102065523,50,742,302,0,1063,0
15520,116247286,50,126682010,50,1169,426,0,1127,0
94304,113036422,50,106269956,50,774,442,0,1220,0
3317,135902895,50,127707692,50,1025,539,0,1353,0
5363,130540519,50,134381651,50,869,394,0,1010,0
24787,96221007,50,108675679,50,1100,356,0,1079,0
111314,85623768,50,126660818,50,1011,431,0,1028,0
86220,88905083,50,134306601,50,1710,458,0,625,0
50213,102275741,50,154619907,50,928,482,0,997,0
63621,79021465,50,124443857,50,859,339,0,764,0
10854,125535130,50,136334334,50,1285,513,0,1339,0
86269,105018213,50,120569441,50,1087,393,0,889,0
6172,104413625,50,123038228,50,1023,330,0,1317,0
59228,99489071,50,106678791,50,718,326,0,863,0
8717,109589037,50,100942141,50,840,432,0,1001,0
16718,78538365,50,107935252,50,736,375,0,836,0
5003,105777972,50,124765577,50,936,443,0,906,0
21573,74723537,50,117269334,50,823,337,0,727,0
210423,112613423,50,156069944,50,1440,470,0,794,0
9262,111932214,50,123194262,50,1190,385,0,1047,0
26151,121111309,50,132661901,50,798,471,0,1011,0
50285,81268138,50,147859850,50,1077,551,0,1442,0
107031,89121687,50,144848812,50,1088,496,0,860,0
53036,103502442,50,132147038,50,784,516,0,1771,0
3054,112402947,50,113311347,50,1262,364,0,781,0
181017,92779876,50,127859579,50,1132,331,0,910,0
33036,92456345,50,136786754,50,923,458,0,726,0
34551,129705952,50,104953835,50,990,420,0,1020,0
70794,109817807,50,135448957,50,1500,526,0,950,0
2470,105499634,50,131458128,50,1107,339,0,892,0
84119,109253512,50,98898024,50,620,303,0,885,0
7025,122835372,50,140148581,50,1339,438,0,923,0
9633,130511571,50,132177504,50,962,317,0,1300,0
4267,114894749,50,117730772,50,1082,417,0,1076,0
46665,124449996,50,118281842,50,1245,334,0,1599,0
32567,110745454,50,124310008,50,1176,434,0,971,0
68897,115698771,50,89694259,50,1371,360,0,726,0
39958,102302084,50,134369756,50,1042,407,0,1532,0
31349,114871040,50,99540853,50,826,369,0,963,0
7392,128414254,50,98492136,50,1508,338,0,782,0
11593,80378159,50,149785372,50,1167,422,0,631,0
6535,119534963,50,135964488,50,894,461,0,1207,0
15515,115608189,50,125469365,50,982,485,0,1292,0
4830,131621982,50,124251396,50,987,438,0,898,0
4031,128302879,50,120767105,50,1028,350,0,822,0
79512,145538494,50,113079535,50,756,491,0,1009,0
13262,115179905,50,99559399,50,826,348,0,1740,0
3613,104663394,50,124861970,50,700,436,0,967,0
10898,135009020,50,95904923,50,565,227,0,1682,0
6291,129768841,50,108633276,50,637,392,0,1266,0
9934,143969054,50,111418962,50,1039,379,0,1172,0
75275,118312289,50,127201173,50,1013,442,0,1031,0
7187,100399600,50,122018816,50,763,410,0,786,0
6037,119990190,50,98798580,50,1333,398,0,942,0
7223,102664570,50,130445978,50,1285,430,0,947,0
8649,103621488,50,132241185,50,1271,363,0,616,0
15968,107202613,50,118443854,50,861,369,0,1009,0
12576,106088469,50,127397045,50,1290,356,0,1021,0
9586,122739708,50,112222584,50,932,393,0,1008,0
78790,109066586,50,130637082,50,907,400,0,745,0
42164,129199152,50,136444513,50,1175,465,0,1000,0
5546,79923288,50,117608661,50,1090,261,0,854,0
8686,104613927,50,131115424,50,732,455,0,955,0
13033,115187724,50,132054027,50,999,426,0,1170,0
12571,102040328,50,119348549,50,1111,424,0,834,0
89072,108588910,50,115050524,50,896,367,0,900,0
23257,95149344,50,112142679,50,695,312,0,1500,0
92401,105568391,50,132260887,50,1038,442,0,1344,0
23423,111023513,50,119709455,50,1425,387,0,934,0
4394,136700868,50,90405052,50,787,345,0,1361,0
43040,104784139,50,110166086,50,1393,314,0,967,0
77635,112744200,50,146300868,50,1040,430,0,1028,0
6182,84908197,50,127751497,50,1234,433,0,981,0
11021,85103620,50,142232978,50,1115,381,0,1001,0
23746,93981203,50,111322314,50,937,409,0,588,0
117075,110074679,50,108035348,50,1067,367,0,1206,0
122712,105280561,50,112771055,50,650,377,0,1077,0
4222,109569307,50,88036289,50,808,275,0,1069,0
71118,103864499,50,108693187,50,1173,371,0,742,0
10639,104059630,50,148868511,50,1659,418,0,1553,0
10365,143749561,50,89168541,50,889,362,0,1038,0
10821,139611568,50,122354520,50,1172,545,0,961,0
83352,107436187,50,118077819,50,866,371,0,953,0
9981,123832244,50,104945392,50,613,471,0,871,0
23256,83676476,50,157499809,50,864,448,0,853,0
27221,115852572,50,130768202,50,926,410,0,1087,0
8674,93193257,50,137342871,50,1311,427,0,607,0
55993,106672549,50,133092042,50,626,462,0,1038,0
28861,111400013,50,107683524,50,919,362,0,763,0
3947,111940142,50,141524400,50,837,492,0,1240,0
35618,90400291,50,138413498,50,1415,517,0,957,0
201918,103050345,50,147604575,50,1124,511,0,738,0
15242,98989949,50,131927676,50,1197,428,0,955,0
105485,129879776,50,120302259,50,989,403,0,1487,0
8579,107913810,50,109156700,50,896,233,0,814,0
49493,128232230,50,111920392,50,1061,339,0,790,0
9574,113176759,50,125688069,50,866,487,0,1504,0
194294,116815102,50,102586502,50,552,368,0,1240,0
153278,129341061,50,112641283,50,1141,317,0,927,0
37185,115590108,50,104402588,50,715,413,0,1087,0
61760,111863769,50,111300386,50,656,377,0,1472,0
3417,133195322,50,110052333,50,754,353,0,1050,0
4317,104116056,50,85027050,50,1197,246,0,922,0
6637,140306697,50,116070950,50,1091,511,0,1055,0
9315,137160471,50,109313577,50,836,329,0,851,0
28099,120408540,50,114710094,50,1000,392,0,948,0
46579,113423796,50,119666662,50,1295,338,0,793,0
76791,138695960,50,84117160,50,1041,403,0,1046,0
102749,138862750,50,122849172,50,1376,361,0,849,0
37089,110299293,50,103892195,50,1005,361,0,861,0
4751,152398641,50,136905131,50,1264,416,0,1217,0
95087,106473326,50,129545610,50,1316,375,0,925,0
63638,134021014,50,124612909,50,1367,393,0,1248,0
57567,119358076,50,131973784,50,928,445,0,805,0
11667,99624163,50,136608375,50,1170,369,0,798,0
6066,104119024,50,116290923,50,740,409,0,576,0
39278,115092117,50,114753688,50,761,375,0,895,0
28030,107305647,50,114543819,50,946,287,0,972,0
3585,112289678,50,118747660,50,967,335,0,1157,0
23086,84900866,50,103503106,50,954,304,0,648,0
144286,103172292,50,180220293,50,1292,440,0,923,0
19740,93192074,50,111677260,50,770,353,0,586,0
3873,121591794,50,100929561,50,1334,343,0,1031,0
28835,107434424,50,125193932,50,1409,377,0,735,0
2972,103592170,50,132502555,50,1557,354,0,1204,0
18379,129762114,50,105640777,50,684,351,0,1228,0
41693,93866048,50,104118132,50,933,289,0,805,0
23128,112065054,50,139174525,50,930,400,0,938,0
18251,120914411,50,120648299,50,725,356,0,1511,0
77146,111255967,50,126434433,50,849,287,0,819,0
1788,116043077,50,121023618,50,1772,375,0,1122,0
8284,100131828,50,101242145,50,619,266,0,1092,0
81075,119147136,50,118702982,50,1415,383,0,822,0
4803,141465119,50,122401283,50,884,351,0,970,0
93876,105369627,50,125837738,50,997,442,0,1201,0
109768,104982008,50,93172450,50,1476,267,0,746,0
226892,128529088,50,121264079,50,736,364,0,1069,0
31499,119707804,50,155618535,50,1265,615,0,1136,0
11341,111290679,50,115017952,50,828,376,0,912,0
24882,95670851,50,131103091,50,731,415,0,723,0
6687,113720035,50,131332480,50,1295,358,0,813,0
50897,99773547,50,129431095,50,867,378,0,927,0
2873,104642339,50,126431799,50,841,393,0,1280,0
173500,110215080,50,113764249,50,783,352,0,1365,0
75281,100943833,50,108643993,50,685,373,0,1138,0
4522,125880224,50,88854387,50,969,227,0,1016,0
7614,81177259,50,111579359,50,1318,288,0,1034,0
10781,136972963,50,115392523,50,842,382,0,1881,0
285383,106567410,50,136994217,50,1044,500,0,855,0
5506,146180187,50,129273167,50,976,465,0,1259,0
63653,90443126,50,144234656,50,1115,432,0,836,0
5995,127030932,50,94601622,50,465,254,0,856,0
4887,133166751,50,76146960,50,523,297,0,921,0
11545,107045790,50,103685026,50,873,335,0,652,0
41476,104797961,50,104029887,50,1019,313,0,913,0
18924,136858145,50,137092272,50,1431,483,0,1210,0
6267,84635120,50,111245146,50,1423,338,0,770,0
75728,96016160,50,141289672,50,1280,502,0,1293,0
24030,96995330,50,98665961,50,705,299,0,779,0
5532,153288132,50,126885986,50,964,506,0,1153,0
63536,97047483,50,114573069,50,1091,329,0,1259,0
37072,121867900,50,147989460,50,1033,477,0,1543,0
104868,92012158,50,125626506,50,913,446,0,891,0
61064,116680822,50,126640249,50,820,419,0,1439,0
9498,116032839,50,95953493,50,1055,329,0,976,0
3364,103079653,50,100771200,50,860,348,0,803,0
2586,87199191,50,108543023,50,1240,272,0,1083,0
24315,101353027,50,100529428,50,1066,286,0,955,0
8836,92282197,50,134004239,50,1227,438,0,1181,0
5387,111502276,50,120761103,50,740,429,0,738,0
14617,125577031,50,135613322,50,1139,436,0,995,0
7453,123462205,50,138806194,50,1083,377,0,1747,0
191478,112655474,50,155208240,50,1370,483,0,1598,0
6166,89570574,50,95935292,50,417,329,0,1196,0
7132,76119071,50,108799234,50,787,303,0,683,0
115963,122120969,50,122520632,50,1428,449,0,1011,0
118740,98699878,50,85627093,50,858,287,0,1013,0
62137,114572700,50,113821670,50,962,299,0,752,0
5039,115740119,50,152763059,50,1055,405,0,675,0
8784,121667776,50,127592593,50,1037,449,0,1022,0
2121,95218573,50,115487786,50,1255,412,0,907,0
29069,103081143,50,114424606,50,746,341,0,1108,0
18370,94223312,50,148595765,50,1038,506,0,1015,0
148707,74642560,50,96904296,50,939,339,0,1304,0
5414,131392887,50,114439742,50,562,373,0,943,0
9182,119259658,50,126605067,50,704,464,0,1030,0
16630,116260449,50,97472076,50,1650,258,0,764,0
28929,117473935,50,140970269,50,1537,363,0,912,0
115048,120262396,50,104079559,50,916,369,0,1093,0
13113,118539490,50,123795723,50,1015,393,0,1177,0
14733,96013729,50,121837272,50,602,402,0,632,0
8340,73195482,50,98386491,50,712,271,0,984,0
11823,99650275,50,107371809,50,697,395,0,877,0
146269,101665995,50,96896750,50,1564,303,0,899,0
25210,86784956,50,111355016,50,844,351,0,1249,0
13526,88524083,50,101901098,50,699,298,0,744,0
21368,116484682,50,117287717,50,726,383,0,1022,0
45191,136126540,50,116781995,50,1047,291,0,1571,0
86887,112840732,50,119237619,50,812,434,0,834,0
14620,112294779,50,114701244,50,911,399,0,1369,0
10478,115004634,50,133507391,50,941,397,0,993,0
97929,96860521,50,124715720,50,794,406,0,873,0
326359,114272376,50,132015375,50,876,495,0,904,0
14954,125848828,50,104547581,50,705,400,0,894,0
148386,88517734,50,128071504,50,861,290,0,1029,0
19888,148903666,50,99787446,50,871,377,0,884,0
2974,111105976,50,108630508,50,1116,304,0,874,0
41563,124920256,50,90567250,50,649,278,0,992,0
65097,134034727,50,110445148,50,852,294,0,1654,0
7028,99803688,50,92262756,50,754,293,0,1136,0
7044,132339587,50,112596925,50,903,368,0,1036,0
11087,133309782,50,129680576,50,1219,439,0,1056,0
130582,96385860,50,149222720,50,919,388,0,800,0
106564,115900296,50,149275164,50,1156,538,0,800,0
83668,126846981,50,121729046,50,1533,448,0,1238,0
22516,93364986,50,140438909,50,872,504,0,847,0
4883,128121857,50,113667346,50,1073,472,0,1012,0
4974,102718795,50,131667049,50,1402,288,0,1001,0
174202,98665399,50,148693207,50,843,457,0,1168,0
7646,92780748,50,120373405,50,988,311,0,864,0
8570,126607406,50,119613719,50,1167,369,0,1111,0
59639,112141612,50,113187151,50,1021,462,0,940,0
23597,113631275,50,92872615,50,816,227,0,993,0
3976,117465643,50,149723547,50,1354,418,0,793,0
88093,103960734,50,115709621,50,1111,405,0,959,0
7649,104474657,50,121089506,50,1264,387,0,762,0
3668,121601170,50,102416509,50,581,311,0,735,0
8314,91007750,50,142718239,50,1148,413,0,1493,0
28411,77041259,50,113968373,50,1028,308,0,676,0
54357,104035225,50,132866274,50,844,427,0,658,0
170006,110014474,50,158301803,50,872,596,0,999,0
16223,108922675,50,132963396,50,1533,410,0,965,0
81482,93945207,50,89915342,50,607,299,0,1617,0
137584,108486635,50,115973628,50,880,340,0,767,0
5259,106053356,50,114538650,50,1058,421,0,871,0
6636,137485994,50,110178501,50,1200,436,0,1212,0
8402,112574916,50,120764521,50,818,452,0,1161,0
8719,88712618,50,127158739,50,1086,416,0,976,0
9536,131922794,50,146069617,50,1116,413,0,1052,0
8041,124714285,50,148341150,50,1158,493,0,920,0
9797,116993104,50,121415688,50,939,355,0,833,0
30849,110066032,50,80597153,50,677,299,0,1333,0
18198,103749919,50,104482905,50,1464,398,0,1156,0
47436,106149724,50,107625044,50,944,371,0,672,0
14705,95960808,50,119966070,50,1085,322,0,1089,0
112453,144764390,50,130129903,50,1191,396,0,1065,0
16043,93880205,50,112389654,50,1159,376,0,883,0
130764,130922888,50,106744557,50,1122,291,0,853,0
89627,104176408,50,101361839,50,836,346,0,998,0
8346,130502030,50,134942242,50,1121,402,0,1350,0
23705,115718806,50,97408627,50,839,238,0,1053,0
106329,113228505,50,111894767,50,800,311,0,1683,0
2705,122459470,50,111008967,50,871,392,0,871,0
173043,116040766,50,107387331,50,874,373,0,943,0
3208,97654135,50,125077730,50,820,393,0,1116,0
45199,101948214,50,134119089,50,938,340,0,1457,0
9414,109318563,50,137313406,50,1072,494,0,839,0
110239,107786931,50,108019566,50,955,391,0,816,0
35366,126370795,50,113387918,50,1072,452,0,1465,0
14155,127532419,50,123176272,50,1319,441,0,1300,0
26693,100767701,50,131387900,50,1627,454,0,987,0
71329,135218119,50,130495417,50,1286,374,0,1136,0
3963,103224106,50,121983424,50,1387,423,0,939,0
21489,111828942,50,109091889,50,937,377,0,789,0
13166,126454772,50,127112460,50,818,376,0,1241,0
61970,100666848,50,72987676,50,658,212,0,886,0
5628,105123949,50,115301195,50,954,425,0,1098,0
20748,98562866,50,130790984,50,1087,383,0,928,0
7979,88834837,50,109346595,50,952,311,0,874,0
34117,105760265,50,137723042,50,1376,427,0,857,0
34927,111593324,50,113612984,50,1093,398,0,939,0
32660,112827383,50,130316714,50,928,499,0,952,0
144823,130469675,50,102061519,50,1104,330,0,1144,0
141173,83533383,50,125566115,50,923,375,0,777,0
21061,139946600,50,115724292,50,952,472,0,1159,0
85886,100934242,50,165530518,50,1187,571,0,813,0
36552,95764210,50,99407020,50,1154,393,0,1004,0
68238,101998318,50,141094475,50,944,436,0,954,0
52550,82741746,50,151860296,50,942,380,0,924,0
2581,79261619,50,120260372,50,1075,361,0,733,0
60838,117378674,50,119130057,50,1168,421,0,1307,0
76668,100521256,50,93457221,50,822,278,0,1256,0
40872,98324690,50,132045743,50,1203,383,0,820,0
27936,108816539,50,116544336,50,1287,382,0,1199,0
22433,131287457,50,134511591,50,1371,485,0,920,0
19613,138054316,50,90582946,50,748,320,0,1044,0
10115,109762306,50,134280903,50,1521,412,0,1000,0
10859,92470377,50,158871984,50,1210,395,0,1002,0
53258,112617462,50,127818746,50,993,460,0,1097,0
8184,107489817,50,114345911,50,561,334,0,671,0
8020,114547372,50,131633140,50,1587,511,0,1001,0
138530,118865657,50,110561157,50,1331,372,0,992,0
100678,126413051,50,126441752,50,637,459,0,1170,0
50915,82402543,50,120295494,50,797,340,0,650,0
4035,105752911,50,120294807,50,1375,379,0,995,0
73240,103415486,50,86381451,50,966,331,0,811,0
121479,115033719,50,129929600,50,1045,345,0,905,0
25651,117972533,50,112969939,50,1305,312,0,857,0
8877,92449237,50,141105254,50,1513,529,0,1020,0
5266,136147573,50,119407869,50,717,381,0,1197,0
6917,127177128,50,151015376,50,1507,476,0,1113,0
5004,110436529,50,99004583,50,917,329,0,1304,0
74272,107321379,50,104684674,50,974,361,0,776,0
96002,101737682,50,96598099,50,825,308,0,1213,0
15229,99645109,50,123968224,50,863,531,0,903,0
3027,125779219,50,157560958,50,909,453,0,1055,0
32912,127577523,50,118402101,50,831,472,0,1201,0
34239,95594868,50,102711400,50,706,256,0,1316,0
35547,106562903,50,156074496,50,1055,464,0,1545,0
11748,84080868,50,140171102,50,1105,398,0,818,0
37149,117312249,50,126404911,50,1380,424,0,1147,0
4915,110577989,50,111783050,50,906,415,0,1190,0
10444,131249820,50,94766365,50,1054,259,0,767,0
92508,110369144,50,121838716,50,825,364,0,787,0
7944,70752271,50,129727470,50,1043,369,0,1355,0
59766,85720909,50,109930312,50,904,336,0,943,0
14216,87901291,50,122007045,50,842,366,0,839,0
94952,101279713,50,119297219,50,1095,341,0,1028,0
2524,108656743,50,138213475,50,1263,390,0,1010,0
13096,101147642,50,124233423,50,879,442,0,714,0
5683,122835866,50,90019958,50,733,471,0,1187,0
3084,94440301,50,118964844,50,740,453,0,1013,0
19555,85846141,50,131166527,50,1354,366,0,742,0
27878,118621826,50,132681707,50,1078,361,0,788,0
3942,98188119,50,140336421,50,1156,451,0,907,0
14029,105197682,50,132411592,50,1311,394,0,1015,0
3494,77035148,50,97820307,50,1197,286,0,962,0
30930,117497543,50,138203399,50,1031,485,0,906,0
25704,100408680,50,119001875,50,1109,410,0,1125,0
79447,145823339,50,127486331,50,1036,405,0,1117,0
4283,122835548,50,92910963,50,982,294,0,1046,0
15515,123550465,50,125091802,50,1299,429,0,1092,0
3859,112654010,50,123884353,50,1210,427,0,1183,0
4889,91848413,50,132285775,50,1090,491,0,767,0
21600,114122540,50,128521111,50,1086,420,0,1201,0
18219,109215006,50,143612602,50,1278,489,0,767,0
10995,133847660,50,103325918,50,1377,399,0,1657,0
65996,132015564,50,136285644,50,875,461,0,1268,0
14799,99858999,50,103140477,50,1142,439,0,959,0
76795,125083266,50,119626319,50,989,388,0,1082,0
3696,105574649,50,124722162,50,1415,320,0,853,0
10014,109243772,50,152914862,50,938,578,0,736,0
78400,90972068,50,154695816,50,1115,463,0,1048,0
36346,96925403,50,133665410,50,685,435,0,764,0
12329,93846314,50,111448923,50,585,275,0,906,0
18734,124386993,50,106074464,50,984,362,0,976,0
10861,112587126,50,140971080,50,1247,332,0,710,0
11135,108670140,50,111359713,50,1188,410,0,848,0
72921,96113740,50,112264647,50,615,367,0,886,0
41887,118915597,50,135042602,50,1208,381,0,1168,0
4980,80740791,50,118688636,50,759,364,0,737,0
7141,102727175,50,128906512,50,650,380,0,1097,0
62586,104148412,50,92819116,50,558,257,0,793,0
4551,93390813,50,106777111,50,895,276,0,670,0
20140,113899270,50,121719172,50,1005,478,0,893,0
7256,108812921,50,150754468,50,1347,483,0,1012,0
54018,112820636,50,100119257,50,1235,374,0,1015,0
5439,85273345,50,116715150,50,522,395,0,675,0
10448,149665802,50,144912751,50,1098,453,0,1050,0
88261,118698172,50,155535567,50,1231,569,0,988,0
86814,104487787,50,121145335,50,1002,420,0,1165,0
46769,118489700,50,121031944,50,920,405,0,960,0
23004,120519843,50,126635292,50,647,377,0,848,0
5684,99799151,50,105073722,50,989,281,0,994,0
18548,125108979,50,91831999,50,934,412,0,907,0
83920,87996188,50,114743538,50,868,309,0,1388,0
52153,108232138,50,142708466,50,797,451,0,1039,0
63884,117235400,50,138582029,50,895,394,0,1317,0
9034,120751578,50,124626235,50,1422,377,0,1342,0
9260,152102715,50,129148343,50,851,436,0,1354,0
97482,91766123,50,127361084,50,822,410,0,954,0
97150,100416117,50,106532180,50,732,326,0,1077,0
124111,140883944,50,111812541,50,919,401,0,1126,0
4897,101543688,50,131583377,50,1062,421,0,1015,0
166933,118546313,50,131230310,50,816,391,0,791,0
91823,81018840,50,137913897,50,1460,377,0,1024,0
6941,113683759,50,125550252,50,1138,346,0,1066,0
281823,117178655,50,127710996,50,785,315,0,755,0
60956,106155879,50,144266497,50,1173,426,0,1175,0
52136,101102895,50,93805022,50,893,352,0,1126,0
21685,136510554,50,95129670,50,816,285,0,911,0
7724,130067086,50,125373112,50,859,382,0,1097,0
9218,110926554,50,162175400,50,997,509,0,1119,0
9608,103405445,50,138294974,50,1334,294,0,724,0
121107,103526067,50,97924073,50,653,257,0,1001,0
60565,96278577,50,106425630,50,1317,336,0,825,0
2826,110155463,50,102764656,50,622,271,0,836,0
11280,132170722,50,138882672,50,1324,297,0,1122,0
22602,115240372,50,111017257,50,999,314,0,1033,0
21216,116221624,50,128937352,50,1087,366,0,1099,0
45494,99649035,50,144514115,50,1006,447,0,1394,0
35555,129122790,50,123053892,50,1006,494,0,1158,0
4463,113985626,50,129375511,50,1295,414,0,1087,0
84830,109288305,50,136690316,50,1053,465,0,1226,0
12420,119801765,50,126370539,50,1088,395,0,1064,0
16232,98692929,50,79997831,50,784,350,0,983,0
7962,126357485,50,135682355,50,1002,526,0,1332,0
4855,110334703,50,114110191,50,799,335,0,1807,0
10144,117555543,50,114321527,50,1139,364,0,1026,0
10893,100168935,50,106738357,50,942,414,0,924,0
17832,119134964,50,110314940,50,1189,282,0,1277,0
97718,130748682,50,116055686,50,1018,395,0,925,0
7318,105312593,50,112460306,50,1002,323,0,1830,0
25895,104122494,50,130575075,50,709,339,0,675,0
45407,118809505,50,116366723,50,1127,328,0,825,0
11261,106318581,50,126860979,50,968,358,0,1154,0
75402,121989571,50,131976730,50,1073,413,0,993,0
9497,109128210,50,144375331,50,1329,368,0,672,0
6727,106286179,50,117237096,50,652,495,0,1180,0
30984,122418849,50,104273577,50,986,343,0,911,0
70668,129292950,50,123233046,50,605,462,0,912,0
43340,102503796,50,142190380,50,562,395,0,767,0
109715,119931904,50,167611618,50,1487,507,0,1039,0
74801,109724959,50,123268876,50,837,376,0,930,0
30464,96240654,50,111207754,50,921,354,0,904,0
13325,97146124,50,114466748,50,839,333,0,578,0
5292,117498529,50,118827700,50,1263,376,0,867,0
14616,136675675,50,123288624,50,821,506,0,1323,0
14774,95038878,50,160451500,50,1183,469,0,998,0
36448,141098988,50,104026365,50,765,491,0,1320,0
6479,96774003,50,107274003,50,1099,308,0,912,0
55156,121664146,50,110070405,50,813,344,0,1095,0
20833,107528851,50,130237061,50,1295,364,0,646,0
7774,102782393,50,97819805,50,739,310,0,1323,0
15016,108163515,50,106486448,50,780,278,0,824,0
23932,103570876,50,165542629,50,1114,572,0,666,0
6363,109808224,50,115743071,50,1027,394,0,984,0
3328,109553568,50,136901600,50,764,438,0,897,0
78458,112359441,50,134273355,50,1175,422,0,734,0
13858,102192373,50,121569038,50,1363,309,0,789,0
18822,116645229,50,116771964,50,800,403,0,861,0
38100,105813905,50,113806874,50,1377,322,0,826,0
119718,123682100,50,161807990,50,1365,435,0,1349,0
111367,102836395,50,110409293,50,774,321,0,1489,0
84210,100137295,50,123501458,50,1237,419,0,999,0
90773,96712896,50,140848873,50,1356,444,0,1029,0
142211,108585924,50,132593151,50,878,390,0,1056,0
5344,117125370,50,119423678,50,859,377,0,828,0
236598,128392796,50,154831276,50,933,606,0,894,0
165254,111039414,50,128816846,50,1460,468,0,932,0
46383,111937696,50,114236482,50,1143,400,0,1537,0
66439,111259976,50,133894492,50,1316,343,0,983,0
13240,126874049,50,129983372,50,1694,359,0,809,0
5981,121977548,50,101144905,50,839,344,0,1332,0
53514,86185017,50,96674421,50,848,294,0,1229,0
24221,114159702,50,143473119,50,1378,436,0,1363,0
36446,111115669,50,128130607,50,1306,381,0,935,0
25146,74760628,50,99844019,50,1119,278,0,670,0
50089,124979948,50,113106782,50,820,318,0,738,0
14037,101186674,50,123512326,50,813,308,0,650,0
31407,133568235,50,126586338,50,1242,420,0,1128,0
39779,97068999,50,101160410,50,721,316,0,1455,0
6823,125172845,50,132711300,50,973,437,0,1113,0
29009,101310683,50,117580136,50,970,379,0,792,0
44271,117820506,50,136521859,50,1107,379,0,928,0
10174,125907680,50,125925776,50,1785,449,0,876,0
2490,80958572,50,97187471,50,939,328,0,933,0
6154,118823361,50,122343899,50,859,500,0,1296,0
22929,120812163,50,132058614,50,907,380,0,1532,0
59525,85037077,50,127195902,50,1049,438,0,940,0
29929,100080714,50,145707269,50,1143,402,0,682,0
5407,109452267,50,106346764,50,1047,425,0,973,0
23718,147372358,50,147198059,50,1028,483,0,1152,0
60888,136955216,50,83785253,50,531,260,0,829,0
104588,108059062,50,132809261,50,776,345,0,1320,0
58296,126438898,50,126116929,50,1145,424,0,1041,0
95695,99608663,50,107081481,50,711,402,0,1142,0
61880,115066959,50,126764300,50,893,411,0,1478,0
6164,121743082,50,156199145,50,1091,500,0,927,0
40980,98111473,50,122244992,50,1007,503,0,986,0
23331,101571576,50,116394093,50,802,276,0,1163,0
8603,104578957,50,117641428,50,824,465,0,889,0
4513,106724098,50,113121371,50,815,434,0,1000,0
8509,105012120,50,91140384,50,835,392,0,1323,0
14009,106697380,50,155869006,50,1033,539,0,854,0
3850,106229572,50,120986210,50,1357,368,0,793,0
73761,105943970,50,96972153,50,1000,385,0,878,0
8736,107418737,50,112314799,50,1106,340,0,841,0
26264,103711627,50,139072328,50,943,464,0,679,0
22173,120112061,50,113142305,50,1224,417,0,911,0
94158,89502422,50,117684966,50,1107,387,0,734,0
4341,106348960,50,158033259,50,757,459,0,863,0
6861,131943453,50,146680082,50,1362,422,0,868,0
154183,129604463,50,124872075,50,841,366,0,1712,0
9964,119784728,50,109343735,50,1048,370,0,848,0
56762,120100093,50,83800602,50,860,335,0,962,0
11570,127271926,50,120031309,50,1346,383,0,1031,0
118097,108036836,50,131453215,50,652,430,0,749,0
5258,111565376,50,128295975,50,955,459,0,722,0
3068,94133028,50,112938198,50,966,362,0,795,0
6805,106024092,50,124883053,50,1051,372,0,586,0
5681,114527084,50,106343900,50,1283,298,0,739,0
93470,83636019,50,98659594,50,863,321,0,1140,0
47063,94592005,50,130485989,50,862,473,0,1056,0
2414,115494150,50,131540125,50,1055,392,0,932,0
27645,77626639,50,137561776,50,790,357,0,439,0
8674,162518273,50,96574031,50,987,325,0,1514,0
46157,102664175,50,141916357,50,1043,511,0,1302,0
5459,90154751,50,125280344,50,1635,339,0,743,0
35416,112126392,50,132265405,50,1215,450,0,835,0
5031,110231071,50,134804448,50,1013,451,0,1094,0
4158,108046542,50,131779407,50,1220,473,0,862,0
104403,107228412,50,147135430,50,1083,466,0,754,0
15908,124237438,50,115617595,50,1011,345,0,923,0
168913,120408469,50,152032958,50,993,441,0,1163,0
9197,93454636,50,99332989,50,834,297,0,952,0
11542,105386653,50,116366921,50,544,425,0,1027,0
37533,104513116,50,114442786,50,1290,293,0,1023,0
18129,112848546,50,130982074,50,941,464,0,1003,0
16466,112713619,50,142554240,50,995,414,0,1112,0
67276,119339078,50,135509764,50,879,435,0,1394,0
62037,142798367,50,105381057,50,1136,388,0,1061,0
20147,101573318,50,111855985,50,977,338,0,1495,0
12809,114725722,50,134220207,50,966,419,0,853,0
345893,120100464,50,142712500,50,835,487,0,754,0
45559,107502888,50,146569717,50,1413,528,0,672,0
20931,86931268,50,90547831,50,683,267,0,555,0
9698,101500041,50,113695966,50,693,403,0,948,0
233744,123029352,50,140702918,50,1193,493,0,999,0
7918,122143689,50,126154862,50,1488,399,0,1220,0
6428,103049787,50,121843824,50,951,403,0,814,0
104343,102268500,50,86068678,50,944,275,0,1004,0
11117,111203196,50,110696054,50,833,387,0,832,0
111218,113557903,50,138534118,50,1257,366,0,1556,0
254413,101215228,50,113689568,50,844,344,0,754,0
9348,111258747,50,90311569,50,767,400,0,1048,0
108319,117624578,50,119153622,50,805,429,0,1208,0
9663,138489781,50,121612860,50,1086,404,0,953,0
65884,117383988,50,98474793,50,668,310,0,766,0
11232,125227764,50,95717188,50,1091,295,0,1234,0
63892,87790139,50,91168871,50,695,277,0,747,0
2327,102868469,50,129184464,50,1269,324,0,929,0
3749,142279118,50,91768058,50,1149,309,0,874,0
6008,94542207,50,91988644,50,1111,275,0,1339,0
28248,112962099,50,114730251,50,660,388,0,1227,0
3416,145031706,50,110136232,50,886,392,0,973,0
40888,112482323,50,145950412,50,987,369,0,1178,0
13511,106601593,50,130708286,50,1187,437,0,782,0
10855,118836182,50,122616186,50,883,438,0,1217,0
64942,106763893,50,131852937,50,856,364,0,748,0
124006,129814053,50,124747785,50,1117,399,0,1364,0
4922,98893680,50,123510736,50,954,373,0,835,0
6240,97897120,50,91793735,50,1196,228,0,775,0
4180,90344876,50,115027920,50,976,336,0,729,0
6404,126129229,50,124302508,50,619,355,0,1198,0
14973,103552940,50,117481414,50,1068,367,0,1146,0
4221,101861803,50,122642977,50,1473,406,0,942,0
69584,135844732,50,121198062,50,1473,558,0,1070,0
50076,117864635,50,128725331,50,1230,387,0,1147,0
22601,90814831,50,125061803,50,1001,371,0,1011,0
11542,106880472,50,140017658,50,1064,463,0,1239,0
4429,111514317,50,122969932,50,1240,421,0,1133,0
4779,94567316,50,108129750,50,770,300,0,686,0
30325,99980666,50,113685038,50,884,412,0,1493,0
10601,111565789,50,115752257,50,1032,386,0,893,0
5829,146508104,50,137788435,50,1198,449,0,1814,0
5407,109557750,50,121227350,50,834,398,0,911,0
72531,115180430,50,136762255,50,758,551,0,1008,0
69044,113074236,50,138694521,50,1211,418,0,908,0
16023,98674625,50,100449099,50,1563,349,0,821,0
15628,81913838,50,90459118,50,729,255,0,907,0
84993,85545004,50,122711003,50,619,360,0,727,0
6189,125803868,50,108980124,50,1156,345,0,1268,0
17739,86131540,50,119085609,50,1365,382,0,975,0
15187,104617960,50,151993224,50,869,482,0,919,0
37110,112354995,50,127227569,50,1129,435,0,964,0
5753,143583682,50,104155500,50,938,341,0,1048,0
31754,119425659,50,114580823,50,923,413,0,974,0
151736,113048848,50,128337753,50,1043,470,0,715,0
26217,121574975,50,136835534,50,888,376,0,919,0
22675,112966550,50,117021271,50,875,443,0,1050,0
12744,91864741,50,114717114,50,975,323,0,1025,0
15293,113799094,50,107938236,50,1021,417,0,1073,0
40207,92353283,50,109744974,50,973,365,0,912,0
79916,95899300,50,118245573,50,1078,353,0,604,0
9497,96715272,50,131509409,50,1013,346,0,864,0
45049,113755077,50,111333371,50,1032,349,0,997,0
79550,101820576,50,150766261,50,788,439,0,783,0
3198,100715141,50,117523989,50,1142,431,0,1258,0
12794,140728243,50,115649958,50,1159,474,0,1004,0
18677,79327091,50,120886939,50,993,324,0,745,0
22581,115015065,50,130896580,50,1335,397,0,1292,0
135123,77690628,50,119782184,50,1087,375,0,881,0
93185,124023433,50,125952945,50,975,352,0,876,0
76509,112135559,50,112065671,50,1293,318,0,897,0
123523,115160927,50,120367805,50,1311,421,0,841,0
4974,103089130,50,121402453,50,977,353,0,807,0
54896,100382389,50,112887262,50,1088,380,0,886,0
12880,125621816,50,117603143,50,1380,385,0,1089,0
4525,130485062,50,119561591,50,836,498,0,1175,0
28244,94015554,50,127440046,50,1021,333,0,1256,0
9979,142808066,50,141256008,50,1440,445,0,886,0
6328,117687836,50,131148079,50,940,397,0,688,0
2383,104284741,50,125431754,50,1215,336,0,1093,0
9223,101068971,50,114105789,50,1222,336,0,992,0
19072,131659236,50,104012846,50,917,326,0,1173,0
62761,114047177,50,137796571,50,1067,475,0,1040,0
14877,99804521,50,126488582,50,1095,396,0,854,0
90425,102851577,50,102360862,50,850,380,0,990,0
35692,107842071,50,113109171,50,896,286,0,546,0
3409,96965218,50,122896576,50,705,355,0,987,0
2577,119847548,50,115875337,50,1147,427,0,933,0
19605,120295245,50,114466048,50,1080,269,0,1609,0
67615,108906010,50,125708174,50,1024,371,0,804,0
54298,101694586,50,127056673,50,1131,346,0,1015,0
74562,89214429,50,115305057,50,980,360,0,1016,0
43192,82409329,50,119319059,50,893,376,0,681,0
31898,81871778,50,116490821,50,622,321,0,1180,0
20825,105273439,50,166148812,50,757,491,0,1015,0
11248,101036911,50,116312816,50,834,380,0,991,0
91540,114265850,50,138914421,50,1105,432,0,927,0
7517,93546474,50,134878940,50,1081,335,0,862,0
12529,119863021,50,95082069,50,877,280,0,914,0
55634,61717042,50,118263192,50,909,340,0,611,0
1919,96421767,50,129552351,50,1348,448,0,1131,0
139962,86290318,50,120476767,50,979,300,0,1211,0
7432,99297741,50,117289064,50,1183,384,0,824,0
103345,89741826,50,130866642,50,873,407,0,1147,0
33565,98167083,50,103497014,50,878,263,0,1326,0
11750,111805133,50,89444224,50,1077,354,0,1238,0
7959,104941410,50,115930253,50,852,433,0,995,0
72433,109061417,50,143307907,50,1373,447,0,1213,0
11770,88296097,50,93618069,50,980,385,0,869,0
8850,97229225,50,138043097,50,1085,425,0,972,0
180118,103714810,50,125253015,50,704,331,0,1265,0
29742,93495922,50,116989073,50,1045,285,0,982,0
48366,104035091,50,152118434,50,1089,380,0,673,0
9482,100739860,50,122337137,50,1304,498,0,1002,0
10205,111207765,50,128444090,50,1079,497,0,1514,0
16775,99394640,50,146964251,50,934,400,0,690,0
3891,116186747,50,119502130,50,1330,405,0,1041,0
9988,107526060,50,136458930,50,794,447,0,874,0
6944,113869307,50,112584595,50,1092,401,0,782,0
24752,99057607,50,119723440,50,1074,486,0,1108,0
15466,144617595,50,120960860,50,1173,406,0,987,0
7165,106051126,50,118405018,50,966,451,0,1103,0
9793,90117280,50,125049381,50,895,398,0,922,0
1862,130828783,50,135474564,50,1146,429,0,1273,0
14821,123389552,50,142426080,50,1452,387,0,954,0
9879,96995831,50,98241827,50,885,259,0,933,0
8705,155398279,50,133066131,50,1699,460,0,1215,0
8623,95664346,50,155541321,50,1118,455,0,813,0
68581,131120325,50,140952916,50,1183,400,0,1217,0
45932,131443421,50,101875559,50,1111,465,0,1181,0
32888,84276961,50,160019006,50,1003,433,0,944,0
18351,98050586,50,113294219,50,700,305,0,965,0
92815,129541680,50,123994590,50,804,375,0,1183,0
37026,97537729,50,125105942,50,803,532,0,699,0
21157,106198291,50,114285097,50,1240,360,0,751,0
7865,122958784,50,124897533,50,1240,370,0,1268,0
4561,74308322,50,96569613,50,635,318,0,1278,0
191134,115450982,50,155854652,50,1211,486,0,1098,0
38023,156776797,50,139803233,50,940,448,0,990,0
33009,94811530,50,131708406,50,1438,423,0,778,0
4591,156209185,50,130131864,50,1150,560,0,1621,0
57026,135832318,50,127317749,50,907,507,0,1162,0
109616,119017225,50,136637023,50,1004,351,0,1082,0
44739,148832787,50,118426377,50,739,521,0,1359,0
4128,109749438,50,120530590,50,1251,464,0,975,0
85777,96236433,50,115618245,50,839,366,0,1429,0
15246,101683720,50,98558846,50,1062,292,0,754,0
54842,154433907,50,128185346,50,1155,505,0,1058,0
3506,105274038,50,123548585,50,854,430,0,834,0
55404,84717868,50,156076020,50,1205,488,0,939,0
94288,82493735,50,123664687,50,917,343,0,944,0
4994,81227233,50,109716653,50,929,261,0,697,0
5837,126802207,50,109030746,50,1126,372,0,1362,0
8483,111404794,50,92459087,50,758,282,0,788,0
115735,130883643,50,124217131,50,748,444,0,900,0
7949,111130769,50,138004186,50,993,504,0,977,0
117476,86543196,50,136842438,50,1271,412,0,696,0
23057,117726207,50,146393493,50,1168,400,0,755,0
21228,72530663,50,124007018,50,987,318,0,685,0
167398,111143336,50,123913937,50,565,403,0,882,0
9568,90825651,50,118900862,50,976,287,0,722,0
15450,82305148,50,129953384,50,1021,287,0,1230,0
16512,135664202,50,120045739,50,867,341,0,1021,0
12007,112703176,50,116663424,50,1178,443,0,996,0
23292,102435216,50,129404640,50,990,358,0,959,0
4423,167273462,50,106308925,50,1110,475,0,1466,0
136718,127318371,50,125463757,50,835,393,0,739,0
71353,93767265,50,113993944,50,852,264,0,633,0
8698,99113209,50,105868552,50,830,390,0,999,0
16977,88154849,50,123403339,50,1288,388,0,1242,0
70067,125405534,50,102965755,50,757,272,0,1351,0
63366,129366745,50,115696829,50,783,374,0,1448,0
41899,116915406,50,113023536,50,936,474,0,1051,0
116289,108159797,50,140109566,50,739,325,0,1008,0
79996,109078912,50,149636276,50,1115,385,0,952,0
9242,104261829,50,146545818,50,1114,494,0,751,0
9854,118863957,50,117213344,50,868,350,0,799,0
7051,91902501,50,117364221,50,1136,444,0,998,0
6689,98803441,50,105894551,50,1010,370,0,834,0
116115,143559440,50,125134642,50,1393,395,0,1422,0
8449,95555972,50,101354754,50,969,289,0,896,0
54905,105657131,50,112194148,50,1037,374,0,1271,0
47134,99355475,50,136362531,50,1075,390,0,734,0
5901,104984694,50,113136192,50,1341,353,0,1056,0
12998,127407282,50,88941275,50,598,299,0,1452,0
71737,107878349,50,108192604,50,747,325,0,844,0
6969,106597050,50,121346260,50,922,336,0,817,0
71169,100124201,50,102211636,50,609,333,0,682,0
59238,125315868,50,104936767,50,837,315,0,1036,0
8009,80421583,50,115195377,50,982,333,0,1474,0
19168,83734514,50,121104239,50,1274,418,0,1311,0
81897,105542191,50,122942636,50,937,358,0,656,0
14059,122103642,50,104488276,50,854,377,0,947,0
55537,124482951,50,138578391,50,773,536,0,896,0
39911,110419280,50,133628460,50,915,451,0,1310,0
