11202,1347216,10,1121857,10,30,11,0,43,0
26236,706448,10,1697086,10,33,12,0,26,0
35566,1396694,10,1453935,10,56,12,0,45,0
607,1677475,10,937047,10,10,8,0,20,0
32170,1302730,10,2071249,10,41,20,0,28,0
4346,679532,10,1362677,10,46,7,0,20,0
333,632187,10,1119609,10,7,3,0,10,0
17300,1131791,10,1521760,10,43,10,0,19,0
1792,815381,10,1484669,10,26,13,0,25,0
12007,1394126,10,1557017,10,37,18,0,22,0
7362,852086,10,1500193,10,38,23,0,44,0
1691,481751,10,2739929,10,31,16,0,10,0
8495,741786,10,1390264,10,47,13,0,20,0
2733,1841340,10,1453844,10,28,26,0,44,0
1135,585737,10,1744296,10,19,13,0,10,0
6743,1174625,10,1293653,10,25,10,0,22,0
8697,730849,10,1433262,10,10,18,0,26,0
5253,963075,10,2153155,10,6,14,0,27,0
13046,700440,10,1099159,10,18,13,0,41,0
883,1467455,10,938078,10,46,9,0,19,0
14633,511073,10,1466610,10,44,10,0,21,0
48445,958990,10,1907051,10,32,26,0,33,0
8009,1507878,10,1473091,10,46,9,0,36,0
4326,2595599,10,2008658,10,52,18,0,62,0
2923,852948,10,1392943,10,32,9,0,29,0
18958,1194375,10,1303411,10,19,7,0,19,0
25285,2363949,10,1571801,10,71,6,0,50,0
22122,306782,10,1731383,10,50,11,0,34,0
766,1338012,10,735669,10,13,14,0,35,0
14746,1260946,10,2109525,10,58,17,0,20,0
14120,745188,10,1189845,10,32,6,0,22,0
28708,1894582,10,1200697,10,35,10,0,35,0
2793,1481963,10,951583,10,14,5,0,22,0
32087,781101,10,1599984,10,35,17,0,22,0
867,1102538,10,1325815,10,26,13,0,15,0
34425,1195811,10,1568927,10,10,14,0,46,0
46048,1122308,10,2056613,10,41,15,0,27,0
28075,800782,10,1934081,10,9,8,0,19,0
71993,2127559,10,1753650,10,21,10,0,35,0
2319,1828299,10,1612944,10,19,16,0,46,0
7308,1645998,10,2015381,10,15,16,0,31,0
1377,1021069,10,989831,10,31,16,0,43,0
15715,1907880,10,1742527,10,38,22,0,61,0
581,1316856,10,1008762,10,7,5,0,31,0
31304,1280785,10,1187337,10,42,11,0,19,0
34482,953578,10,1913660,10,30,15,0,29,0
6302,1105277,10,934103,10,17,6,0,35,0
34005,1096324,10,1695607,10,60,19,0,39,0
18584,907633,10,1404783,10,10,17,0,30,0
61759,941523,10,1856611,10,32,16,0,37,0
21767,773905,10,1383836,10,23,6,0,29,0
4989,1202209,10,1368264,10,29,11,0,14,0
470,1265693,10,1403451,10,35,33,0,59,0
660,1092053,10,1357196,10,34,19,0,37,0
25378,659614,10,1331257,10,52,11,0,8,0
9098,1282743,10,951011,10,32,10,0,12,0
45199,1231762,10,2355696,10,61,21,0,28,0
65850,989973,10,1539709,10,17,10,0,29,0
7605,903826,10,2229917,10,41,7,0,22,0
3636,661958,10,1269988,10,24,4,0,32,0
13834,1707990,10,2806187,10,39,29,0,45,0
2129,968094,10,1292671,10,39,5,0,23,0
39154,1437293,10,1425858,10,16,7,0,37,0
10649,1235042,10,1652552,10,69,32,0,26,0
3967,547409,10,932035,10,4,10,0,11,0
20818,1004318,10,974068,10,6,11,0,26,0
11574,930419,10,2139291,10,72,27,0,17,0
14502,1224522,10,2226747,10,28,9,0,17,0
17770,919932,10,1133062,10,23,14,0,6,0
20377,772809,10,1551295,10,11,10,0,16,0
3327,1452666,10,1729899,10,31,12,0,11,0
17962,845324,10,1409132,10,7,7,0,10,0
21598,1651729,10,2067457,10,49,19,0,43,0
7520,911982,10,1353782,10,8,11,0,13,0
9159,1798699,10,881485,10,25,19,0,34,0
21526,1293186,10,2265290,10,45,19,0,54,0
3369,979107,10,1024475,10,28,10,0,28,0
37058,947679,10,1717755,10,70,14,0,19,0
10238,577940,10,1249917,10,32,8,0,13,0
18289,2120343,10,1412016,10,41,12,0,34,0
2860,981298,10,1257234,10,24,10,0,21,0
17156,1297925,10,1917563,10,49,8,0,19,0
21389,921081,10,1362793,10,24,19,0,42,0
6769,1579755,10,1319194,10,24,7,0,25,0
6761,2388132,10,1315828,10,27,19,0,53,0
23356,476676,10,1424129,10,28,13,0,7,0
37325,956604,10,807419,10,8,4,0,22,0
29964,1533346,10,1754667,10,21,13,0,56,0
23630,800245,10,2359181,10,33,18,0,22,0
26842,933635,10,922374,10,11,12,0,40,0
1029,811800,10,1691400,10,43,6,0,20,0
7244,1544349,10,1487829,10,14,7,0,24,0
10728,1020315,10,2504487,10,70,9,0,9,0
2440,1132758,10,1148353,10,8,8,0,19,0
13909,1210648,10,744244,10,23,5,0,19,0
6723,2324764,10,1450234,10,18,12,0,89,0
8870,1602280,10,1515152,10,22,10,0,14,0
662,562076,10,2223624,10,45,10,0,19,0
26543,2858135,10,1861759,10,32,19,0,77,0
7036,911162,10,1371999,10,28,12,0,9,0
1298,947162,10,1885764,10,69,17,0,10,0
20877,956151,10,934756,10,30,12,0,25,0
2787,663554,10,1860709,10,12,19,0,29,0
371,891062,10,3629258,10,43,18,0,60,0
22761,858245,10,1619922,10,19,19,0,35,0
13816,1428601,10,2274336,10,43,15,0,12,0
10288,1431519,10,1461220,10,36,17,0,23,0
23841,1294089,10,1217725,10,4,12,0,28,0
19056,1472457,10,2515731,10,29,29,0,58,0
3860,987448,10,998071,10,22,3,0,20,0
28781,606677,10,1731289,10,45,5,0,24,0
27263,913398,10,1642255,10,19,10,0,27,0
15677,1219928,10,2127330,10,19,25,0,19,0
33781,1671141,10,1634629,10,63,34,0,52,0
3875,2324704,10,984438,10,21,4,0,33,0
33033,1361770,10,1687959,10,20,14,0,29,0
1024,1565731,10,1661185,10,13,16,0,41,0
10496,1164780,10,1619304,10,37,8,0,29,0
942,2266019,10,1447099,10,39,12,0,20,0
53464,393948,10,1555374,10,26,18,0,43,0
2268,603324,10,1817209,10,35,13,0,16,0
11832,988200,10,1845600,10,61,22,0,77,0
3178,972671,10,1748523,10,55,15,0,32,0
9868,700278,10,1362359,10,77,10,0,25,0
16742,991161,10,2332490,10,42,30,0,20,0
8449,526340,10,1332047,10,59,4,0,20,0
16009,1188434,10,1948803,10,49,23,0,16,0
3491,1735169,10,1781032,10,60,11,0,30,0
4269,1255072,10,1418023,10,41,8,0,41,0
2321,871142,10,937706,10,40,8,0,21,0
11162,516508,10,2312905,10,29,8,0,34,0
24641,316395,10,1540637,10,16,15,0,6,0
11505,604143,10,1524076,10,23,8,0,21,0
24863,2258999,10,1133430,10,3,13,0,45,0
2458,648795,10,1535443,10,48,12,0,23,0
21921,739421,10,2010035,10,64,10,0,18,0
989,1198387,10,2390597,10,31,14,0,41,0
11740,963030,10,1827056,10,27,22,0,25,0
5265,1538910,10,1217654,10,29,15,0,20,0
17195,804225,10,2310184,10,95,21,0,22,0
4466,1587777,10,1658833,10,53,15,0,31,0
21602,1835734,10,976955,10,36,13,0,21,0
45462,1242948,10,1731364,10,29,7,0,32,0
15651,1006997,10,1389290,10,11,12,0,32,0
35461,1205386,10,2290492,10,30,15,0,18,0
1113,1176791,10,998739,10,33,6,0,24,0
3601,736292,10,1371323,10,19,8,0,26,0
2132,1436501,10,1294463,10,9,18,0,31,0
26874,2217849,10,1656083,10,47,28,0,37,0
4197,1214564,10,1623234,10,53,9,0,18,0
15782,1383680,10,2289236,10,23,19,0,27,0
618,1221656,10,1075048,10,45,16,0,15,0
40363,380625,10,2383878,10,26,15,0,10,0
22917,1162224,10,1177748,10,43,9,0,52,0
13280,1366245,10,1936173,10,34,8,0,33,0
17460,1043272,10,1115134,10,16,13,0,34,0
3352,811428,10,1051028,10,24,7,0,16,0
15524,925516,10,1591844,10,43,8,0,48,0
1403,1372214,10,1203384,10,34,13,0,58,0
28589,1042352,10,1259778,10,36,11,0,31,0
1138,1278063,10,911930,10,25,12,0,49,0
16208,924062,10,1939500,10,20,8,0,28,0
19180,1030531,10,1645753,10,50,14,0,31,0
2222,1159575,10,1290350,10,10,8,0,17,0
498,728532,10,1351733,10,81,10,0,9,0
27170,1326694,10,1397667,10,24,21,0,27,0
4009,1552440,10,1788566,10,32,8,0,14,0
6115,488622,10,1651261,10,39,23,0,23,0
1956,985691,10,1494276,10,20,14,0,16,0
22675,1048209,10,2141344,10,29,11,0,25,0
12043,1324394,10,997404,10,75,11,0,47,0
3844,1719665,10,1857329,10,21,8,0,42,0
9581,1124602,10,1306686,10,4,14,0,22,0
839,1240465,10,1363263,10,17,10,0,45,0
961,1145649,10,1669691,10,42,15,0,36,0
2301,1934145,10,1708780,10,24,10,0,52,0
20263,1026278,10,1497215,10,28,12,0,20,0
26187,1223979,10,1372014,10,28,14,0,22,0
856,1674065,10,1621398,10,32,12,0,24,0
7147,1444000,10,1493798,10,39,19,0,26,0
482,405872,10,1124883,10,42,8,0,15,0
12048,805608,10,1885045,10,46,20,0,33,0
57500,1515381,10,1815460,10,38,8,0,43,0
1454,900806,10,1617221,10,47,11,0,8,0
7707,841413,10,2440945,10,24,7,0,33,0
8624,1304748,10,1713126,10,47,19,0,38,0
16854,810851,10,1073751,10,9,5,0,23,0
51897,1068950,10,821537,10,12,4,0,20,0
23736,1326154,10,1137598,10,10,15,0,8,0
9913,1268903,10,1596711,10,12,17,0,57,0
39235,1427130,10,1906056,10,19,8,0,17,0
31205,914597,10,2356171,10,32,13,0,8,0
1244,1218540,10,964193,10,27,14,0,25,0
15444,913101,10,1876894,10,39,18,0,20,0
8766,1076370,10,1291629,10,29,17,0,31,0
44261,1339024,10,2021316,10,72,17,0,11,0
8243,1308377,10,523791,10,36,7,0,23,0
23366,931781,10,1880657,10,30,29,0,12,0
26414,1019470,10,1371856,10,28,9,0,13,0
16700,353683,10,1343818,10,2,5,0,14,0
16293,1683669,10,2023951,10,21,23,0,54,0
30592,1073011,10,1058186,10,36,7,0,33,0
4181,954029,10,1513898,10,11,15,0,23,0
16445,1187551,10,1604455,10,72,13,0,25,0
740,1074919,10,1374431,10,7,15,0,21,0
14780,829440,10,1601622,10,42,9,0,29,0
112002,1554955,10,1940422,10,28,15,0,25,0
6577,1747808,10,1494997,10,20,12,0,31,0
16958,436787,10,1363790,10,32,2,0,9,0
6367,1099799,10,1560273,10,45,7,0,18,0
18043,534647,10,1923230,10,77,11,0,14,0
1475,594141,10,811713,10,16,11,0,13,0
15220,1240238,10,1381958,10,21,9,0,41,0
28720,1157991,10,917002,10,32,11,0,32,0
534,579190,10,946397,10,35,10,0,10,0
19447,1602706,10,1493364,10,24,21,0,63,0
14598,1783511,10,1347899,10,9,15,0,12,0
14756,1750759,10,1710789,10,40,12,0,21,0
12598,477133,10,1170423,10,26,9,0,10,0
12859,818359,10,877000,10,16,7,0,10,0
20845,1493758,10,1954228,10,35,25,0,41,0
2000,848596,10,1762745,10,22,10,0,18,0
23582,1584803,10,1030277,10,11,13,0,58,0
17965,556815,10,1385216,10,14,12,0,27,0
16042,1213958,10,1406438,10,39,10,0,23,0
42168,690163,10,1779200,10,51,8,0,15,0
39969,1416991,10,2049011,10,86,33,0,41,0
5106,926421,10,1590477,10,39,10,0,23,0
53532,1239475,10,2452929,10,30,11,0,38,0
18270,889506,10,1329590,10,15,10,0,28,0
687,999093,10,2109295,10,47,14,0,32,0
7476,1574881,10,1584520,10,13,10,0,54,0
8555,803547,10,1393276,10,15,24,0,39,0
385,900842,10,3063198,10,25,21,0,9,0
1247,702833,10,1449763,10,27,11,0,14,0
4940,1799069,10,1247178,10,28,11,0,29,0
25641,876612,10,1972637,10,22,10,0,33,0
31036,958030,10,1280934,10,54,18,0,22,0
2897,835193,10,1239070,10,52,20,0,11,0
32850,1032508,10,1388683,10,16,12,0,28,0
31651,739838,10,2141984,10,68,37,0,8,0
10363,1192577,10,1406755,10,25,12,0,50,0
1428,1767787,10,965044,10,29,10,0,50,0
9243,1377678,10,1095419,10,36,19,0,22,0
4107,856022,10,1410754,10,25,13,0,22,0
13724,976168,10,1893078,10,26,17,0,69,0
40221,280756,10,2028254,10,55,12,0,11,0
18255,1076087,10,1458323,10,37,7,0,11,0
11152,796330,10,1897920,10,40,14,0,33,0
16352,757917,10,1848858,10,9,15,0,21,0
3697,1144628,10,1123048,10,38,17,0,44,0
26301,1054621,10,830956,10,16,21,0,43,0
49589,1457396,10,1907734,10,68,15,0,22,0
7260,1039254,10,898421,10,15,12,0,44,0
4999,1129243,10,1026290,10,11,5,0,10,0
8407,1313827,10,1525912,10,55,12,0,26,0
3564,963391,10,1305171,10,35,26,0,31,0
2019,1293527,10,2057093,10,78,28,0,42,0
49963,1621509,10,1437690,10,24,23,0,41,0
4800,617174,10,1331042,10,15,4,0,24,0
3744,402394,10,1117884,10,33,6,0,17,0
60908,961623,10,2092333,10,51,12,0,9,0
23946,1751452,10,1298907,10,20,9,0,31,0
4261,875101,10,1753635,10,25,13,0,50,0
47274,1836061,10,1678129,10,24,10,0,42,0
41946,2601863,10,1095128,10,13,9,0,44,0
39674,1322509,10,1650264,10,55,20,0,29,0
11279,1520220,10,1200035,10,27,7,0,62,0
4855,679131,10,1055226,10,23,12,0,37,0
7894,960946,10,1580401,10,47,15,0,24,0
9001,864761,10,895592,10,16,2,0,12,0
9356,644094,10,1648338,10,42,14,0,22,0
738,1579212,10,1183052,10,53,8,0,51,0
2562,677028,10,943694,10,24,4,0,15,0
39045,1397631,10,1812894,10,26,39,0,34,0
7380,1742667,10,1484776,10,25,14,0,27,0
9331,1916242,10,1571275,10,31,11,0,13,0
290,847708,10,1412924,10,11,21,0,49,0
706,982001,10,1278085,10,40,13,0,25,0
29362,878324,10,1396492,10,50,5,0,30,0
5018,457876,10,1170269,10,14,3,0,21,0
894,1474722,10,1000224,10,16,7,0,21,0
628,1840320,10,1554259,10,65,13,0,25,0
14425,872404,10,1544257,10,33,14,0,24,0
31425,824066,10,1285890,10,36,9,0,16,0
4567,2584536,10,1152736,10,63,13,0,95,0
1463,597421,10,877404,10,31,8,0,8,0
17414,1059914,10,1842155,10,17,19,0,50,0
5782,910055,10,1348996,10,17,4,0,11,0
3600,702955,10,1931892,10,18,33,0,16,0
17800,1332055,10,1492127,10,64,18,0,17,0
4620,777087,10,2133499,10,47,18,0,12,0
14377,762529,10,1732356,10,45,9,0,22,0
16315,1467627,10,1665706,10,21,23,0,32,0
11088,734858,10,699251,10,27,6,0,14,0
43132,877897,10,2344327,10,14,14,0,37,0
13015,655019,10,1070939,10,24,18,0,35,0
11220,899952,10,2881630,10,40,10,0,24,0
2940,1399488,10,1154252,10,50,22,0,39,0
18744,1077497,10,2736247,10,81,14,0,27,0
10432,556510,10,1550901,10,24,12,0,12,0
61261,1398685,10,2061985,10,78,10,0,37,0
30521,989973,10,1617660,10,36,18,0,19,0
7415,803157,10,1338716,10,19,13,0,26,0
505,1026280,10,1590373,10,42,10,0,20,0
1436,784674,10,1823303,10,35,6,0,7,0
7678,936119,10,1937829,10,70,7,0,12,0
1802,1064179,10,1480026,10,10,23,0,20,0
18412,1240279,10,1297267,10,27,9,0,24,0
2954,1527355,10,915910,10,15,2,0,8,0
533,1616380,10,2263955,10,46,16,0,23,0
6707,1213292,10,815337,10,6,1,0,38,0
8859,1798542,10,2148175,10,62,21,0,41,0
9533,2302500,10,1512479,10,47,8,0,61,0
27644,1032613,10,2131373,10,51,8,0,34,0
1248,940420,10,1175761,10,23,9,0,26,0
14086,1663275,10,1617710,10,15,14,0,56,0
43001,1135169,10,1395848,10,38,10,0,34,0
13044,814837,10,742694,10,6,8,0,8,0
29167,1099029,10,2728234,10,82,16,0,28,0
12426,1374042,10,1528966,10,31,15,0,28,0
45630,1154127,10,1584855,10,55,22,0,56,0
11431,1477943,10,1206365,10,24,15,0,13,0
71720,677138,10,1764693,10,43,16,0,37,0
15630,1068170,10,1604651,10,21,25,0,22,0
7240,1661997,10,1329271,10,59,18,0,30,0
6369,1501806,10,2241906,10,46,9,0,42,0
44659,2029947,10,1659377,10,38,13,0,23,0
18977,952532,10,1815226,10,63,26,0,27,0
2667,1229164,10,1318776,10,17,16,0,43,0
7113,737563,10,1255922,10,30,11,0,8,0
17464,663784,10,1247376,10,27,6,0,18,0
4159,1053765,10,1153363,10,27,9,0,30,0
12674,912295,10,1342090,10,18,5,0,17,0
5753,752391,10,1758952,10,38,7,0,23,0
9535,1729616,10,560016,10,21,12,0,41,0
2460,1325089,10,2265488,10,32,15,0,25,0
33166,1813291,10,2968996,10,59,31,0,62,0
77062,898761,10,2276068,10,48,18,0,19,0
12569,1296840,10,1755908,10,77,19,0,34,0
14195,1165403,10,1498838,10,39,12,0,13,0
12315,1364540,10,1699456,10,32,18,0,35,0
2178,866595,10,1668927,10,71,7,0,16,0
37739,519219,10,1388455,10,42,11,0,10,0
16270,2062989,10,1530251,10,22,6,0,22,0
2190,1555326,10,1459538,10,19,25,0,70,0
1294,1341103,10,1187865,10,45,8,0,21,0
1858,1115959,10,1742115,10,28,11,0,27,0
1350,1224236,10,592730,10,21,3,0,61,0
3357,1755881,10,1010405,10,18,5,0,56,0
633,1186880,10,1653575,10,22,13,0,46,0
916,1137780,10,1204345,10,5,21,0,53,0
15226,688840,10,1283820,10,6,13,0,29,0
4640,1295515,10,2095695,10,55,27,0,25,0
50175,1158094,10,2331348,10,36,45,0,44,0
8329,998824,10,947960,10,6,6,0,13,0
396,1497613,10,1347820,10,10,12,0,24,0
3282,982062,10,1061750,10,4,9,0,23,0
1180,401319,10,1576895,10,5,3,0,7,0
9160,1322686,10,709306,10,32,6,0,42,0
565,773765,10,1789562,10,16,14,0,27,0
32477,783275,10,1599088,10,38,12,0,25,0
2617,1691792,10,957014,10,23,6,0,48,0
13861,1640939,10,1720476,10,5,18,0,41,0
7532,888336,10,618611,10,8,19,0,56,0
2553,893865,10,1224650,10,21,17,0,27,0
5285,713045,10,1055978,10,15,12,0,15,0
763,428620,10,1347867,10,5,12,0,11,0
36107,401822,10,2360126,10,35,11,0,35,0
27793,1159993,10,1361808,10,26,7,0,18,0
668,1345365,10,779220,10,29,4,0,28,0
21599,1038227,10,1556171,10,24,17,0,12,0
9645,868957,10,1245768,10,13,12,0,13,0
8288,952055,10,1383438,10,11,16,0,18,0
5989,282929,10,1475167,10,13,3,0,30,0
6666,1102504,10,1463198,10,22,16,0,47,0
31282,1049138,10,1915944,10,44,19,0,31,0
3997,1117176,10,2035893,10,27,17,0,27,0
7420,1971502,10,1645837,10,23,8,0,17,0
3436,298735,10,1545059,10,19,7,0,28,0
263,816232,10,1396247,10,17,15,0,40,0
24220,736446,10,831774,10,13,5,0,55,0
1450,1019503,10,1347274,10,43,9,0,50,0
4031,668921,10,1156041,10,7,6,0,32,0
36060,762433,10,1868193,10,17,14,0,14,0
2499,1358620,10,777673,10,25,7,0,24,0
16989,837638,10,1274943,10,69,9,0,27,0
4691,1456948,10,1145878,10,18,11,0,38,0
21202,755805,10,2490654,10,53,23,0,13,0
6023,1193591,10,1804280,10,27,6,0,23,0
11181,572302,10,1853213,10,33,20,0,9,0
15507,1122231,10,1369067,10,14,11,0,16,0
996,578138,10,918684,10,27,0,0,8,0
950,763070,10,1233547,10,39,10,0,29,0
6208,800437,10,1699627,10,30,11,0,28,0
1431,896560,10,1457125,10,13,12,0,19,0
27552,1155996,10,1737493,10,33,21,0,41,0
33910,1650776,10,1057809,10,9,13,0,44,0
4735,578151,10,2004258,10,17,15,0,13,0
44071,1271441,10,3030331,10,94,18,0,14,0
30583,943691,10,1387221,10,20,20,0,23,0
1522,709143,10,1867893,10,22,34,0,22,0
10155,1343154,10,1578270,10,26,24,0,19,0
53619,954639,10,1841551,10,47,7,0,18,0
6249,1126414,10,1474673,10,45,15,0,20,0
8774,1448614,10,1769793,10,55,5,0,40,0
3708,1464862,10,1143160,10,20,8,0,40,0
3861,821631,10,1703941,10,75,8,0,36,0
10888,648063,10,3330708,10,42,12,0,24,0
2582,942432,10,1725434,10,37,15,0,16,0
17422,1274807,10,1752230,10,18,5,0,30,0
2113,1331779,10,1107388,10,30,13,0,20,0
28577,1141386,10,1096984,10,24,5,0,20,0
12114,886360,10,901303,10,12,8,0,32,0
2698,1594969,10,1651602,10,35,15,0,44,0
2225,748297,10,808491,10,48,11,0,14,0
13976,542069,10,1734801,10,58,14,0,16,0
38575,1188084,10,1637521,10,39,14,0,28,0
13574,971602,10,2833000,10,48,22,0,21,0
56888,1469179,10,2912000,10,47,29,0,27,0
20071,1595789,10,1909488,10,52,11,0,35,0
79366,826406,10,2415077,10,77,30,0,27,0
17285,1013770,10,2514266,10,44,10,0,24,0
12355,617699,10,1425060,10,21,6,0,8,0
930,652131,10,963599,10,44,11,0,18,0
3496,704616,10,1401913,10,3,10,0,23,0
13378,606316,10,1316116,10,14,10,0,28,0
3218,2152680,10,940987,10,25,13,0,67,0
8754,831498,10,1731552,10,7,5,0,31,0
21316,861319,10,943850,10,38,21,0,12,0
708,1781787,10,814461,10,10,8,0,22,0
19067,423217,10,1296824,10,7,10,0,32,0
31910,1437331,10,857483,10,12,8,0,12,0
897,2083317,10,2314440,10,37,22,0,55,0
8975,973820,10,1001741,10,51,12,0,16,0
24955,657610,10,1096627,10,43,11,0,20,0
17496,728249,10,1018068,10,3,4,0,13,0
1579,603855,10,2570767,10,44,4,0,38,0
32534,503447,10,2394621,10,19,10,0,17,0
22532,1092657,10,2180065,10,17,11,0,17,0
2962,918781,10,917188,10,26,11,0,13,0
4620,967710,10,1800501,10,18,15,0,24,0
7990,1818893,10,2780928,10,68,16,0,20,0
18158,1352027,10,1928596,10,37,9,0,27,0
31844,1196269,10,1119151,10,17,11,0,18,0
3889,1876009,10,1338200,10,20,9,0,53,0
12928,933169,10,1349084,10,15,8,0,42,0
22318,1270222,10,1862114,10,24,7,0,23,0
1035,1145248,10,974044,10,40,7,0,18,0
4991,1818614,10,1638183,10,17,19,0,48,0
40045,647942,10,1022974,10,23,6,0,23,0
9486,1021797,10,1680109,10,55,17,0,32,0
7099,1002617,10,1770639,10,29,12,0,11,0
3373,1134079,10,700301,10,42,6,0,17,0
11335,490391,10,1297877,10,24,16,0,35,0
1436,1640457,10,632974,10,30,11,0,58,0
7855,696850,10,788477,10,36,3,0,27,0
16075,560800,10,1391068,10,42,6,0,17,0
21075,1649288,10,2503783,10,35,19,0,24,0
8010,833373,10,1404684,10,22,6,0,31,0
4367,866820,10,1558317,10,37,15,0,27,0
80938,839814,10,3427196,10,43,13,0,26,0
11120,1583373,10,1258458,10,37,24,0,48,0
4106,857392,10,2166366,10,35,11,0,22,0
3568,823174,10,2024787,10,40,19,0,24,0
16469,980357,10,2498004,10,54,17,0,26,0
9489,941189,10,1220801,10,25,4,0,16,0
4305,1796161,10,1981567,10,76,19,0,46,0
28857,582148,10,1852966,10,25,12,0,24,0
28365,1163197,10,2572454,10,74,27,0,16,0
16075,775105,10,1863576,10,39,11,0,16,0
1472,1932233,10,940064,10,20,13,0,44,0
63600,422083,10,1711227,10,26,6,0,19,0
1843,785537,10,743229,10,8,6,0,45,0
6188,1254726,10,1433623,10,35,6,0,26,0
1201,1735782,10,1703896,10,26,21,0,69,0
879,948220,10,1411678,10,60,20,0,29,0
11391,196817,10,1160113,10,51,8,0,5,0
10702,1023778,10,1373164,10,20,5,0,19,0
37918,2025509,10,1029608,10,63,15,0,53,0
878,912875,10,1777229,10,56,8,0,14,0
19519,748719,10,1445202,10,63,10,0,28,0
583,2390417,10,1141448,10,28,9,0,30,0
27332,1140629,10,1697851,10,34,18,0,19,0
1606,1038598,10,2459739,10,65,13,0,24,0
24365,348319,10,2714531,10,53,20,0,19,0
17036,894330,10,857546,10,37,5,0,49,0
1358,519187,10,1759862,10,25,14,0,22,0
19908,1253145,10,1842606,10,28,25,0,32,0
8090,739487,10,1712280,10,22,6,0,12,0
13795,1122839,10,1780902,10,32,21,0,40,0
31441,1324451,10,1545200,10,38,6,0,24,0
627,630845,10,2093200,10,24,9,0,27,0
25052,911207,10,1328868,10,54,6,0,13,0
1968,1008237,10,682539,10,23,11,0,19,0
24934,1479176,10,1886805,10,9,17,0,20,0
3254,728963,10,925917,10,6,7,0,26,0
1496,1319383,10,2529849,10,34,23,0,34,0
776,1495337,10,2144350,10,14,13,0,63,0
1432,1653691,10,1185200,10,17,5,0,24,0
5226,845252,10,1431215,10,17,18,0,31,0
3892,900128,10,1357753,10,39,10,0,13,0
30276,1502419,10,2902161,10,49,32,0,56,0
15183,1046054,10,1279764,10,45,13,0,63,0
27530,521266,10,1916881,10,53,14,0,10,0
79919,772796,10,2323292,10,22,14,0,38,0
30790,759192,10,1147520,10,23,14,0,31,0
11560,662383,10,1629582,10,21,7,0,7,0
453,542152,10,1058879,10,28,3,0,41,0
1535,896577,10,1061496,10,32,12,0,42,0
21456,879084,10,1670267,10,19,11,0,26,0
9516,761569,10,2062920,10,61,15,0,27,0
25954,460078,10,2479826,10,36,7,0,15,0
910,954005,10,2138013,10,16,16,0,6,0
22195,1166909,10,753253,10,21,2,0,27,0
14864,1701993,10,924862,10,13,17,0,37,0
8071,953780,10,2224777,10,86,18,0,29,0
21835,1119389,10,1009685,10,20,16,0,43,0
2475,658801,10,1341911,10,31,10,0,26,0
7434,1043646,10,2004923,10,24,21,0,44,0
7933,1155100,10,1092101,10,16,13,0,39,0
11635,848155,10,1368858,10,27,21,0,36,0
114249,929353,10,2551223,10,42,9,0,18,0
74118,1194465,10,2122379,10,60,16,0,27,0
2050,362901,10,632132,10,34,5,0,2,0
1093,1855029,10,1060396,10,17,4,0,56,0
15654,1241434,10,1987618,10,51,18,0,24,0
3952,1306700,10,1570217,10,20,25,0,46,0
26425,1052932,10,1001554,10,22,10,0,13,0
58614,987266,10,1601280,10,38,19,0,30,0
7182,1684350,10,975300,10,27,8,0,28,0
53577,1134903,10,2634693,10,39,16,0,17,0
13079,548256,10,1108310,10,2,8,0,13,0
15277,1310217,10,1091889,10,32,14,0,78,0
27134,500116,10,1238793,10,17,7,0,21,0
25000,1280610,10,1236265,10,69,26,0,20,0
13040,941127,10,1214836,10,41,12,0,22,0
8835,1071806,10,1534790,10,17,14,0,28,0
12593,1092740,10,691350,10,15,2,0,26,0
18695,1583714,10,1395857,10,31,16,0,49,0
10426,908976,10,1697345,10,37,4,0,19,0
12239,984949,10,1795183,10,16,3,0,51,0
787,1307380,10,2071643,10,36,22,0,33,0
13715,1819278,10,1349346,10,77,9,0,35,0
30280,854273,10,2239136,10,51,21,0,20,0
18480,950361,10,1118047,10,33,14,0,40,0
36035,1531219,10,1558510,10,27,8,0,32,0
31117,775160,10,1490671,10,34,25,0,27,0
1248,1638091,10,1001105,10,6,15,0,13,0
48358,753145,10,1837539,10,32,12,0,15,0
44755,864907,10,1863201,10,24,13,0,54,0
26103,771856,10,1713777,10,32,22,0,28,0
43817,916696,10,1950900,10,60,19,0,11,0
18570,908556,10,2106490,10,30,24,0,27,0
4185,2040709,10,1811169,10,39,8,0,57,0
1158,430798,10,1453780,10,16,15,0,43,0
2814,1086075,10,1815342,10,35,15,0,26,0
8371,1152572,10,1724163,10,70,16,0,31,0
52603,2070294,10,1663882,10,50,9,0,19,0
1724,653207,10,2086289,10,58,15,0,21,0
26855,1047907,10,1478494,10,17,9,0,27,0
2444,880486,10,1596372,10,28,10,0,32,0
44004,596962,10,1940025,10,20,17,0,26,0
38721,1144764,10,1965103,10,63,13,0,11,0
41683,2007814,10,2823863,10,71,10,0,27,0
588,961875,10,1132772,10,20,6,0,20,0
1193,1524617,10,781938,10,23,6,0,38,0
19849,1013060,10,2187842,10,25,18,0,47,0
25927,936356,10,1416881,10,28,4,0,32,0
507,1651453,10,1211973,10,43,3,0,16,0
30149,618401,10,2351958,10,59,11,0,12,0
2759,1488273,10,1180297,10,10,16,0,36,0
11758,1803640,10,1394303,10,34,8,0,53,0
24800,1692283,10,2733761,10,47,20,0,35,0
43504,1513138,10,1960802,10,27,19,0,27,0
1441,1310308,10,2785946,10,15,20,0,39,0
15262,1142440,10,2473363,10,41,33,0,47,0
16417,665937,10,1628749,10,44,9,0,10,0
54939,1128464,10,1047454,10,53,7,0,38,0
3622,1217470,10,1121682,10,32,13,0,34,0
3503,1096439,10,1715414,10,29,28,0,34,0
47599,1855582,10,1230834,10,18,13,0,36,0
2206,1197529,10,1379900,10,19,16,0,14,0
9226,1654887,10,1064912,10,20,5,0,17,0
24790,1489406,10,2305585,10,33,16,0,46,0
19145,1427770,10,1516757,10,30,12,0,24,0
19119,1326527,10,1777353,10,42,13,0,52,0
1296,1034188,10,2254126,10,57,16,0,31,0
1465,662487,10,942235,10,22,7,0,9,0
70302,1339686,10,2162375,10,34,17,0,31,0
5493,607204,10,2576668,10,39,9,0,18,0
34533,972282,10,1467357,10,63,14,0,22,0
13120,819755,10,2195902,10,65,14,0,15,0
1877,442412,10,1481516,10,35,3,0,9,0
7532,802110,10,982831,10,17,6,0,24,0
481,935477,10,1159402,10,38,11,0,40,0
8056,155084,10,1028675,10,41,4,0,25,0
22065,1575969,10,1387334,10,37,7,0,43,0
785,1107748,10,1397193,10,67,4,0,27,0
4456,1005716,10,1083809,10,13,6,0,14,0
26148,1855551,10,1475155,10,32,13,0,46,0
1590,1765042,10,1054354,10,28,23,0,38,0
5248,1168005,10,646308,10,25,8,0,25,0
3277,441212,10,2730880,10,61,22,0,12,0
4056,761239,10,2444108,10,26,23,0,12,0
879,619588,10,1151555,10,19,10,0,15,0
12360,650431,10,2054629,10,23,9,0,20,0
24044,1131885,10,1635950,10,41,12,0,17,0
2050,2022675,10,980809,10,15,8,0,37,0
36456,1547177,10,1265509,10,15,6,0,39,0
21662,731244,10,1914185,10,33,11,0,42,0
3852,1153732,10,1263938,10,26,8,0,24,0
313,938728,10,489381,10,14,2,0,17,0
48155,1234283,10,1175894,10,18,18,0,39,0
25596,891630,10,1639714,10,22,7,0,22,0
609,1170061,10,654191,10,23,10,0,30,0
605,680476,10,1348890,10,22,6,0,48,0
465,992220,10,1391567,10,29,5,0,14,0
674,1603544,10,1418012,10,52,2,0,35,0
46916,814439,10,846722,10,7,6,0,18,0
3472,548673,10,1508371,10,32,13,0,14,0
2391,977877,10,1583840,10,18,13,0,17,0
1507,1246634,10,1542328,10,17,17,0,18,0
29208,916911,10,1506591,10,44,16,0,23,0
50550,1188206,10,2244052,10,27,9,0,18,0
615,1530332,10,1104584,10,22,22,0,24,0
2206,991251,10,1704449,10,39,4,0,24,0
298,857337,10,1189773,10,4,10,0,45,0
2230,890373,10,997400,10,24,2,0,16,0
55123,1160652,10,2778624,10,29,27,0,23,0
5624,1094388,10,693510,10,15,7,0,17,0
20183,963669,10,1236978,10,31,10,0,26,0
4615,774668,10,1318939,10,59,6,0,23,0
1392,944657,10,1006447,10,27,11,0,41,0
50657,1838601,10,2282768,10,47,28,0,81,0
19652,789451,10,1094141,10,4,11,0,13,0
4138,958210,10,1382219,10,36,5,0,14,0
29250,825622,10,1708177,10,31,9,0,35,0
5159,1143320,10,1711261,10,32,21,0,23,0
15114,433291,10,1328184,10,29,9,0,17,0
8768,1786957,10,1261739,10,37,12,0,67,0
22326,1005881,10,1763734,10,23,17,0,16,0
16613,1097501,10,2099880,10,44,21,0,31,0
1644,1262940,10,2077095,10,69,15,0,11,0
50755,736316,10,1652471,10,84,10,0,13,0
4170,1675669,10,1564989,10,26,10,0,32,0
60182,919444,10,1832606,10,12,20,0,13,0
15950,2335260,10,2165845,10,46,24,0,40,0
11555,1594178,10,1325935,10,53,10,0,13,0
21551,1627537,10,2659089,10,43,7,0,13,0
27387,1545872,10,1290176,10,34,8,0,25,0
3637,1167727,10,2562173,10,10,21,0,55,0
682,784816,10,1039999,10,4,5,0,21,0
13850,1357444,10,1428460,10,31,14,0,26,0
1159,1563306,10,1086105,10,48,9,0,19,0
10519,985712,10,843017,10,21,1,0,35,0
1424,1850260,10,1890149,10,17,12,0,27,0
14000,617022,10,1969927,10,71,10,0,19,0
42128,1237091,10,1161872,10,12,9,0,51,0
8064,1120092,10,1584131,10,15,10,0,49,0
37405,1827298,10,995817,10,17,6,0,45,0
6815,990227,10,1565238,10,21,6,0,14,0
17709,750410,10,1675034,10,47,24,0,7,0
19323,982110,10,2057608,10,10,14,0,17,0
24897,1417503,10,2523642,10,30,8,0,14,0
22884,977336,10,1628856,10,34,9,0,15,0
2122,1011591,10,1477122,10,12,7,0,15,0
1279,1044326,10,1531882,10,20,9,0,15,0
7099,826812,10,931331,10,33,8,0,31,0
45117,1595947,10,2339411,10,39,20,0,26,0
18124,402581,10,1654276,10,21,10,0,15,0
12349,918997,10,855793,10,50,5,0,36,0
7620,1449703,10,938182,10,48,8,0,41,0
12552,1273389,10,2399156,10,24,6,0,19,0
12659,721979,10,1340436,10,85,15,0,36,0
2258,897277,10,924967,10,7,20,0,21,0
11014,1735658,10,2924610,10,59,28,0,24,0
23246,842116,10,1808246,10,53,16,0,27,0
41925,499394,10,1677823,10,13,20,0,31,0
27990,1911634,10,1437944,10,64,19,0,17,0
317,1754425,10,985154,10,21,4,0,18,0
11969,1184860,10,1342671,10,34,8,0,21,0
2219,935663,10,1156715,10,26,6,0,46,0
5266,832107,10,1395464,10,30,11,0,18,0
38666,861223,10,2480372,10,69,13,0,35,0
42406,1094077,10,1351766,10,19,24,0,42,0
1867,1158618,10,1479005,10,30,5,0,13,0
3165,670328,10,1172054,10,83,11,0,20,0
22682,572764,10,1640835,10,18,7,0,8,0
756,688234,10,1822173,10,45,7,0,45,0
6351,774180,10,973070,10,17,1,0,14,0
7774,510593,10,1564377,10,24,22,0,12,0
52940,1069665,10,3489869,10,103,27,0,38,0
5382,725781,10,1829205,10,21,17,0,25,0
507,409423,10,2039202,10,33,16,0,22,0
6166,853099,10,1728124,10,9,13,0,11,0
5220,976778,10,1824343,10,48,16,0,11,0
21761,1198674,10,1797979,10,69,9,0,30,0
9275,842936,10,2045233,10,77,11,0,14,0
8868,1158947,10,2005741,10,38,22,0,17,0
41411,1245861,10,1107448,10,39,10,0,28,0
2258,1004243,10,831005,10,31,10,0,51,0
31685,1201741,10,1300116,10,15,4,0,19,0
15617,691426,10,1744191,10,21,11,0,19,0
4717,1173296,10,2884027,10,47,10,0,43,0
10796,1404268,10,1666905,10,31,14,0,25,0
12416,698080,10,2102404,10,59,21,0,40,0
15005,940715,10,2143553,10,26,28,0,17,0
41961,1375672,10,1831979,10,37,18,0,13,0
14891,1245381,10,1432095,10,42,9,0,25,0
22098,1230866,10,1728205,10,24,7,0,29,0
3783,623696,10,1515486,10,30,13,0,24,0
526,1079243,10,777292,10,36,10,0,25,0
6719,935315,10,901534,10,21,14,0,17,0
13905,1489613,10,1439842,10,23,16,0,33,0
6002,1125311,10,1683951,10,47,21,0,31,0
2764,541034,10,1615328,10,70,18,0,15,0
7599,1426573,10,1929675,10,34,22,0,34,0
26810,772425,10,1113252,10,8,9,0,29,0
8321,993100,10,688234,10,31,13,0,37,0
22142,577750,10,1968037,10,56,12,0,22,0
1618,1526989,10,771469,10,3,5,0,52,0
5639,833279,10,926171,10,23,3,0,45,0
2530,739813,10,1121571,10,36,15,0,51,0
21853,578918,10,1043779,10,8,12,0,11,0
556,1214775,10,1875320,10,15,10,0,28,0
3065,1143046,10,1930613,10,11,14,0,16,0
35403,703760,10,1401758,10,51,20,0,24,0
19589,1149037,10,1785077,10,76,4,0,7,0
30096,786318,10,1262375,10,9,2,0,8,0
9330,950307,10,1500662,10,31,10,0,16,0
302,788765,10,1076032,10,30,11,0,9,0
5424,664410,10,1216417,10,24,9,0,9,0
61350,1143853,10,1293475,10,36,4,0,32,0
10774,675804,10,1174367,10,15,3,0,22,0
1004,931889,10,1886094,10,16,11,0,32,0
5637,667919,10,2203958,10,14,9,0,27,0
24413,1726042,10,1681448,10,40,2,0,32,0
670,950578,10,1773239,10,24,12,0,17,0
7707,793853,10,3131133,10,20,27,0,16,0
3675,1663137,10,914343,10,48,10,0,21,0
76144,2119841,10,2061155,10,18,23,0,18,0
71251,1755329,10,1697821,10,36,15,0,14,0
2104,1237374,10,2285573,10,27,29,0,33,0
22678,1170557,10,1505985,10,27,10,0,8,0
28012,1563633,10,924522,10,8,4,0,55,0
2292,1680823,10,2052098,10,49,32,0,30,0
16333,1609596,10,1805739,10,98,23,0,27,0
15706,1113328,10,1286988,10,39,12,0,20,0
2290,840738,10,1660853,10,55,16,0,33,0
616,1120669,10,1187181,10,36,10,0,16,0
807,1660596,10,1070191,10,30,21,0,41,0
14793,1445534,10,1158471,10,33,22,0,37,0
4374,1394391,10,1399259,10,19,23,0,16,0
2678,1115513,10,1585708,10,52,17,0,34,0
1767,1741047,10,1437042,10,36,9,0,11,0
15706,1204253,10,949940,10,30,14,0,28,0
1520,812105,10,1153391,10,23,11,0,16,0
3809,1050186,10,1825472,10,12,22,0,9,0
3302,1126008,10,1539145,10,26,16,0,18,0
2783,882607,10,1361818,10,12,11,0,19,0
21647,747678,10,1556377,10,36,13,0,29,0
25269,1090469,10,2271383,10,57,22,0,17,0
1582,1007808,10,1300322,10,38,18,0,16,0
21719,897524,10,2160089,10,42,13,0,26,0
4018,1444268,10,1340862,10,25,10,0,48,0
1825,949974,10,1136375,10,22,19,0,13,0
15336,1783709,10,1815230,10,39,13,0,36,0
5194,930038,10,1241441,10,11,8,0,26,0
596,1100280,10,1863869,10,26,16,0,20,0
11567,2133610,10,1324254,10,42,20,0,56,0
6788,939149,10,1081229,10,32,13,0,20,0
69845,1387173,10,2436907,10,12,11,0,23,0
1325,856295,10,1460648,10,42,21,0,10,0
5659,1008649,10,1584435,10,59,10,0,7,0
48339,1293666,10,1328635,10,45,14,0,26,0
36833,688906,10,1125644,10,39,8,0,28,0
8445,546934,10,1343842,10,28,8,0,16,0
25672,1347463,10,2072041,10,35,16,0,13,0
26438,1467363,10,1539228,10,50,5,0,13,0
8104,343159,10,604175,10,16,6,0,44,0
24135,2404374,10,1541027,10,15,11,0,30,0
4072,1003799,10,1274707,10,7,15,0,39,0
5632,1163617,10,945830,10,6,9,0,27,0
24190,856185,10,1326571,10,28,28,0,18,0
10916,1212532,10,1203664,10,33,24,0,33,0
3161,514343,10,1440889,10,28,6,0,23,0
18613,707186,10,1981301,10,33,15,0,34,0
6246,730424,10,1045667,10,13,18,0,7,0
32701,2607830,10,1780737,10,30,12,0,52,0
19462,881237,10,1477879,10,7,13,0,34,0
15154,1078670,10,1124627,10,11,8,0,18,0
688,969883,10,1739644,10,23,18,0,10,0
13870,691498,10,1369620,10,22,7,0,11,0
9408,443033,10,1936054,10,87,13,0,28,0
3544,723052,10,997564,10,23,12,0,34,0
29521,1371406,10,1442284,10,30,8,0,34,0
1055,1224217,10,1043228,10,8,7,0,35,0
7481,1412311,10,1604643,10,26,10,0,29,0
66697,412153,10,2019660,10,33,14,0,28,0
11957,1044038,10,2426059,10,45,16,0,25,0
3191,1090241,10,957570,10,13,7,0,40,0
9223,581724,10,1035860,10,19,11,0,30,0
7295,857545,10,1677461,10,35,16,0,22,0
106765,1469485,10,2677872,10,51,33,0,38,0
25449,544213,10,1379338,10,25,3,0,23,0
43942,1382691,10,1363193,10,49,20,0,41,0
13524,848905,10,1856248,10,25,18,0,17,0
2166,661094,10,1124370,10,29,6,0,7,0
12501,1000425,10,796556,10,20,6,0,45,0
8177,731835,10,1311037,10,5,6,0,22,0
20929,1311114,10,2892105,10,27,28,0,13,0
696,714373,10,1088115,10,39,9,0,6,0
60154,1660267,10,1151541,10,27,8,0,36,0
7842,1038199,10,1391030,10,33,7,0,44,0
1080,1236793,10,1142882,10,45,9,0,39,0
52731,1305879,10,1601874,10,23,13,0,46,0
18937,1338073,10,2816150,10,52,15,0,44,0
81553,1627559,10,1078372,10,23,13,0,56,0
518,1285483,10,1669362,10,31,9,0,49,0
785,1256027,10,1823193,10,4,17,0,18,0
7303,385447,10,1876544,10,25,5,0,17,0
12789,1682564,10,1263469,10,9,14,0,24,0
10891,974138,10,1033047,10,32,11,0,2,0
10813,1124653,10,804771,10,19,7,0,41,0
1118,2006343,10,2052398,10,29,17,0,61,0
24078,1355631,10,1412681,10,29,18,0,32,0
43245,910147,10,2891556,10,74,9,0,19,0
4465,772661,10,1139535,10,19,6,0,14,0
86478,1187796,10,2304125,10,24,26,0,58,0
973,755689,10,894411,10,25,19,0,54,0
4294,723098,10,1333296,10,15,18,0,31,0
4218,1252886,10,836364,10,4,7,0,24,0
10034,793988,10,1808437,10,14,22,0,27,0
1250,852508,10,1181634,10,41,36,0,30,0
14525,794122,10,1492462,10,23,5,0,17,0
5414,762870,10,1270992,10,32,7,0,16,0
32726,597569,10,1056843,10,19,11,0,28,0
28610,1287216,10,1567411,10,15,11,0,38,0
1339,2185875,10,2561747,10,67,33,0,30,0
11396,1297883,10,1166360,10,38,20,0,37,0
1864,1646392,10,1073716,10,19,7,0,36,0
8540,832467,10,1631577,10,56,10,0,44,0
39823,1586960,10,1517546,10,25,14,0,32,0
4361,1193828,10,1694344,10,12,20,0,30,0
823,1068025,10,1771689,10,33,27,0,40,0
9372,1417165,10,1519259,10,32,4,0,20,0
10726,869738,10,1441719,10,15,6,0,11,0
3797,1120242,10,868371,10,23,6,0,19,0
1855,1412270,10,1678310,10,7,6,0,17,0
14203,2023853,10,1369959,10,3,15,0,28,0
36038,1201063,10,1688007,10,43,6,0,17,0
723,1589858,10,878939,10,34,5,0,41,0
12576,982696,10,1233018,10,7,18,0,22,0
20068,1049075,10,1648615,10,61,22,0,40,0
21733,938845,10,2752970,10,34,16,0,54,0
934,1922102,10,1151493,10,18,17,0,56,0
11920,980048,10,1677596,10,42,10,0,26,0
608,806493,10,1341298,10,66,14,0,18,0
22911,1025549,10,1795752,10,29,24,0,60,0
2109,1771670,10,1597962,10,9,9,0,38,0
3052,1643037,10,1786382,10,32,6,0,29,0
15471,1095887,10,1497802,10,19,17,0,22,0
8522,1613648,10,1035265,10,34,2,0,27,0
12332,1182016,10,1668000,10,25,7,0,49,0
6709,935029,10,1142122,10,31,10,0,12,0
35348,1552850,10,1237299,10,33,22,0,23,0
24017,1768036,10,2384224,10,49,27,0,38,0
1352,620636,10,897364,10,28,15,0,13,0
22918,861584,10,1294269,10,27,11,0,30,0
4239,888535,10,1261370,10,21,11,0,10,0
1488,794128,10,644216,10,26,16,0,22,0
14957,1249625,10,1149800,10,45,7,0,28,0
2703,1199718,10,927169,10,4,8,0,4,0
14855,902350,10,1088070,10,40,7,0,19,0
13518,1362714,10,1491599,10,9,13,0,34,0
17555,729589,10,1916172,10,28,20,0,36,0
1559,1592709,10,618413,10,23,11,0,31,0
77279,643244,10,3001110,10,64,41,0,14,0
11798,807275,10,916941,10,44,15,0,18,0
2763,1144699,10,1716292,10,48,15,0,19,0
2194,1019188,10,894315,10,36,12,0,18,0
17823,764787,10,1753896,10,20,15,0,25,0
34627,1464203,10,1775126,10,32,9,0,23,0
20143,1215869,10,853898,10,40,5,0,20,0
41163,939968,10,2569923,10,36,24,0,11,0
18247,976000,10,1111773,10,38,9,0,12,0
14712,1191081,10,1476424,10,25,19,0,16,0
32408,1189479,10,2560915,10,26,20,0,21,0
58728,1502255,10,1555122,10,43,9,0,14,0
3981,1019067,10,678119,10,5,7,0,12,0
8889,779687,10,1271866,10,11,12,0,13,0
2994,829575,10,1430653,10,35,23,0,33,0
1432,1171705,10,1191141,10,45,14,0,15,0
130445,515403,10,2296130,10,37,16,0,15,0
9265,598718,10,1412853,10,4,10,0,25,0
28155,1556574,10,1678847,10,31,15,0,38,0
42851,489354,10,1407367,10,13,6,0,33,0
14034,885255,10,1644151,10,31,11,0,20,0
14708,894114,10,1896669,10,9,10,0,28,0
1125,752720,10,1543688,10,14,4,0,12,0
5977,808697,10,1182897,10,26,9,0,57,0
6905,899135,10,1885868,10,76,22,0,25,0
4238,569986,10,1100952,10,35,6,0,10,0
3550,718692,10,1231341,10,43,11,0,23,0
355,986221,10,2260387,10,45,5,0,16,0
8787,1433216,10,995165,10,6,11,0,34,0
605,959252,10,1790899,10,10,14,0,30,0
19913,2023950,10,869743,10,24,7,0,49,0
45623,810776,10,1581254,10,41,5,0,27,0
3299,956295,10,1209471,10,7,6,0,13,0
29579,1019383,10,1283981,10,23,11,0,24,0
76396,1323402,10,2170449,10,46,30,0,55,0
30490,2441530,10,1293372,10,11,6,0,56,0
50220,1873783,10,1034640,10,32,11,0,48,0
2550,1596621,10,1696921,10,29,13,0,38,0
4887,736275,10,1814253,10,26,9,0,31,0
35798,942988,10,2053330,10,38,35,0,19,0
18429,1572269,10,1360272,10,27,17,0,33,0
14408,944601,10,1806716,10,45,23,0,28,0
1654,838372,10,1576688,10,24,11,0,29,0
38382,1204703,10,2221402,10,27,21,0,39,0
10488,1723783,10,1167863,10,30,7,0,25,0
58820,705572,10,2112260,10,16,15,0,25,0
19203,1486430,10,1181370,10,30,9,0,24,0
28478,1637629,10,1319431,10,42,17,0,44,0
5077,541319,10,714707,10,5,8,0,43,0
45252,1390887,10,1510253,10,10,9,0,51,0
809,1281198,10,1222132,10,37,7,0,46,0
597,1252346,10,1336195,10,12,14,0,28,0
18113,959977,10,1494555,10,31,12,0,48,0
15179,809965,10,1118505,10,17,4,0,23,0
856,728969,10,2560553,10,51,27,0,24,0
10402,928201,10,961915,10,19,18,0,16,0
741,524438,10,837416,10,35,8,0,26,0
35344,1327744,10,1711646,10,36,15,0,18,0
54018,627587,10,1890899,10,19,11,0,9,0
5629,629996,10,1164042,10,14,24,0,34,0
17065,913662,10,916045,10,36,10,0,6,0
22252,1162728,10,1545256,10,38,19,0,37,0
62255,2348663,10,1493489,10,25,11,0,20,0
844,506879,10,1242628,10,21,6,0,17,0
23512,743985,10,1651342,10,31,6,0,18,0
1352,896545,10,565314,10,42,15,0,16,0
9524,1180844,10,1651349,10,16,12,0,14,0
3570,1190278,10,1633911,10,30,23,0,19,0
63158,1195537,10,1864896,10,41,33,0,51,0
12055,1406845,10,2113666,10,66,23,0,17,0
19719,697061,10,1444436,10,21,14,0,13,0
25392,814482,10,1996772,10,18,18,0,19,0
625,1151594,10,1358964,10,28,10,0,15,0
3874,505924,10,1877579,10,18,6,0,10,0
41239,1278571,10,1910204,10,40,15,0,38,0
44432,1128417,10,2203585,10,40,21,0,40,0
15834,993803,10,1919664,10,19,23,0,15,0
784,941591,10,1460140,10,22,24,0,39,0
1209,646182,10,1835869,10,26,18,0,21,0
1988,1093247,10,985375,10,21,10,0,40,0
8179,664392,10,1233619,10,35,13,0,21,0
8791,1127810,10,1916206,10,39,10,0,36,0
1814,1370052,10,1490743,10,44,17,0,47,0
2728,1150286,10,1080944,10,23,9,0,13,0
796,700285,10,1299873,10,76,4,0,25,0
9541,959846,10,1525456,10,12,11,0,38,0
4311,1047231,10,999392,10,59,5,0,15,0
14860,892955,10,1184589,10,25,4,0,50,0
40771,925688,10,1882555,10,31,25,0,30,0
4570,1817477,10,1341000,10,49,18,0,58,0
7234,1381821,10,1375149,10,32,12,0,34,0
1254,688560,10,974906,10,30,13,0,33,0
3127,796371,10,1093648,10,26,3,0,23,0
7864,963905,10,1388916,10,8,11,0,13,0
8696,764446,10,2319890,10,38,19,0,28,0
2251,1100282,10,942647,10,31,15,0,17,0
26915,855105,10,1936650,10,38,8,0,28,0
1830,884669,10,681408,10,3,5,0,13,0
3220,785888,10,1363848,10,21,15,0,38,0
440,2010424,10,882773,10,24,8,0,43,0
85829,2193368,10,1955575,10,47,15,0,31,0
44072,1477541,10,1303215,10,37,13,0,32,0
32594,1081300,10,2153606,10,62,38,0,40,0
1240,673987,10,1632778,10,37,25,0,14,0
15348,1427313,10,2055643,10,60,8,0,54,0
528,723585,10,2235245,10,34,23,0,10,0
56412,1571989,10,1680388,10,30,21,0,39,0
80102,1098897,10,1557271,10,28,23,0,18,0
2330,726696,10,1719061,10,15,13,0,11,0
1150,1543125,10,1111225,10,13,8,0,22,0
36589,1952772,10,1306204,10,12,15,0,35,0
3001,1463489,10,1770839,10,41,20,0,31,0
18278,1147262,10,1503360,10,41,23,0,45,0
905,913371,10,1007940,10,30,7,0,17,0
13215,1640631,10,469588,10,17,11,0,40,0
4654,1095943,10,733754,10,42,12,0,31,0
19432,1017047,10,1350980,10,23,18,0,13,0
1538,971992,10,728431,10,1,18,0,39,0
7956,732837,10,2002209,10,29,9,0,16,0
670,920741,10,1335019,10,19,11,0,23,0
22023,1298184,10,2002099,10,66,15,0,44,0
8690,1406299,10,1278100,10,13,12,0,16,0
