21085,33917043,50,39740761,50,901,405,0,1347,0
4520,28248919,50,39677096,50,784,357,0,565,0
8978,38094590,50,32655639,50,1066,258,0,832,0
1169,27948129,50,43601199,50,801,303,0,848,0
2574,26468946,50,32658397,50,878,221,0,1003,0
2583,32604177,50,39686160,50,736,298,0,999,0
2334,28418115,50,22880616,50,681,201,0,918,0
6688,34405219,50,36694202,50,769,289,0,929,0
4023,26401491,50,38641673,50,981,259,0,941,0
21772,27887323,50,46825028,50,828,334,0,879,0
5840,34624913,50,30821555,50,676,297,0,791,0
2309,31390209,50,37429763,50,1105,279,0,992,0
1921,42468527,50,33612248,50,858,359,0,1369,0
4362,33254311,50,37747168,50,823,299,0,928,0
31295,37346255,50,33081768,50,859,256,0,875,0
20438,36081065,50,36592503,50,1103,322,0,660,0
34658,39046648,50,28741398,50,889,255,0,1157,0
2494,26763506,50,42052141,50,575,332,0,815,0
12576,38531812,50,34615837,50,759,320,0,1192,0
3474,28863943,50,37444937,50,656,306,0,846,0
55324,33211600,50,36084898,50,1032,349,0,1203,0
3992,26255044,50,41101463,50,1236,243,0,1006,0
13951,36459878,50,39277586,50,995,314,0,1028,0
34253,33387700,50,41455311,50,730,383,0,988,0
26008,42913836,50,46207378,50,1054,445,0,775,0
3125,25860030,50,36999363,50,875,296,0,866,0
16860,43099407,50,33338905,50,1006,297,0,1412,0
23318,37472798,50,37011928,50,695,239,0,914,0
4551,33856865,50,38878002,50,972,306,0,1001,0
55490,32253556,50,41347182,50,744,287,0,865,0
19172,44345554,50,42036086,50,727,321,0,1197,0
1895,30398815,50,30651107,50,917,241,0,717,0
2757,26586844,50,44073228,50,896,333,0,790,0
5382,33990296,50,32455521,50,1125,292,0,689,0
1423,50046329,50,31697030,50,1035,312,0,1116,0
1336,38635975,50,41570687,50,910,321,0,963,0
2052,29119589,50,39844937,50,694,349,0,714,0
2020,28155582,50,41469647,50,1042,315,0,863,0
6630,34168217,50,40318093,50,561,318,0,985,0
6340,40607432,50,34249196,50,1110,309,0,1124,0
5752,33287508,50,35467209,50,1013,248,0,1334,0
8155,38591212,50,32590467,50,977,281,0,741,0
24568,42233132,50,40311056,50,1152,317,0,1066,0
53877,40554092,50,33904233,50,787,268,0,1024,0
5698,37966019,50,39066421,50,1091,335,0,1298,0
33958,27895398,50,40861704,50,1128,298,0,704,0
13582,29178493,50,39844164,50,1295,263,0,1012,0
6943,38087838,50,32217654,50,777,265,0,829,0
2115,35790432,50,28800050,50,920,286,0,742,0
21144,36980380,50,38753790,50,891,292,0,659,0
6436,30504870,50,35097823,50,799,321,0,926,0
2364,28715279,50,33544004,50,997,284,0,909,0
2803,36486036,50,34636878,50,1254,290,0,845,0
2290,31493850,50,33987527,50,1063,309,0,1054,0
7377,26414723,50,24858618,50,895,228,0,674,0
21815,23262423,50,33098816,50,911,293,0,933,0
7545,30060661,50,29750063,50,703,363,0,672,0
19970,30258169,50,34934219,50,1161,352,0,851,0
9241,25166642,50,42404273,50,1077,306,0,484,0
12460,26531765,50,29746106,50,954,266,0,875,0
20927,31001623,50,35377563,50,1326,333,0,730,0
1393,34223447,50,40543370,50,679,269,0,1167,0
42205,36025712,50,33930400,50,815,292,0,856,0
5136,36368023,50,26013204,50,1310,242,0,1617,0
1984,28903688,50,34289496,50,793,332,0,442,0
38700,27988367,50,38432496,50,874,364,0,821,0
1150,22419943,50,32921153,50,562,299,0,680,0
24773,32516195,50,31473942,50,915,240,0,1205,0
4739,31058365,50,36854393,50,1060,295,0,895,0
10368,25430386,50,30202579,50,780,256,0,550,0
1602,32196374,50,37775505,50,741,211,0,816,0
18193,34726676,50,35129573,50,842,267,0,1504,0
32801,31777469,50,39925823,50,837,321,0,1154,0
2743,32164782,50,39294751,50,994,277,0,761,0
14414,43254516,50,32238188,50,887,274,0,1268,0
2039,28224954,50,28792299,50,971,289,0,724,0
17813,34829313,50,28741134,50,632,282,0,743,0
12721,34309390,50,48818278,50,1178,396,0,1167,0
8098,28716314,50,28320820,50,1152,311,0,733,0
2931,27830968,50,33598760,50,1127,232,0,648,0
6847,32996720,50,36340914,50,837,256,0,645,0
2450,37490715,50,28353659,50,685,252,0,804,0
17746,24715047,50,41735053,50,773,316,0,892,0
13989,28008634,50,38566593,50,885,379,0,913,0
5840,35858708,50,34472208,50,746,252,0,811,0
3630,37477808,50,29815390,50,1010,236,0,1058,0
48666,32354293,50,36088097,50,1019,338,0,714,0
47025,25711831,50,30245973,50,1140,225,0,1099,0
35459,49428362,50,32009461,50,614,272,0,1339,0
5142,24324414,50,26522767,50,773,263,0,711,0
58765,46093424,50,30105912,50,980,229,0,1569,0
2126,29649836,50,31382914,50,776,314,0,1538,0
1241,37864271,50,34118087,50,810,324,0,767,0
4398,33361987,50,41404989,50,1227,423,0,824,0
8147,29622531,50,27427055,50,838,288,0,705,0
9361,38973257,50,32893468,50,841,251,0,1203,0
4228,32906450,50,40249457,50,1333,244,0,1432,0
24654,32707685,50,36417394,50,854,360,0,859,0
2461,38715148,50,37185199,50,900,359,0,1106,0
1211,23875002,50,35352102,50,921,305,0,784,0
1394,35014773,50,37315991,50,815,230,0,1236,0
1676,34486480,50,32497974,50,947,335,0,1118,0
31503,38034794,50,32839758,50,610,268,0,993,0
2392,35748199,50,31705504,50,1134,252,0,864,0
1137,29750071,50,25657604,50,616,167,0,1100,0
1964,32342999,50,35740748,50,1199,375,0,871,0
7103,35852009,50,41635969,50,747,382,0,1067,0
4647,22610502,50,34549888,50,1330,296,0,613,0
40616,28353789,50,36843530,50,1067,309,0,868,0
3274,28620079,50,37079290,50,1239,274,0,1053,0
2465,25479765,50,35052386,50,989,338,0,1515,0
9632,25283651,50,37181795,50,970,328,0,623,0
1073,33702973,50,37539553,50,913,319,0,891,0
15970,27949298,50,45549399,50,1070,361,0,1024,0
3225,28586047,50,26710528,50,870,292,0,546,0
1314,33276281,50,32744135,50,1315,360,0,1103,0
1223,26574614,50,38173935,50,1266,319,0,1091,0
30754,29926136,50,36775598,50,957,329,0,1330,0
3178,49887567,50,35816336,50,822,390,0,1173,0
7636,36585419,50,38063326,50,1150,317,0,1174,0
1441,33503350,50,31424082,50,722,238,0,852,0
23499,28696396,50,45471499,50,889,352,0,979,0
59269,31953581,50,37112363,50,1095,303,0,840,0
24267,32083111,50,42631532,50,940,313,0,538,0
5232,34809328,50,37407275,50,1368,332,0,1003,0
15977,29195743,50,38023588,50,754,319,0,964,0
1529,26820857,50,31407233,50,947,227,0,1024,0
36182,26786857,50,42501519,50,1159,456,0,715,0
4169,26884112,50,39378659,50,1330,358,0,585,0
14355,27200497,50,42323420,50,955,328,0,926,0
962,36835209,50,36054999,50,1532,309,0,846,0
5647,32909333,50,50414686,50,838,382,0,957,0
22115,31331333,50,30190909,50,903,275,0,677,0
7976,37366743,50,35811760,50,768,251,0,897,0
10190,34428672,50,27700612,50,694,184,0,1230,0
3666,29318208,50,37504608,50,1109,364,0,1086,0
10676,30649822,50,38789688,50,1209,355,0,830,0
8057,25000411,50,36278847,50,949,240,0,644,0
59750,27647795,50,35901516,50,895,289,0,1296,0
1212,32588615,50,33208277,50,1363,271,0,871,0
28833,26345640,50,33937060,50,675,338,0,924,0
2899,28069084,50,36299742,50,604,338,0,804,0
4302,28451300,50,29668739,50,731,216,0,884,0
6934,22848232,50,34034471,50,412,233,0,553,0
39653,31147675,50,31928047,50,1246,304,0,549,0
3217,37890989,50,27229942,50,1173,285,0,900,0
2577,30330837,50,34680407,50,891,296,0,778,0
1653,38583753,50,42722368,50,920,341,0,958,0
9828,30907181,50,39277998,50,848,342,0,823,0
52189,32835290,50,30340090,50,978,353,0,941,0
1011,31762813,50,41320626,50,957,354,0,1134,0
764,31180768,50,31570464,50,894,300,0,798,0
1894,42083470,50,28267771,50,641,277,0,1030,0
2765,31199041,50,37125644,50,726,283,0,715,0
3107,32630619,50,40223353,50,1083,290,0,1377,0
9277,34432514,50,34180613,50,943,282,0,959,0
4381,36612307,50,34889417,50,1073,284,0,936,0
1934,24988431,50,33669851,50,1190,304,0,875,0
2405,30815911,50,38302220,50,839,306,0,957,0
7411,29571478,50,38847563,50,998,328,0,648,0
3061,37089307,50,36900686,50,641,369,0,1369,0
13961,30646918,50,33451859,50,631,266,0,684,0
14739,38671666,50,38998320,50,958,298,0,1091,0
12422,30368608,50,39387500,50,720,369,0,875,0
1387,36031721,50,34319271,50,726,329,0,901,0
49286,28890434,50,34957231,50,805,264,0,736,0
761,38144000,50,36685185,50,1515,316,0,878,0
9148,29171325,50,36811135,50,961,259,0,1005,0
16876,34538787,50,31457665,50,958,273,0,808,0
48605,35182245,50,34914916,50,1077,355,0,860,0
13439,30282623,50,36416878,50,1113,289,0,751,0
7188,38443327,50,31410691,50,1153,263,0,1024,0
61711,39468913,50,43618881,50,1306,382,0,900,0
19365,27559471,50,42622010,50,832,358,0,742,0
15995,34150018,50,30676584,50,578,227,0,775,0
9045,34593579,50,45756988,50,1218,357,0,846,0
1712,33731083,50,37971914,50,962,322,0,1099,0
6174,30838549,50,32253373,50,1043,256,0,902,0
2424,35015925,50,35660337,50,1074,284,0,712,0
8134,27579830,50,35614375,50,785,231,0,800,0
17704,36856253,50,47785787,50,1100,487,0,1118,0
4538,25223277,50,37245379,50,935,370,0,569,0
1848,25260947,50,35115888,50,927,275,0,504,0
12636,31617131,50,41494562,50,787,360,0,1062,0
1568,33105206,50,36653200,50,1277,333,0,1314,0
31711,33101740,50,41004803,50,917,345,0,1009,0
5094,24176565,50,37179650,50,687,265,0,1431,0
2286,28481324,50,38501647,50,798,364,0,896,0
2778,30640589,50,32623171,50,1066,337,0,1217,0
8765,36544081,50,42542678,50,936,323,0,1071,0
1088,26595452,50,35155549,50,716,310,0,714,0
2001,38250012,50,32739167,50,1047,253,0,1350,0
993,32550205,50,30784038,50,961,345,0,897,0
48598,35392869,50,37477291,50,1013,351,0,915,0
9348,32923297,50,32789196,50,917,249,0,1245,0
13000,30420988,50,30608200,50,887,269,0,638,0
1966,25081142,50,36648487,50,734,271,0,713,0
166613,36497332,50,44999970,50,984,419,0,1241,0
20208,26678933,50,45524871,50,867,330,0,1194,0
8325,30347147,50,30837692,50,691,232,0,995,0
1051,41087842,50,31914495,50,701,301,0,1169,0
16844,29225662,50,34001303,50,531,274,0,704,0
39953,27067189,50,43615413,50,1010,352,0,948,0
33224,43656056,50,28659341,50,1466,254,0,988,0
3789,41215507,50,28045080,50,977,256,0,1061,0
4935,29389082,50,30364618,50,474,260,0,594,0
3961,39974521,50,38306188,50,1213,349,0,1053,0
1713,33540644,50,27365436,50,789,278,0,747,0
4637,29703415,50,35274911,50,693,336,0,648,0
930,44093831,50,28278477,50,830,271,0,1263,0
13676,33464124,50,38779544,50,1448,286,0,832,0
2966,24453877,50,37074256,50,1004,279,0,865,0
8392,28203130,50,41108986,50,726,283,0,771,0
5600,29923889,50,32692980,50,543,300,0,1441,0
1644,40677671,50,31264560,50,1056,230,0,997,0
19947,38589596,50,36609477,50,587,282,0,987,0
4097,33546775,50,30644958,50,725,245,0,857,0
1430,31642331,50,29839768,50,1070,306,0,1417,0
9612,34507851,50,45738401,50,695,453,0,892,0
1906,34161620,50,31247312,50,697,309,0,729,0
17266,35957316,50,41170618,50,894,287,0,1149,0
34071,38953811,50,37207632,50,1461,308,0,1068,0
3285,28548301,50,26861637,50,940,252,0,1056,0
13786,46577668,50,34141829,50,666,297,0,1038,0
81302,30967368,50,43729313,50,1190,272,0,1133,0
1280,34856863,50,37812864,50,955,270,0,981,0
5107,44230884,50,36860624,50,894,324,0,1076,0
1622,32283859,50,36616580,50,1101,327,0,1313,0
5334,32689608,50,31339612,50,1179,339,0,916,0
41263,27401573,50,38451542,50,736,329,0,542,0
9466,23731544,50,35941797,50,982,332,0,785,0
22565,35441808,50,34985200,50,688,351,0,718,0
2040,32764957,50,32396183,50,1280,314,0,835,0
6912,33095331,50,32945052,50,705,244,0,1045,0
2895,35621506,50,22495662,50,564,205,0,644,0
7501,32954393,50,35588690,50,1507,412,0,794,0
1395,30691651,50,38622211,50,827,391,0,807,0
16508,38055491,50,32697745,50,909,321,0,1110,0
3808,33444938,50,32866149,50,1057,279,0,886,0
1267,30608342,50,34162025,50,881,292,0,1261,0
9430,27036010,50,39581154,50,698,332,0,743,0
1516,35791081,50,39728108,50,1324,402,0,649,0
3739,30221054,50,42634837,50,1128,322,0,648,0
3989,37328962,50,31085460,50,650,229,0,1159,0
20082,40954846,50,37095687,50,1316,274,0,1590,0
5842,27466666,50,31357154,50,791,190,0,827,0
13379,39716866,50,36963587,50,1451,271,0,841,0
5808,42002337,50,35149010,50,898,278,0,869,0
3307,30798737,50,35856162,50,982,261,0,1266,0
17119,34682937,50,33498163,50,797,312,0,680,0
10232,30141319,50,37502966,50,606,317,0,873,0
6204,47461320,50,48570656,50,1191,420,0,1152,0
7502,34363933,50,30863858,50,751,270,0,1181,0
14279,40918811,50,44545688,50,1445,370,0,1246,0
6326,23499917,50,34141596,50,1116,220,0,610,0
10275,27416428,50,32930115,50,880,311,0,760,0
2203,27755702,50,34458625,50,631,295,0,653,0
1407,22679418,50,40001932,50,1127,292,0,687,0
4257,30114049,50,39992170,50,843,352,0,863,0
31301,40284672,50,38841149,50,795,361,0,769,0
8704,30703100,50,31185060,50,516,264,0,780,0
2945,32359826,50,44433843,50,1098,380,0,878,0
46046,37471650,50,30606276,50,507,334,0,1044,0
31412,41031221,50,35419335,50,878,374,0,939,0
1612,32722544,50,34394397,50,1344,316,0,559,0
2701,31865093,50,30224072,50,741,289,0,1088,0
33695,25660256,50,39796885,50,1111,333,0,1028,0
5531,30942849,50,35949628,50,707,478,0,787,0
5118,23967833,50,32095608,50,747,322,0,1020,0
3779,25313122,50,28443441,50,933,257,0,663,0
32547,31274832,50,42373391,50,1162,360,0,1180,0
35116,32145993,50,40931824,50,896,338,0,804,0
3382,28648065,50,29989971,50,888,248,0,980,0
13859,37117105,50,42288800,50,704,412,0,1124,0
5079,30926237,50,37564880,50,977,252,0,678,0
10232,33627738,50,36800765,50,892,296,0,762,0
8617,20345251,50,34381797,50,1059,235,0,637,0
4223,28953268,50,39632816,50,656,356,0,1616,0
18373,28329916,50,35621927,50,1405,222,0,697,0
6463,29337400,50,28387429,50,667,233,0,1475,0
2234,30749059,50,30683947,50,562,277,0,1121,0
1870,29053127,50,29135203,50,789,233,0,884,0
6948,28135596,50,29273438,50,921,251,0,1230,0
8763,28321885,50,37989157,50,973,235,0,1019,0
4058,27049482,50,33656509,50,750,271,0,679,0
30966,34208536,50,47003749,50,912,429,0,1156,0
2798,40784509,50,35569068,50,790,289,0,900,0
2181,27694629,50,36293964,50,870,289,0,658,0
764,35150943,50,38235297,50,1427,262,0,745,0
13246,24066034,50,29161691,50,1040,297,0,658,0
2047,34957077,50,34259334,50,877,394,0,1416,0
30221,33191216,50,39309197,50,715,301,0,1058,0
2594,24043830,50,33325601,50,971,241,0,962,0
3262,30918818,50,37304870,50,858,355,0,797,0
2771,33390263,50,33294433,50,792,288,0,858,0
4765,28665327,50,29080035,50,751,215,0,583,0
20561,30412560,50,36808238,50,1092,280,0,821,0
5172,38658309,50,35215644,50,676,290,0,1091,0
3094,25812340,50,39720081,50,802,285,0,1373,0
889,31262324,50,34118758,50,649,326,0,640,0
19895,28553604,50,33376587,50,1094,253,0,731,0
16394,37082901,50,42389525,50,735,312,0,795,0
2203,35589846,50,30701763,50,523,242,0,1167,0
4613,21975632,50,43732796,50,1217,335,0,696,0
4886,30700416,50,35262404,50,834,261,0,1290,0
7650,35084580,50,36934839,50,1173,354,0,915,0
1538,32022264,50,37724466,50,572,283,0,882,0
3991,34264730,50,39590405,50,1069,365,0,1127,0
3441,36651765,50,31134477,50,716,323,0,1019,0
4954,36169449,50,34467904,50,1046,276,0,793,0
1426,39448296,50,30613476,50,550,312,0,1070,0
8819,36290556,50,37087059,50,1015,398,0,902,0
3980,29596591,50,35741423,50,896,271,0,1059,0
998,29281873,50,26756136,50,609,244,0,924,0
9760,29801939,50,41194724,50,1133,412,0,845,0
6631,33586598,50,40093706,50,1144,355,0,1254,0
33339,31304480,50,39638450,50,904,334,0,1003,0
2955,28502589,50,35890497,50,776,307,0,741,0
3737,43388164,50,38963955,50,1277,303,0,1192,0
1933,32898477,50,37799095,50,794,414,0,673,0
9970,31585725,50,43137117,50,1109,448,0,1132,0
1873,35989321,50,32773731,50,978,272,0,935,0
30284,30942562,50,32036218,50,916,243,0,969,0
10968,29782807,50,35477614,50,948,344,0,670,0
6622,32833621,50,29694195,50,906,266,0,888,0
7870,27483634,50,35630329,50,698,362,0,909,0
2920,23687628,50,40319258,50,662,324,0,1047,0
4393,40169987,50,32199454,50,800,320,0,1025,0
38813,28214405,50,45630109,50,721,348,0,646,0
21477,36597585,50,35943865,50,863,357,0,1048,0
2742,33024696,50,33914658,50,556,339,0,1075,0
52369,37699048,50,35286594,50,1051,310,0,1220,0
6041,33182389,50,30238656,50,888,258,0,1243,0
32632,32690798,50,40479756,50,1171,380,0,680,0
20311,38402568,50,31283645,50,731,258,0,672,0
2183,30827408,50,33683587,50,698,315,0,627,0
15016,32991370,50,37795352,50,747,255,0,1046,0
15401,27430823,50,38855016,50,1126,321,0,897,0
9072,36763880,50,43321929,50,1087,352,0,1147,0
8551,28841377,50,31168226,50,1229,289,0,680,0
18219,24225617,50,42719365,50,1231,321,0,499,0
13960,32820210,50,22634381,50,774,156,0,716,0
1896,38230328,50,37780271,50,1303,413,0,1114,0
7856,33549801,50,29271530,50,835,337,0,929,0
20829,24435672,50,47011207,50,1421,399,0,558,0
3760,32362316,50,33837219,50,627,327,0,667,0
13313,25585956,50,31602793,50,559,223,0,760,0
6755,34486117,50,29079361,50,975,268,0,909,0
641,35382221,50,39886493,50,1100,306,0,830,0
2079,37000461,50,28105084,50,1003,258,0,784,0
8167,32786532,50,29472939,50,1378,205,0,950,0
5992,25014638,50,35103938,50,895,266,0,1177,0
2215,28879870,50,32434113,50,1016,280,0,1333,0
7770,37360397,50,33385755,50,807,291,0,861,0
15816,38657385,50,34132496,50,755,360,0,911,0
7871,36182974,50,35224220,50,1145,252,0,778,0
7157,37080930,50,34173530,50,1455,325,0,978,0
17339,42207477,50,45614093,50,784,288,0,1343,0
16139,34129031,50,26791290,50,950,263,0,726,0
20120,30236916,50,25630027,50,723,202,0,1042,0
2197,32945990,50,32550943,50,1049,282,0,607,0
11742,29474609,50,33242819,50,776,302,0,555,0
1420,38643602,50,43293486,50,1243,339,0,1404,0
2375,39912184,50,43308941,50,1166,373,0,1019,0
7860,29131273,50,34868264,50,1033,369,0,698,0
21969,25962287,50,42340591,50,893,372,0,706,0
14014,32963403,50,34329930,50,1097,299,0,1075,0
2898,30040174,50,34965411,50,535,259,0,826,0
1347,30809521,50,37340425,50,700,357,0,817,0
11457,31871906,50,38334067,50,923,318,0,826,0
11442,22774236,50,34320011,50,1553,258,0,1580,0
31741,38780594,50,44170312,50,725,372,0,718,0
26059,30034335,50,42950493,50,1199,406,0,698,0
5133,37067802,50,32300329,50,1079,323,0,734,0
2982,29926366,50,33894103,50,638,402,0,680,0
2638,47977219,50,39732953,50,954,400,0,1011,0
2026,30478501,50,36623993,50,909,324,0,597,0
2285,34276641,50,28740902,50,650,292,0,861,0
39252,36647161,50,50093817,50,1261,415,0,819,0
1036,27813528,50,30693352,50,732,218,0,615,0
1642,27875121,50,31449127,50,896,290,0,827,0
16195,39979438,50,26376351,50,541,257,0,1125,0
7008,37872380,50,35625306,50,1203,296,0,769,0
27569,34207518,50,38310820,50,1482,356,0,1084,0
4798,27658657,50,37963068,50,857,364,0,966,0
635,41133168,50,38522508,50,1196,353,0,1252,0
3886,28575647,50,29656541,50,1125,249,0,1499,0
2312,33926981,50,32912792,50,985,231,0,969,0
7532,28966665,50,33214334,50,1196,262,0,846,0
4985,35044344,50,31763757,50,1566,324,0,1003,0
2354,31085962,50,35799385,50,913,220,0,842,0
16577,27883309,50,39425213,50,790,413,0,932,0
32744,32105874,50,42337760,50,831,388,0,720,0
6042,27335829,50,34389922,50,1187,302,0,620,0
5574,32448470,50,43941501,50,710,341,0,771,0
13575,30280905,50,32913246,50,1129,294,0,825,0
6148,27879563,50,31729509,50,815,244,0,984,0
1033,27957746,50,29408047,50,997,306,0,747,0
16741,28764649,50,47000429,50,780,398,0,691,0
16919,30914003,50,34614479,50,736,308,0,952,0
1493,39388667,50,32130616,50,919,357,0,1418,0
37243,36580791,50,31608045,50,822,254,0,790,0
3164,28929061,50,38499225,50,729,315,0,1077,0
1320,26769070,50,32957496,50,685,244,0,735,0
1683,35210071,50,32775705,50,563,295,0,874,0
7114,33219880,50,27570686,50,944,243,0,746,0
10317,23286363,50,37386699,50,805,472,0,596,0
6006,28680841,50,29498537,50,928,206,0,1043,0
24405,30855414,50,41883010,50,1006,263,0,1043,0
7107,27352840,50,27846654,50,811,209,0,746,0
3429,34551113,50,38573322,50,687,283,0,969,0
4022,30003758,50,46369843,50,997,292,0,722,0
13447,26670591,50,37778251,50,742,344,0,1103,0
2592,32949036,50,39779989,50,1473,251,0,1133,0
3177,29976178,50,40648724,50,1059,294,0,751,0
3792,33536236,50,41864810,50,1163,322,0,888,0
6390,32500093,50,27001845,50,569,230,0,661,0
26361,35923373,50,38377099,50,536,450,0,1109,0
52479,34299496,50,27688832,50,1214,257,0,1040,0
2745,33064188,50,37326252,50,909,243,0,729,0
4019,27726205,50,34680322,50,964,301,0,716,0
10447,35422995,50,28914736,50,542,277,0,1137,0
2454,36048308,50,42006377,50,592,336,0,882,0
16757,36736622,50,48675996,50,1147,346,0,798,0
22522,26110866,50,25731664,50,692,214,0,855,0
10613,36848989,50,40431890,50,896,393,0,1067,0
1070,40389090,50,45154631,50,1034,380,0,870,0
4962,27151186,50,41692788,50,979,278,0,903,0
3866,26412940,50,29185638,50,538,223,0,725,0
1907,36477902,50,35396261,50,1200,307,0,795,0
20095,32238868,50,36447125,50,633,382,0,1075,0
5986,41259646,50,37640194,50,1552,306,0,863,0
1000,39476923,50,41890861,50,916,409,0,754,0
8665,33569379,50,29873676,50,879,203,0,840,0
73325,36768460,50,36813148,50,1112,342,0,905,0
3550,35276202,50,41716785,50,1252,437,0,1033,0
5326,33761358,50,29717441,50,738,289,0,817,0
5470,30000429,50,33536778,50,1475,292,0,642,0
4849,31138543,50,28439372,50,732,223,0,803,0
12982,39359695,50,39846799,50,847,359,0,1070,0
4204,30257469,50,44030697,50,1303,439,0,937,0
42212,36385287,50,35185716,50,691,291,0,763,0
1233,27066281,50,37535214,50,1115,339,0,1301,0
11079,33708327,50,46536114,50,1155,410,0,658,0
4250,41800744,50,35841035,50,858,275,0,1149,0
5654,32346631,50,31944483,50,1014,308,0,804,0
2693,26556454,50,37308816,50,1161,330,0,626,0
23185,31394482,50,40472996,50,884,335,0,763,0
7980,32641684,50,33886564,50,926,289,0,1199,0
29459,36673593,50,39304118,50,685,322,0,1285,0
1747,33138063,50,31264195,50,811,226,0,863,0
63029,30138194,50,34316112,50,755,238,0,1203,0
993,38130430,50,37520671,50,1047,328,0,1071,0
1960,32203366,50,25627224,50,572,222,0,1444,0
5604,32355896,50,26912712,50,1172,249,0,814,0
3858,25858279,50,34825719,50,806,250,0,831,0
31765,36495060,50,39123814,50,1325,255,0,840,0
13218,41655960,50,39578198,50,1039,308,0,1099,0
1885,26516692,50,25059433,50,588,216,0,868,0
14509,25852210,50,31089772,50,1117,307,0,599,0
3927,30910704,50,35839495,50,1181,272,0,998,0
25887,40560346,50,34569052,50,977,280,0,1429,0
8198,39334286,50,40706587,50,1160,389,0,1285,0
8114,28815693,50,41556623,50,927,312,0,786,0
10560,31471187,50,45559350,50,651,356,0,682,0
4138,34531420,50,31435280,50,797,297,0,1137,0
70362,32818605,50,41228690,50,931,286,0,924,0
1975,37203161,50,52405571,50,1231,478,0,633,0
740,23728384,50,33978557,50,482,295,0,813,0
16709,24935399,50,36433999,50,1248,222,0,486,0
4397,32347521,50,36918099,50,699,275,0,628,0
11685,30301285,50,37959287,50,751,371,0,809,0
5848,41415611,50,26618562,50,707,233,0,840,0
5196,28780158,50,43457872,50,1044,332,0,1498,0
2462,26006709,50,41789568,50,908,338,0,524,0
2910,31434638,50,36400647,50,969,326,0,859,0
921,32199033,50,35601567,50,518,300,0,1057,0
43262,33890430,50,28474991,50,634,209,0,1326,0
19342,38379311,50,26949770,50,1075,262,0,922,0
1715,28708129,50,31039941,50,1136,249,0,1837,0
45816,32986913,50,39240469,50,1122,354,0,641,0
41491,26062079,50,33821893,50,610,297,0,768,0
12040,20093031,50,28837438,50,649,300,0,781,0
40763,44412392,50,38480872,50,970,416,0,927,0
3635,29945994,50,32960519,50,704,265,0,694,0
9869,34758314,50,44965530,50,1630,296,0,773,0
8284,28245555,50,34074704,50,799,274,0,920,0
3267,31900496,50,33553647,50,1043,290,0,1335,0
5056,27131694,50,30970655,50,1015,234,0,780,0
24929,32278284,50,33670434,50,858,267,0,1251,0
16421,37070841,50,33892233,50,911,283,0,1206,0
24902,36018048,50,34770277,50,1161,327,0,1068,0
1415,22860738,50,42373313,50,866,369,0,607,0
6849,39946923,50,43973934,50,1024,378,0,863,0
1576,36404755,50,33076818,50,1169,285,0,902,0
20364,39468860,50,33528164,50,1189,301,0,996,0
1935,26558974,50,31442049,50,706,258,0,894,0
14738,36686175,50,38353476,50,1120,326,0,702,0
3812,35474339,50,36977057,50,1060,297,0,1019,0
1179,39724144,50,35856444,50,873,279,0,1062,0
6749,37405004,50,31525229,50,598,252,0,1257,0
1301,34256001,50,32924063,50,1110,331,0,933,0
1115,28501620,50,25418451,50,717,239,0,872,0
2877,38528777,50,37342662,50,1408,345,0,1110,0
5150,33087258,50,35730483,50,775,239,0,1425,0
3878,33427057,50,33551829,50,538,283,0,880,0
1583,32066379,50,32428974,50,1485,328,0,836,0
5289,37521067,50,41475341,50,928,368,0,1061,0
11086,28371848,50,35083565,50,712,238,0,1419,0
5231,34948225,50,38342062,50,632,288,0,765,0
16335,27797882,50,38337127,50,1137,312,0,655,0
2941,32259127,50,32709133,50,1251,264,0,1179,0
5346,31833248,50,32462049,50,1137,246,0,823,0
1827,35209912,50,37043380,50,1190,305,0,936,0
1046,36612574,50,33008994,50,974,266,0,1283,0
4628,32832412,50,35286258,50,913,241,0,1305,0
10411,37117132,50,36242090,50,1187,386,0,891,0
3947,36185095,50,30493450,50,1009,337,0,791,0
2642,28151450,50,37774703,50,1026,325,0,799,0
1268,27118391,50,32996501,50,906,246,0,731,0
17076,26405850,50,36623579,50,718,298,0,1567,0
63043,29822546,50,32880550,50,632,293,0,777,0
18988,27676813,50,31551643,50,720,333,0,711,0
3021,26885495,50,43073744,50,981,319,0,736,0
12080,34300919,50,30917782,50,718,306,0,598,0
20492,31529169,50,35048128,50,515,235,0,570,0
15560,30115904,50,40981862,50,782,321,0,851,0
13598,32745900,50,43672126,50,811,363,0,994,0
5113,28129795,50,36603181,50,1124,321,0,688,0
28181,24203982,50,32562140,50,1141,235,0,1117,0
3165,30774190,50,44459317,50,703,399,0,1043,0
2128,28130100,50,31927518,50,604,331,0,853,0
2376,33983293,50,24197882,50,770,200,0,1177,0
752,28664416,50,35487238,50,1009,389,0,1054,0
6038,41300939,50,39166431,50,1102,335,0,858,0
1163,29143383,50,36522517,50,829,346,0,853,0
34713,24738452,50,37015005,50,627,265,0,1065,0
1915,40506524,50,35986711,50,1398,280,0,1172,0
3099,47004260,50,43127913,50,900,378,0,1531,0
14043,31261997,50,28593890,50,443,240,0,872,0
57040,32475306,50,44134319,50,1235,369,0,732,0
18530,28248407,50,32945530,50,708,282,0,767,0
3717,31822633,50,40210858,50,1060,307,0,949,0
3394,28841428,50,26089448,50,542,296,0,691,0
2156,29273453,50,32511154,50,859,257,0,873,0
19857,31899093,50,42248732,50,1095,308,0,1008,0
6701,32432829,50,28734545,50,1023,246,0,1251,0
1462,31241124,50,32726494,50,852,336,0,1523,0
1891,30897249,50,32487008,50,860,244,0,962,0
23466,41649109,50,33064723,50,1169,260,0,1489,0
22193,31099100,50,32337553,50,801,298,0,922,0
1117,28215829,50,33208664,50,949,242,0,950,0
17458,38242725,50,43332691,50,918,365,0,1128,0
9682,38982992,50,37401355,50,1264,296,0,796,0
2413,38150534,50,28037453,50,603,245,0,929,0
7513,31304838,50,36614526,50,1138,273,0,815,0
11426,27551628,50,28143467,50,1164,243,0,1080,0
1431,34427642,50,42188433,50,1396,353,0,1284,0
15683,28919716,50,33203225,50,666,203,0,1308,0
1102,29150385,50,39941711,50,638,389,0,874,0
6295,27945358,50,38979642,50,1040,284,0,979,0
14828,33679540,50,36892931,50,1194,284,0,2117,0
4511,29912000,50,34708672,50,917,298,0,564,0
25007,32061041,50,34851063,50,1089,245,0,1069,0
2745,37400510,50,27098143,50,815,319,0,1180,0
14759,28714026,50,38704180,50,1156,386,0,941,0
11112,28273875,50,47163885,50,1532,463,0,743,0
10592,35214365,50,26950354,50,534,254,0,764,0
1943,32728314,50,32315456,50,1105,317,0,852,0
7840,24967572,50,45480326,50,1011,330,0,719,0
22867,29300353,50,35662595,50,1020,386,0,777,0
4750,28975407,50,44512297,50,763,340,0,666,0
1162,28262720,50,31889328,50,1148,248,0,915,0
2442,24384678,50,25021227,50,976,198,0,657,0
4577,40822063,50,36473188,50,950,345,0,750,0
32176,35257358,50,37674446,50,973,234,0,1238,0
3625,41596923,50,32184630,50,1165,333,0,673,0
22298,28420297,50,40972769,50,1249,275,0,1255,0
6377,32667238,50,36235266,50,1098,209,0,700,0
3203,37693986,50,32981292,50,936,250,0,1038,0
4973,36173591,50,44297609,50,755,337,0,811,0
1880,35686698,50,36237736,50,687,341,0,898,0
3504,32406076,50,39308354,50,975,271,0,913,0
1210,32130326,50,34470243,50,621,230,0,1268,0
15698,30421139,50,36917348,50,698,307,0,933,0
16717,29879309,50,31819848,50,593,282,0,1118,0
12429,31650955,50,41664432,50,1450,268,0,687,0
1199,37060102,50,32503569,50,1166,262,0,1001,0
6706,39932409,50,33776713,50,929,323,0,1196,0
5849,28356561,50,35105774,50,629,323,0,729,0
21054,35420803,50,36536572,50,743,341,0,701,0
45153,43684892,50,36371020,50,922,355,0,1269,0
1707,38316630,50,44637041,50,1162,317,0,1491,0
2958,28982271,50,37154372,50,745,267,0,875,0
1967,28921116,50,47721677,50,1104,394,0,801,0
1990,43938195,50,31881115,50,652,310,0,1049,0
6248,26096398,50,42519317,50,725,290,0,1197,0
1611,28781198,50,34692036,50,888,264,0,1047,0
22318,27348159,50,45318734,50,1043,411,0,947,0
1751,29101011,50,35036731,50,1020,353,0,1145,0
8233,30635982,50,35002871,50,820,250,0,742,0
26184,27224044,50,43821878,50,738,300,0,680,0
2655,23304306,50,31518744,50,783,195,0,576,0
19717,43259181,50,38919103,50,940,350,0,1147,0
3841,31467123,50,34573170,50,725,276,0,691,0
990,31969211,50,31874276,50,554,336,0,988,0
28419,31626050,50,42682279,50,1351,347,0,893,0
46998,36495566,50,35401186,50,640,338,0,644,0
17864,38009488,50,32322858,50,1008,309,0,997,0
77215,30313548,50,43815972,50,689,485,0,641,0
801,30838694,50,37827893,50,779,294,0,1038,0
7657,25153189,50,40389279,50,838,324,0,567,0
13747,26458860,50,42192147,50,1199,354,0,908,0
3613,37380579,50,40510045,50,1203,377,0,743,0
7747,35024465,50,30433350,50,988,272,0,1024,0
2224,36365143,50,26287682,50,1203,214,0,1310,0
1821,36802521,50,28005784,50,1189,263,0,820,0
1934,30896454,50,40379428,50,988,338,0,579,0
6169,37039894,50,36041044,50,579,323,0,769,0
3890,36746433,50,40875937,50,621,342,0,1132,0
20038,33536911,50,29522180,50,1132,269,0,788,0
59651,33613638,50,33348013,50,1300,327,0,877,0
9680,37387544,50,34919375,50,1128,297,0,753,0
3262,32341006,50,30701303,50,1390,344,0,1273,0
10271,31232272,50,39349177,50,901,293,0,1366,0
8992,35260109,50,30899803,50,680,323,0,628,0
3838,32463330,50,37175033,50,776,275,0,775,0
11235,35004773,50,34754133,50,1069,312,0,615,0
956,36430802,50,36598880,50,848,371,0,1326,0
25318,27671789,50,41186997,50,1026,244,0,606,0
7866,32443924,50,48772795,50,1242,377,0,1465,0
35043,31221186,50,37007793,50,932,312,0,1415,0
2380,26472469,50,38793342,50,817,293,0,695,0
2938,27680568,50,35892957,50,918,280,0,892,0
7275,38196476,50,37987069,50,781,401,0,650,0
2845,32244182,50,38799983,50,986,323,0,627,0
1113,33717073,50,29745248,50,769,272,0,814,0
521,29568360,50,31295663,50,888,289,0,740,0
30109,26345667,50,32039285,50,575,277,0,712,0
1801,37794853,50,38636964,50,1545,332,0,1584,0
6387,37774170,50,30296176,50,547,341,0,1226,0
1618,27452387,50,33443299,50,737,285,0,894,0
961,31163391,50,38693871,50,1349,328,0,809,0
1563,38241974,50,41482168,50,1393,397,0,780,0
4065,30112208,50,29045792,50,1006,238,0,1521,0
63853,32277486,50,35539384,50,914,229,0,1355,0
10912,32219888,50,29280227,50,709,299,0,1056,0
60500,23988683,50,37296802,50,801,356,0,770,0
26419,36437389,50,30544323,50,597,264,0,946,0
3981,36325118,50,34321504,50,595,293,0,1180,0
3247,34538185,50,35687833,50,895,369,0,913,0
6047,28225983,50,38944627,50,1341,329,0,717,0
44636,27888684,50,31654144,50,1370,264,0,1086,0
1190,31402046,50,34610993,50,799,271,0,643,0
5694,30212853,50,36391225,50,787,210,0,1254,0
970,24775011,50,40460201,50,912,314,0,559,0
44244,26712233,50,35059269,50,648,280,0,795,0
25168,37007098,50,36289902,50,836,301,0,840,0
30599,39302207,50,28429323,50,810,253,0,986,0
23710,34124829,50,39232591,50,1116,252,0,1277,0
61512,46086175,50,36776287,50,1281,305,0,1300,0
3592,32271372,50,42310920,50,793,355,0,1193,0
4482,31568626,50,37121547,50,985,328,0,635,0
9214,32329388,50,41452817,50,1173,354,0,766,0
3326,36019025,50,29684569,50,1060,221,0,927,0
1102,33313346,50,32279326,50,918,229,0,1316,0
2776,32233728,50,31144505,50,1013,323,0,981,0
1773,37030644,50,32851036,50,901,326,0,751,0
1510,29212149,50,33283030,50,712,353,0,606,0
21087,29008150,50,37525651,50,1184,344,0,517,0
5471,51472338,50,48870786,50,1052,364,0,1085,0
15562,37574020,50,28808557,50,862,272,0,915,0
6473,34011574,50,35369941,50,1219,363,0,903,0
9276,33238106,50,33083713,50,949,359,0,997,0
9610,36124041,50,37563953,50,576,362,0,1289,0
3315,32446689,50,39655628,50,1140,285,0,648,0
1575,31930448,50,39643178,50,593,290,0,943,0
881,37379534,50,34613761,50,962,306,0,1049,0
1941,36804954,50,28549815,50,1030,278,0,860,0
1631,40522142,50,31761506,50,518,312,0,1158,0
4183,28502358,50,36914004,50,1267,251,0,993,0
15099,33832304,50,43632958,50,995,321,0,1016,0
7004,30254861,50,24986238,50,863,239,0,1353,0
4807,36914658,50,33060442,50,1001,291,0,712,0
7416,35896932,50,38111180,50,744,342,0,1077,0
2829,46724549,50,31132193,50,1338,302,0,953,0
2382,29073816,50,36563946,50,722,218,0,649,0
15675,32471819,50,35120934,50,726,251,0,1608,0
2726,38398696,50,36606710,50,1053,397,0,1232,0
41274,34740994,50,32843012,50,1241,341,0,713,0
3413,31643331,50,43078608,50,1270,430,0,923,0
6069,28528701,50,47503734,50,1098,296,0,900,0
4775,28816728,50,42965964,50,639,348,0,900,0
8337,25644060,50,34992421,50,603,271,0,720,0
17939,35650233,50,33456406,50,1184,212,0,963,0
20502,32527661,50,42256536,50,968,351,0,900,0
2073,37687474,50,28725194,50,856,295,0,994,0
2471,35659464,50,37787502,50,707,353,0,1176,0
12917,27341312,50,32178265,50,1022,262,0,1100,0
19218,34553727,50,34655466,50,1001,314,0,1058,0
2933,30562597,50,36682567,50,1036,326,0,844,0
2388,31013364,50,32149560,50,888,268,0,767,0
3455,29672245,50,32273884,50,841,270,0,1405,0
24514,29039867,50,30450044,50,879,181,0,1472,0
3996,30384399,50,37207943,50,874,257,0,703,0
1010,31598161,50,28142656,50,830,228,0,1096,0
15743,27831040,50,27176069,50,865,197,0,967,0
1722,37524493,50,30397844,50,999,263,0,876,0
1799,28827292,50,36630583,50,1054,315,0,1009,0
3247,24088920,50,39518905,50,1288,330,0,894,0
2284,22989361,50,29903034,50,854,328,0,618,0
7448,32034513,50,41511935,50,977,333,0,833,0
31315,32009083,50,35480208,50,775,287,0,857,0
2590,29222483,50,33717277,50,903,223,0,726,0
26613,28781592,50,44325833,50,1321,363,0,734,0
1916,35585204,50,32226558,50,554,271,0,1034,0
5142,31352917,50,34647680,50,798,279,0,1269,0
10876,31296896,50,30877889,50,1064,298,0,786,0
1676,33446405,50,34961102,50,1018,294,0,759,0
3234,31883896,50,37011908,50,560,278,0,690,0
39124,38564928,50,34956029,50,748,372,0,1097,0
5675,33697982,50,29695459,50,972,321,0,1178,0
1492,35672646,50,40791088,50,705,340,0,675,0
15177,29027427,50,31883002,50,851,317,0,1176,0
13473,30647727,50,37704648,50,1031,337,0,1000,0
3854,32562503,50,30837252,50,711,304,0,622,0
3409,37234740,50,29772119,50,863,251,0,1179,0
6137,31129786,50,40255033,50,866,355,0,946,0
3759,36127205,50,33546894,50,858,299,0,918,0
964,27981736,50,31172082,50,1445,252,0,913,0
14064,29290667,50,32649646,50,864,240,0,578,0
1806,33006899,50,39463878,50,785,415,0,711,0
10617,35238988,50,37826036,50,1159,346,0,525,0
3157,27481234,50,30637031,50,1167,232,0,641,0
11846,31699366,50,31113794,50,1037,295,0,1131,0
4756,38543099,50,40770289,50,1138,519,0,1156,0
24096,28182997,50,36437457,50,1147,389,0,627,0
6813,26593353,50,31593444,50,966,215,0,645,0
1775,36668391,50,28382754,50,712,246,0,670,0
24849,36281112,50,34307786,50,678,268,0,1065,0
2656,34197382,50,38576981,50,1055,340,0,1507,0
9043,34535226,50,34812623,50,821,382,0,1200,0
6887,36430679,50,27768310,50,1250,239,0,989,0
5695,35021129,50,37729052,50,955,335,0,780,0
5483,30441694,50,43772111,50,1162,377,0,967,0
77643,31544176,50,38221055,50,1106,305,0,663,0
2526,27315555,50,47333583,50,1662,478,0,515,0
4519,29037830,50,42629165,50,1169,365,0,710,0
4127,26759725,50,31068221,50,1105,331,0,1052,0
2201,26737650,50,34868524,50,987,279,0,466,0
9488,34469141,50,38070292,50,811,367,0,761,0
7376,35033023,50,38624745,50,924,350,0,1646,0
2663,35062009,50,41373585,50,1127,356,0,791,0
1942,40270106,50,41454024,50,1092,312,0,936,0
3675,29269740,50,34201156,50,860,356,0,838,0
1281,28859494,50,39709908,50,897,318,0,784,0
2376,36436497,50,42256218,50,764,370,0,1015,0
2282,27975242,50,34585594,50,529,238,0,701,0
1253,37743378,50,32731055,50,888,313,0,994,0
93717,23481777,50,37557216,50,936,281,0,673,0
1194,30374865,50,39326908,50,1067,311,0,1227,0
10892,26574144,50,39630777,50,1328,319,0,662,0
2282,29715626,50,27918862,50,664,289,0,588,0
2909,25635960,50,35891964,50,1382,298,0,963,0
26889,23874257,50,42374503,50,666,435,0,1089,0
1218,29436903,50,37913343,50,758,270,0,839,0
18494,36582313,50,34770218,50,1029,247,0,1048,0
2776,28630445,50,32749569,50,551,272,0,800,0
42586,29813244,50,42533134,50,962,436,0,762,0
7043,23577598,50,44306264,50,1145,376,0,1051,0
2433,30210693,50,41006120,50,973,336,0,1070,0
1705,25231987,50,37552903,50,810,291,0,570,0
3476,33900485,50,34399072,50,572,412,0,799,0
1825,30123512,50,31683480,50,941,272,0,758,0
16817,27439040,50,32606448,50,668,272,0,910,0
8734,31215583,50,45625246,50,1632,355,0,763,0
27120,22818463,50,42259854,50,953,345,0,878,0
2443,21283359,50,39058948,50,1104,238,0,584,0
7509,30940582,50,31703565,50,893,281,0,863,0
9880,31795950,50,31516733,50,591,263,0,576,0
32124,32444310,50,35270575,50,702,374,0,802,0
1910,39553191,50,36905573,50,934,413,0,899,0
3498,35232250,50,41603355,50,1062,377,0,920,0
2357,43994394,50,29247316,50,337,219,0,1242,0
11578,32668873,50,36850320,50,1247,362,0,824,0
2308,39574729,50,40174602,50,733,331,0,965,0
17649,34975139,50,42692595,50,1234,378,0,755,0
1746,35589073,50,40279167,50,1382,437,0,1051,0
31697,33628738,50,28302651,50,944,204,0,965,0
3642,35969267,50,42375236,50,1294,339,0,971,0
2315,32583842,50,34505495,50,1013,287,0,461,0
56056,36213171,50,40338329,50,679,366,0,922,0
17911,33009310,50,39346224,50,714,314,0,927,0
4336,31361799,50,30045908,50,861,277,0,854,0
2495,32272269,50,40709211,50,1528,365,0,792,0
15889,28991604,50,27152476,50,649,194,0,823,0
33531,35422511,50,42928833,50,991,301,0,823,0
1091,30565013,50,30432340,50,976,264,0,658,0
6631,35169991,50,41141112,50,988,424,0,1056,0
3132,21640223,50,32463967,50,1187,264,0,1075,0
2478,31894004,50,38249873,50,1221,272,0,1901,0
8448,37119315,50,33989604,50,1002,283,0,1078,0
8036,28357370,50,37327065,50,753,254,0,772,0
7105,36849290,50,37070041,50,1036,298,0,863,0
15476,36623665,50,32126108,50,988,313,0,982,0
2509,29537788,50,33886822,50,865,219,0,1081,0
1453,27781673,50,34364828,50,618,354,0,933,0
9537,34004972,50,38463939,50,941,359,0,1087,0
4315,21810504,50,43893565,50,1341,428,0,563,0
3332,33035755,50,34434538,50,1030,340,0,748,0
24238,29169503,50,35086702,50,824,268,0,947,0
6231,36981271,50,38458845,50,1018,296,0,702,0
2794,25803194,50,25731885,50,684,220,0,777,0
1538,29159627,50,36440910,50,998,293,0,1361,0
4432,26235575,50,43806191,50,964,446,0,1119,0
2376,29205792,50,40479379,50,741,293,0,863,0
80343,25805099,50,51807147,50,946,427,0,618,0
12759,29131705,50,36172958,50,1041,323,0,890,0
39099,39450695,50,38455753,50,1053,330,0,875,0
45262,30481781,50,35744582,50,668,294,0,770,0
2547,31569104,50,38118551,50,1145,302,0,831,0
6184,30861356,50,28819628,50,1107,274,0,684,0
14820,26884890,50,30569147,50,787,243,0,1615,0
5943,30589487,50,28881056,50,855,230,0,531,0
3578,35282089,50,36364710,50,1018,335,0,1513,0
904,31348714,50,27785317,50,1073,258,0,697,0
24439,26543168,50,41744137,50,1113,302,0,1020,0
657,31544743,50,27260441,50,770,224,0,856,0
4864,31629053,50,35982805,50,707,280,0,768,0
33973,40929378,50,38902250,50,1335,343,0,1093,0
4541,31867435,50,27134557,50,452,188,0,1119,0
8680,28538143,50,31623953,50,794,322,0,708,0
8813,29186058,50,36411490,50,562,303,0,620,0
43560,34244798,50,35162194,50,897,294,0,764,0
5832,27664662,50,27980192,50,1273,213,0,977,0
5053,34066082,50,31663661,50,1030,272,0,1312,0
3050,36341430,50,38190705,50,804,322,0,1040,0
12407,48029254,50,42827757,50,840,442,0,1159,0
21769,33336688,50,27328745,50,509,238,0,879,0
19993,23691575,50,33670345,50,966,278,0,768,0
2477,27340570,50,44648405,50,979,348,0,972,0
2813,37194940,50,36007372,50,792,309,0,795,0
19158,32576579,50,38795860,50,862,341,0,732,0
1846,27484402,50,32047404,50,1260,297,0,737,0
4649,36566400,50,38226516,50,925,338,0,1174,0
3036,24748571,50,24261574,50,648,272,0,959,0
20557,26722845,50,34421587,50,973,237,0,755,0
4139,35369067,50,37355450,50,1084,260,0,1213,0
32826,36203546,50,34956001,50,596,349,0,806,0
5084,28167003,50,39799083,50,819,303,0,610,0
3803,32788343,50,33246356,50,1137,308,0,598,0
31506,32607920,50,41414512,50,871,386,0,953,0
3061,30645220,50,41570239,50,1243,463,0,907,0
4530,30349075,50,33774077,50,820,263,0,1092,0
4074,27515953,50,31152160,50,796,298,0,693,0
2346,27182733,50,30761797,50,615,301,0,931,0
28191,32996442,50,32592034,50,709,310,0,936,0
2477,25173272,50,39060080,50,759,359,0,827,0
7240,35010092,50,38661831,50,1041,301,0,720,0
3457,38423000,50,35883703,50,1047,332,0,703,0
7530,31682630,50,35781188,50,907,450,0,963,0
1023,26623508,50,34518607,50,984,272,0,521,0
1257,32602960,50,31073115,50,618,249,0,1615,0
16475,26567427,50,32694159,50,864,280,0,772,0
5201,26967500,50,33066856,50,1205,279,0,738,0
84642,31606517,50,38332176,50,974,415,0,650,0
10234,28891478,50,31879981,50,856,221,0,829,0
3309,35708242,50,34260774,50,864,314,0,888,0
2708,34772064,50,25779318,50,662,196,0,653,0
18542,30945353,50,41375957,50,1052,393,0,1443,0
9597,23157705,50,30415489,50,787,187,0,1019,0
7543,46667575,50,38979385,50,1045,282,0,1145,0
1503,34966300,50,32773049,50,1217,282,0,1001,0
4403,27748849,50,29838872,50,587,255,0,700,0
40929,42705406,50,33867751,50,886,286,0,874,0
1977,36974937,50,39747847,50,955,389,0,885,0
4381,31389750,50,36294958,50,825,319,0,623,0
9947,37301109,50,37777760,50,832,300,0,1182,0
17485,38230943,50,32504161,50,887,343,0,982,0
6007,26779837,50,31712864,50,578,239,0,697,0
17663,36484368,50,38895195,50,646,423,0,1217,0
5954,28051283,50,27705954,50,501,220,0,733,0
1707,29237251,50,38948869,50,670,369,0,1120,0
10206,36681177,50,22645462,50,1171,273,0,914,0
13792,36215340,50,34894158,50,915,326,0,930,0
1140,23236049,50,27323474,50,481,202,0,629,0
3413,37886586,50,35614796,50,1038,256,0,662,0
2346,30503864,50,46778563,50,1426,376,0,924,0
54865,39833273,50,37848230,50,1015,288,0,948,0
2756,35163048,50,32152228,50,971,296,0,1184,0
7590,21525617,50,27207869,50,524,206,0,1018,0
6281,33139658,50,28226809,50,880,195,0,1388,0
3778,32163591,50,27326513,50,1111,247,0,956,0
10119,30909076,50,37212384,50,1410,319,0,1002,0
4417,30454126,50,31931619,50,1121,298,0,686,0
23340,33696532,50,29263356,50,449,199,0,1013,0
8874,27305359,50,31827758,50,696,293,0,623,0
6526,31916221,50,27252933,50,819,250,0,934,0
5871,37273595,50,46444359,50,1182,377,0,1533,0
10192,36735799,50,41473406,50,1022,359,0,1528,0
19860,32629658,50,37985707,50,996,310,0,931,0
3073,26879940,50,36113018,50,1129,372,0,886,0
28772,34880658,50,36968878,50,770,340,0,1041,0
10395,30808498,50,36722653,50,871,259,0,1362,0
996,35195442,50,29560952,50,1259,200,0,1148,0
1007,30987950,50,33127090,50,653,303,0,665,0
3122,30663575,50,42419262,50,831,378,0,655,0
3109,40504946,50,32027118,50,556,258,0,959,0
26708,38794047,50,33485779,50,1011,323,0,907,0
12410,38822825,50,38243163,50,995,373,0,962,0
24613,35524609,50,36514459,50,875,358,0,898,0
2060,37452682,50,38893458,50,783,384,0,1711,0
6173,31442012,50,33594235,50,1139,270,0,1004,0
17533,25441525,50,31418927,50,596,228,0,1022,0
1964,28238727,50,37980152,50,979,274,0,1752,0
2800,36223789,50,38075941,50,895,385,0,986,0
13427,43440822,50,34609888,50,706,315,0,1087,0
14472,39278678,50,35710867,50,903,356,0,1374,0
17279,21153224,50,40656444,50,858,271,0,792,0
11445,43277374,50,32814032,50,811,320,0,789,0
1248,31455730,50,36630482,50,626,221,0,1024,0
15871,29617696,50,38872872,50,1084,364,0,1087,0
6175,36586278,50,36494370,50,827,390,0,952,0
8080,29011765,50,35643090,50,904,314,0,1347,0
28229,32163135,50,38215710,50,1260,369,0,692,0
6180,23525763,50,35590376,50,917,228,0,1093,0
5101,33097023,50,39080855,50,1110,273,0,1305,0
6791,34215171,50,33169882,50,1142,349,0,1019,0
5208,47177919,50,34213684,50,845,319,0,1179,0
5296,34975853,50,35086377,50,881,327,0,724,0
921,37000523,50,45369483,50,632,441,0,901,0
2533,31229953,50,35376359,50,1323,277,0,860,0
8215,40555180,50,35137482,50,921,314,0,848,0
998,37490927,50,36862410,50,758,324,0,1260,0
7934,31413413,50,40127960,50,1124,436,0,832,0
2095,42517948,50,38814033,50,1143,403,0,1102,0
2188,41578953,50,38991853,50,735,368,0,1040,0
1451,35231235,50,35675288,50,868,255,0,1389,0
5125,26842256,50,35283979,50,733,276,0,693,0
9691,31468399,50,38712704,50,701,308,0,786,0
28687,36953692,50,39778244,50,834,311,0,885,0
7584,36468597,50,34607254,50,991,273,0,925,0
1420,29934727,50,32865747,50,954,359,0,933,0
33178,30025762,50,43726940,50,1403,400,0,812,0
11141,41049498,50,38616017,50,983,397,0,974,0
12410,29573470,50,35528635,50,632,249,0,930,0
1248,30023031,50,37857800,50,1034,316,0,1198,0
3331,33752793,50,39415117,50,795,350,0,909,0
2700,24267769,50,27451253,50,586,253,0,956,0
16729,30911159,50,37367019,50,870,317,0,916,0
1811,34188273,50,36734968,50,1154,326,0,848,0
17762,34546687,50,34662700,50,642,281,0,780,0
1780,35405024,50,37164229,50,870,282,0,681,0
37179,37652695,50,39370812,50,1071,365,0,981,0
2654,30980896,50,30686647,50,688,255,0,712,0
6274,26775555,50,30026538,50,646,297,0,897,0
2060,30843127,50,35549731,50,814,381,0,746,0
4188,27485377,50,36083359,50,575,311,0,814,0
20997,28108485,50,41779111,50,1094,281,0,1211,0
3087,38962927,50,39903320,50,1101,359,0,1002,0
3161,32045920,50,31775620,50,982,350,0,847,0
5781,38344514,50,30134875,50,973,317,0,866,0
9024,27103797,50,32977105,50,923,272,0,999,0
1313,34566762,50,31650784,50,853,281,0,616,0
3745,35359185,50,38941849,50,1367,311,0,838,0
18584,32924315,50,37230777,50,1207,315,0,1294,0
32588,30202478,50,40735568,50,1416,252,0,1085,0
45599,36927901,50,34020886,50,916,277,0,784,0
1508,36305610,50,41876515,50,949,361,0,747,0
1473,32897746,50,31581352,50,756,277,0,665,0
3462,28002931,50,30158760,50,735,292,0,736,0
9846,29631550,50,38589893,50,737,326,0,737,0
9025,27463306,50,36036328,50,969,354,0,914,0
7308,37405249,50,38107106,50,1047,347,0,1460,0
13059,34989149,50,38608226,50,821,313,0,1077,0
12040,34960358,50,36187041,50,862,263,0,985,0
3532,31034206,50,38195448,50,1012,424,0,918,0
5407,33136473,50,29433963,50,470,308,0,905,0
1998,23676548,50,41426818,50,930,351,0,730,0
11052,35654793,50,31609166,50,776,258,0,713,0
3530,28577410,50,41669523,50,629,317,0,1038,0
4602,44122931,50,30381082,50,750,271,0,996,0
1936,32631825,50,37425683,50,1487,362,0,908,0
3174,19081483,50,27519501,50,592,294,0,575,0
15089,36605513,50,30042270,50,931,267,0,1047,0
21309,35923988,50,41413324,50,950,349,0,968,0
2175,23942756,50,25679298,50,561,214,0,724,0
1757,29054943,50,38651876,50,803,336,0,738,0
4922,28234189,50,43376823,50,822,380,0,641,0
1016,34191940,50,32241742,50,495,240,0,644,0
7428,35011960,50,36176412,50,602,316,0,716,0
2897,29091358,50,31555382,50,935,239,0,849,0
15493,41630744,50,35471753,50,1063,338,0,982,0
4100,36138566,50,40873731,50,1616,359,0,984,0
2118,34290581,50,38075613,50,864,378,0,1432,0
7898,32040502,50,30393288,50,1189,320,0,742,0
2959,37029976,50,27610617,50,588,276,0,801,0
15993,41632025,50,34460232,50,792,321,0,925,0
6884,33961029,50,38876211,50,1079,357,0,600,0
774,30720998,50,36031504,50,956,358,0,767,0
