4291
794
25025
18543
4004
19475
4921
5968
1215
11055
2232
46671
943
5777
3755
8137
1867
16255
5548
32751
20097
1833
2881
6042
19791
28943
7614
15984
2035
36156
18533
32290
7050
1241
1589
2593
18893
3845
282
11366
1597
896
1177
57108
13757
6281
1698
19228
1075
41490
79323
734
2518
28125
2036
51537
1606
5114
42360
628
4503
1522
1250
9514
57406
13572
2526
1395
13244
761
27983
53331
1410
2359
4782
14395
10928
15012
867
1841
3874
11203
2651
3062
2739
27668
2441
1383
12285
1625
3816
29547
6616
1895
6924
1755
11582
3654
2056
13493
29793
21853
2118
37315
50135
44789
5403
12847
3548
802
74965
3873
1870
3268
586
1532
965
29832
2278
4070
1594
5105
46643
17796
1258
885
3667
12597
18486
989
1609
36705
5017
33332
2417
1706
2093
25793
7005
717
1893
3147
42674
1802
10219
1030
20037
6482
5762
1112
2667
2524
2344
7355
3217
21841
21455
4055
16489
634
3951
4028
30107
3537
30506
21070
10024
7006
37980
427
35001
6476
42770
18405
12816
689
20495
2771
13996
2247
685
8338
4499
10232
15487
3411
10065
113235
828
21462
2105
2210
3478
15358
3179
15278
7810
4231
3153
24380
12478
4344
6968
2339
4305
35575
1554
13122
21067
8471
2242
25027
1075
2463
10548
4594
1699
12470
867
1012
27846
30156
1623
26860
39066
31260
1859
967
1992
6542
3231
681
1117
5426
1807
2970
8828
1652
12981
4691
27425
1853
3625
2725
2055
2395
541
1544
18891
50818
8694
26775
821
19660
48894
1773
7552
20618
10508
11701
1639
923
10461
29002
888
30797
29894
2550
10020
11441
93070
51344
17294
10714
21599
18810
9086
4998
39158
3357
3894
1445
16358
1716
3441
31353
1590
5227
15333
679
41431
15124
5751
11311
1727
13725
26606
2159
9860
3476
2259
38396
3436
3213
19097
20388
15418
12420
2872
1703
41329
24153
2530
18844
861
32144
4219
6572
22158
34888
5484
4815
5980
39892
18518
23021
544
589
997
511
18747
2715
3783
2724
11961
40534
58942
5029
17678
5782
793
644
7193
1543
7015
50095
6339
17387
45001
1733
25207
24068
30763
8523
2392
10379
597
34589
8794
3886
2476
1253
1344
3717
54509
19144
5288
23986
542
9964
4774
1882
1532
7741
773
16136
16720
18919
7772
4069
18121
27674
3123
2275
5030
5906
1464
26875
1517
7892
34846
23467
1292
43932
6810
13179
8033
32398
943
2457
1129
24171
523
2703
2311
26201
4600
9014
15111
14213
20132
12248
19660
4376
1574
34962
1432
7706
2974
22947
1050
14750
8414
4547
924
799
34811
9374
1035
2029
36539
735
1788
3251
4225
3031
49908
935
18042
1762
2003
98804
6580
33846
1070
1111
2593
4074
2073
4493
7221
4472
6998
20241
1008
122125
11656
1192
12995
24233
5740
509
12481
4289
10839
29935
27745
3421
2695
2778
16673
3344
1300
5216
6459
9872
37972
15941
1915
1993
12341
1542
64245
19534
1021
1485
20698
2956
5553
21354
3962
1016
913
5855
2087
1345
65996
1792
22585
1033
5213
40401
1415
12974
38200
1664
670
6511
20566
40791
22719
11924
16171
3073
19689
37233
9550
1881
859
1240
8629
25141
2779
4969
1576
34712
32677
40066
1456
4077
2622
11803
22165
2470
1158
1399
19809
5573
1249
1318
6264
47480
42578
20315
3228
12304
4428
56166
25368
763
1722
2205
10456
55439
14807
5044
5881
2885
1331
12053
2301
3614
1311
3391
2010
1139
33663
49049
3836
9469
1161
14499
21972
3499
15683
8714
2559
4426
667
6449
1841
1705
70830
2995
748
8622
33391
2853
55504
3196
1592
9506
48559
2455
30593
17590
637
25040
20862
854
5797
6775
1585
19732
5995
55723
8206
2279
4600
1123
1813
16605
63658
57543
21773
56645
299
8717
2853
5976
2923
1806
5255
11129
8202
10451
1562
18604
20446
9270
1559
22674
923
7912
2254
1685
4350
1909
44966
71999
9842
1382
22623
3528
5876
8155
5299
103398
4744
2318
12242
138178
44301
3103
1636
685
1128
5671
5392
1252
18704
1276
54104
1983
22702
2814
9477
8187
20393
1057
3949
1153
3567
912
35069
8297
1338
4811
28990
13236
41267
5151
10464
23746
6787
33600
814
21555
14518
14565
5740
2798
37285
24310
19807
2735
29242
1920
2754
14394
42909
1343
10769
16808
7782
6848
1666
13369
5205
47504
844
8603
1629
1028
1387
13092
3894
9051
1594
3108
78416
1301
77772
4464
3081
1546
24444
21761
22923
1956
7905
19480
2114
4147
12415
79696
990
3405
1409
2786
1482
1963
2913
27712
496
4398
20677
21025
2171
27597
32673
14885
967
26243
1748
1356
26938
32946
1549
694
24804
62143
1608
20495
2442
4131
3298
5103
10678
16713
654
1120
594
16558
8901
12683
977
20239
1822
1957
42504
1124
1510
12384
1267
2363
757
8070
6686
1956
17406
617
11491
19470
1929
29083
970
23199
2853
5006
5940
1991
8651
2185
1982
1606
4363
2341
20351
30897
1138
6918
995
781
23312
11284
3558
1719
5157
10982
36105
6712
591
3837
44091
627
16589
23073
3380
75483
7588
2233
4406
21175
2084
3680
25103
31992
22465
91691
22953
2003
10550
372
5046
934
8005
1736
45958
7039
933
16415
2190
9780
2270
1381
1637
3192
50296
1959
89293
1668
4245
51878
43178
5450
37517
32622
9218
2920
3476
11346
936
1118
3655
7380
4182
3940
3420
18140
2222
34885
9193
5016
9343
7677
48345
10478
2242
2085
15839
40614
25555
6557
29537
63364
23234
21178
11675
38746
1936
1015
24569
30160
982
3062
28034
3461
11675
17129
4468
2905
7151
20088
7292
3389
20991
14339
1016
11216
502
2369
12941
2446
13150
16297
1379
925
13166
7683
4736
8588
2232
1504
7392
7345
13847
68822
8110
3441
5520
2387
1463
7023
31936
886
2688
22541
27544
1978
618
7486
2940
1228
31797
28785
580
20005
775
13830
3496
39439
25799
818
6558
2224
35730
20988
1131
18444
3452
6225
1690
1842
13255
31791
58991
2321
32023
2656
14163
8085
3880
7297
28938
2898
43375
8062
28826
43493
1028
17615
26021
18674
2784
2762
9900
1869
3709
942
