756
1277
1659
1382
2264
2337
2113
1395
13462
16371
1929
1154
7615
1844
501
6765
3841
4628
14937
610
2042
21925
19419
1967
2515
1326
1849
8058
1956
10148
13649
4460
2023
5320
6870
18167
1503
1450
1952
25723
737
1693
3233
8527
1472
8578
13708
933
1671
15077
3073
3103
1933
7641
479
2072
1163
543
9782
2294
21917
699
416
1730
2689
1644
1356
3561
1607
702
7670
2284
748
1342
6598
10270
1566
2683
22610
4114
1608
1369
34133
2159
1796
3551
3641
10900
1503
10119
6505
6898
1212
16967
1369
3682
39442
979
2608
1021
4243
1794
51630
32884
2733
1318
479
16690
24567
2332
1751
9600
329
7001
2806
11481
1604
17016
4917
2905
1102
528
749
709
3151
11844
528
9559
3286
22797
587
1337
1055
2287
1007
27604
17862
15560
12268
4605
25519
890
2175
1681
1280
23671
1291
1818
1695
1494
1360
520
1230
2028
679
2318
6999
11821
584
13631
5060
2072
1555
871
923
1883
1184
2490
17153
8214
532
1645
703
2337
1426
710
21201
919
796
7514
7722
1670
1739
1437
328
9281
4542
11401
29804
1822
39751
20662
6989
19421
2900
2437
3640
10041
2294
27745
2077
2717
751
3537
41529
1097
1279
5572
1009
1762
6477
16159
4062
903
10598
529
3966
10142
4960
1116
857
4638
1496
8521
2201
690
5060
5746
1944
26486
2122
3443
1372
2487
12765
481
1598
3032
805
4267
2157
703
1714
1090
3848
20599
872
4376
1565
2689
4743
1516
909
2027
22554
2808
1984
5138
3617
1996
8114
19608
1162
32170
13831
1116
8839
10640
725
1360
7056
4248
1619
28393
869
4790
3427
2676
2041
1020
3770
1213
2189
3060
5244
5028
16922
5036
784
1968
9007
3483
3653
2256
5509
6672
13375
1460
2198
11310
3447
11135
2537
2835
3864
2653
1790
710
1666
19037
3610
4239
546
1737
3921
1078
1833
10951
17578
13482
387
7140
981
2323
754
8650
1674
10744
1317
620
1964
1396
4199
7369
1962
1017
9635
47642
2449
970
2135
2093
3142
2488
1392
13440
2037
1755
4456
2215
7117
3946
1388
27274
1864
836
1768
16013
1627
3326
1345
3119
2397
1823
3359
534
2147
1786
1000
22646
974
2281
684
616
505
22905
746
626
2431
412
19847
2125
11798
892
947
29547
1029
9628
3290
7130
653
1345
981
1675
24945
776
1534
544
8996
1365
1842
1244
1714
2239
13952
2812
735
5672
6618
13097
1031
8170
6278
2625
1372
1935
2584
2837
759
1386
1665
18761
3875
15451
3448
1728
799
1645
849
6182
1715
15725
28162
1778
745
16610
5252
9043
1644
4326
1170
6751
3446
2527
3559
24657
1304
1204
6231
414
9936
2138
1329
697
3545
1135
828
1204
33627
22371
2104
842
1174
3100
34325
10042
14086
1697
7972
1453
27784
8892
1941
1123
30616
736
609
447
982
8337
1353
1508
465
686
1257
904
12116
17084
766
954
665
2277
4231
4097
1881
19596
10551
3371
2582
3289
18624
26819
1963
17973
2093
3595
5276
6818
1999
10876
783
2838
47545
1678
804
2680
634
1104
732
5094
33923
15266
16105
2624
4222
694
781
2955
1159
1015
2244
18420
7043
7680
4796
403
20514
1372
1179
2030
1158
7563
1552
12587
3682
2662
1166
9221
997
12862
533
17968
1704
4866
827
15407
1502
2531
2719
32225
26957
2264
4163
17585
728
55405
11220
15253
3555
2018
2159
2678
3774
2214
14510
5630
5951
13976
5992
1907
7596
20885
3591
1367
1600
8913
12019
1962
10197
780
1340
396
13502
2480
7472
873
1347
2885
1246
907
660
1835
8351
1390
3014
32351
19539
1418
21184
6491
13722
1476
897
32661
17998
1861
3489
1100
2119
34256
848
1543
1118
11417
19842
8907
3351
1164
704
519
4739
503
9153
1453
1855
3045
2142
3517
2172
3219
1287
8038
1419
1523
13561
3371
6921
17185
26939
7621
5069
1803
1310
955
730
8043
10764
1539
17380
940
4192
20731
12357
11565
833
10247
3290
1170
807
1089
1941
6796
2644
957
11834
24533
1196
1238
2768
3256
980
5586
2238
37294
7035
3570
796
20575
1118
1686
1552
8167
3938
1745
4077
8617
12661
2687
1703
24397
930
4664
651
2708
19706
58368
4300
1813
730
5752
53508
1066
16949
10995
23588
1240
455
2042
619
18119
2245
1306
7594
4204
30323
691
7736
39314
2255
3444
30202
24797
5443
1204
2673
45301
1113
835
2271
1639
11431
1505
2101
3627
3882
1815
4649
1640
4038
28494
1497
1090
3105
1726
805
16689
2366
3702
1720
683
8745
1461
5312
1721
2328
26118
2535
3951
7236
10284
7437
3059
1471
5931
1818
1421
1273
1512
3921
7633
1737
1049
1326
587
680
2499
600
619
4568
1878
542
19622
6254
937
5423
20639
1825
773
1801
561
2037
34678
23107
451
10307
19273
1409
675
1907
1034
2831
1446
1860
3188
10176
1503
2925
2305
4641
518
969
1555
1300
15709
8513
2406
901
913
2056
2330
4792
619
1437
3218
1426
1771
5661
563
10570
17541
6382
10460
3691
10502
1088
427
1283
5343
3607
661
927
1273
3482
2170
1621
925
2081
7679
1098
16372
1979
9814
27228
477
2692
8541
6306
4213
2142
7455
8275
22572
740
1048
953
909
896
1353
548
6281
21404
2733
2007
3682
511
3440
4671
1975
5413
1867
5539
920
1583
3497
2657
1308
3230
3119
4678
1342
1764
1195
13819
12013
4311
731
820
7158
9183
17525
2592
1647
1848
3693
4437
2449
3101
2949
747
7901
17124
1438
1765
1705
16605
2407
3625
7490
3606
24338
930
10240
7473
2871
1279
2977
9876
1940
1285
336
13635
1652
57958
1365
1689
1681
1116
4812
4242
721
3759
1364
698
13813
4903
8294
780
218
950
939
1274
28695
897
6513
2706
580
6444
2555
14740
1997
873
1693
1312
3244
2110
6688
9674
10662
812
10254
14618
1272
15163
1040
2253
37274
5102
22453
1209
1300
4423
1180
4037
701
1538
13642
3975
11177
1625
3580
