63527
24385
21803
53216
30090
40924
31329
12232
20705
21138
55956
28739
3804
26572
28519
27160
25476
58776
37891
73567
35926
40172
23991
24810
60705
15375
9462
58800
13356
29402
18986
29716
45476
28989
23586
16250
15787
34410
19306
62528
29511
20775
13709
28710
31000
12984
21332
38897
25797
34201
32195
24095
42943
6801
15868
20975
19893
8334
15258
33263
31002
55630
39767
23901
13674
38738
54943
18939
21229
42763
21540
55905
31082
49149
24925
27013
27520
13154
15922
41068
32570
14433
12621
14705
25436
14891
32711
24465
72471
26447
32196
42139
20641
17433
21947
28350
48907
34091
13623
52793
20682
40197
62524
34025
19849
36041
26104
17258
16592
30461
15016
21593
31946
44781
11381
23524
59572
19887
25279
53485
35442
36174
63274
52936
24780
53484
53416
37312
34936
24211
30460
25152
37772
17795
33559
19965
15873
71350
77002
40953
16790
70414
22024
55923
38693
31413
57437
19459
24116
18736
16212
22493
29657
40595
41730
26794
18405
80587
39006
14405
22327
22478
43961
33773
11273
29252
43338
34592
19335
16963
45867
14764
16473
53822
36227
66804
20607
20389
33865
38858
42628
14254
46359
28989
37389
25224
15627
29671
24772
19995
26811
12328
34780
43255
30605
23741
15482
34287
66778
53612
61178
68913
33267
38974
40943
26524
36947
26034
30091
25163
23951
16842
14777
23685
32827
19230
48310
25784
24397
15840
16105
75867
30708
53787
25717
33372
38042
18788
53995
24998
33344
31028
35744
22462
66969
26085
64316
16826
28798
13530
22003
16443
27959
27490
75379
48956
34047
13587
48400
21448
21371
42156
39622
40731
29481
23998
40820
14869
43224
35840
17509
27219
24699
5852
46648
82924
31654
54020
35129
17751
36564
48993
38000
29451
25779
51103
16499
42171
43746
18403
23025
13913
56367
29955
30756
23055
51309
33479
49071
47427
22906
30268
28618
54810
28463
27600
13023
27142
36204
55237
34819
7394
12768
43115
27524
26824
31224
43315
24780
10678
19591
56298
27731
51177
41419
19868
32888
30794
22652
52344
42669
17984
23885
29541
48490
19060
38100
79131
26387
31076
12053
19448
31621
20162
15187
29077
39550
22447
9905
24855
43254
27680
51776
41265
40181
14755
23924
28357
9110
28354
23739
30487
60898
26391
61918
40237
8965
29081
11252
21022
40517
25966
14365
19708
33436
30977
31131
20710
61174
5628
46455
24323
17851
70966
16624
40475
30846
22078
21887
59596
77374
22279
22614
21388
27139
60150
41369
54578
68401
16336
37578
12002
29349
16391
9489
21292
24244
24468
14683
65476
15603
24060
14848
37502
20673
14720
19999
37095
55199
22548
17317
23664
34478
32970
51437
9705
33071
30641
11767
33663
36141
35004
26180
15216
64042
53648
5618
26349
26641
6844
29523
17224
20411
61103
30843
30280
66469
19939
24936
9104
20055
16140
5873
51029
45516
57176
27043
44849
25129
129072
22203
52941
33571
58757
21081
13848
28324
18825
48239
15278
43375
20314
23600
11001
52679
18741
17735
22723
9383
27405
16553
24835
111526
18041
36604
16184
55959
38965
50317
33262
11439
25732
43237
43779
26917
52664
64801
57816
24860
36304
24494
70645
29320
45519
21450
10160
32412
26526
22199
38105
36332
58091
24951
24306
45254
13251
47007
19360
44720
21632
19605
20839
29744
16499
20600
34181
23121
45322
34069
19982
41884
12510
53447
17550
50088
15779
56162
42249
9528
32361
53064
48390
22739
27300
35902
45745
14114
14716
37245
47439
43619
38293
17295
27656
55046
34720
23178
17053
32053
25374
27029
34607
25672
44720
29386
17553
15615
45667
27221
39111
45012
34525
27596
29614
17985
16239
32576
71776
45029
17429
22168
18685
41756
24026
65500
40056
98996
19274
40041
50347
21420
35901
25501
52548
29378
13263
26726
38858
46478
28693
16899
28774
23090
48530
46365
36552
35224
16312
50649
28998
24514
15863
22985
30729
20832
26151
34278
30621
17060
103297
17046
19149
35652
36035
55444
19286
22316
21631
36140
31321
17651
17825
89469
23469
66295
26702
50968
28040
18285
23990
18802
19358
22207
25044
24675
20415
19027
50363
15217
17741
24298
28973
18198
70598
26724
10732
15163
41681
29558
56335
26467
71904
17012
26301
96427
16904
22222
32995
18621
30113
22667
43260
59072
13525
26305
28055
15158
25227
16713
20923
30109
9384
18554
53079
15507
28627
50472
13411
29283
36199
33330
13573
27712
43360
22426
24675
24875
13387
15420
26924
30758
26474
22180
38120
18478
9763
18379
46578
42878
8776
34224
48281
76833
32437
19072
16393
31176
15497
6671
9509
34440
20054
9457
40120
25008
22818
15107
24794
35850
11959
28624
37277
39966
29227
53045
34545
39561
42675
22096
39581
40214
43757
23079
15785
22616
10724
23398
23281
19535
32178
29740
32493
43512
79942
39528
21842
19256
8878
28896
15315
21556
44628
31601
29514
17243
29304
21993
33213
14022
12598
30617
45260
40878
61301
62724
23180
36208
24930
39868
29590
7345
27590
24179
40205
22535
32916
41770
19388
25028
11148
29994
43228
57436
40368
50764
17239
48130
37153
12581
14943
36015
63094
51767
32616
47079
36407
27224
19457
27343
20441
25335
10315
28467
17190
32840
32551
24291
63360
15080
56888
35899
22574
24924
33411
40920
24598
22291
12759
26598
40224
54533
17384
46571
18997
68797
26912
26015
57606
34880
34414
13130
29897
32639
23969
19126
35710
15186
44447
46595
28173
10539
18630
27087
13560
48374
31844
13305
28757
53382
57338
14077
56950
21726
17426
26863
16745
13660
87436
19913
33183
36289
22243
46862
55075
33005
41213
42290
56701
14047
25216
83743
26580
31399
53255
46416
17295
28518
34158
26946
18868
30749
20847
20182
24268
38243
16305
32388
23270
13785
36235
32081
41099
31675
10961
23024
11785
36427
10770
13790
15340
29424
21194
10939
16457
18012
15333
24637
23833
40619
41361
46557
10347
38461
38314
21391
50320
18196
39497
14700
11489
5088
44486
12259
18969
29892
31244
47103
22875
15069
35487
14279
40477
21356
33120
26115
56126
29481
13281
17962
19032
38649
30010
32195
41849
32841
18695
59811
27951
49515
17247
44184
30565
28418
23806
45055
19612
24525
13435
24964
16840
27213
32691
24696
69003
49421
69099
26593
33546
9526
99923
13810
26405
36188
8948
17659
53250
25673
29938
15812
31489
36250
37844
17174
25159
29867
20084
39459
47067
24480
32414
42585
63236
50060
30091
14300
35694
25161
24278
26360
17670
