10983
15708
24302
87206
93828
48213
16969
18444
74618
26508
30362
67741
64459
41717
68378
84427
84469
29808
40009
141569
32230
16554
33979
45374
186513
88637
69211
63459
67924
97336
20228
70075
24772
41336
43279
72455
133496
54549
58141
71710
109788
56788
48314
50617
67569
63803
53859
67817
48313
82596
16327
23483
91733
13330
74558
182278
17610
141773
73609
91347
3273
104915
32339
37885
24902
15055
30677
165719
20673
33636
22499
41876
137771
31736
67639
32598
14506
41596
11236
75230
51831
79431
82087
14622
46323
183571
32600
126317
29162
42410
32516
10250
74984
37038
119319
135708
32928
14638
65438
105009
39939
18040
80142
44947
44536
2571
177612
46434
4177
110746
51283
3888
58912
10108
25485
75768
42671
28756
117902
30814
85713
186031
16987
154010
70481
138158
51348
111082
88774
31642
24113
41622
62623
53329
62973
7391
129081
25149
127873
83697
82332
39793
13989
77884
31399
4082
50776
109433
83388
39594
52621
31004
22309
53914
41105
64568
37810
30245
84972
37078
13456
41483
69300
18568
52130
40876
11252
9778
36146
41997
63364
94057
3794
24839
53543
118239
13920
156138
117564
48324
56830
10267
100509
19821
50677
39102
33838
9884
32217
57516
46445
10731
134417
48890
21912
28441
39894
26651
46780
67333
70424
44101
46945
70506
20820
60982
73017
22194
151999
1874
90369
161589
68396
122759
33758
25054
17931
105618
64387
100626
13174
15859
38093
66187
36933
19873
51198
162302
44597
39821
63760
18839
34299
138632
58863
28207
10643
21918
93805
49883
52108
14290
52408
31752
12343
114211
13118
157252
4703
33757
122130
21119
83097
110670
55131
114605
59839
51014
93840
61378
34153
22993
73078
60082
17678
46307
45734
41185
96938
24339
44341
58956
40874
3950
52705
10586
43035
78379
82914
54290
41685
173772
25960
90289
57502
58626
9176
19078
55565
17823
184774
25009
7833
14090
27017
79048
40440
74030
40957
41188
62026
16381
89882
17796
104124
84430
18314
44758
73726
16208
53182
9915
77677
88237
10934
51413
14021
9538
75490
25701
223717
55238
16800
36297
76690
23375
136036
52554
18380
175703
96055
61908
81200
8563
92689
85578
86529
38861
24352
21308
32815
12481
44693
80211
82212
25898
23782
26112
113174
117029
52197
30153
54910
45120
73002
15328
85290
28549
26980
62788
16122
9229
25662
133102
30308
52481
58547
20780
66384
67917
123878
37127
41111
68504
13202
31379
77149
61979
17749
14851
13371
16304
33455
77423
25595
8827
67238
8667
155789
30957
18579
75585
59423
52003
51601
76638
38800
21436
55079
97769
46298
81937
46309
7329
42409
41320
73061
95866
48265
27638
61163
36005
17393
16776
24711
32591
18186
46661
77794
16823
103299
118030
165288
54408
43824
118941
56343
43940
18856
82890
3540
16905
83204
76268
29052
100676
72426
70424
39375
23928
114586
17019
41955
56237
77042
124836
74452
10075
88761
190806
35492
61314
29816
88905
46045
25236
95219
92535
35659
25208
257096
113681
23604
35284
25653
37601
62747
24248
149219
71030
31611
147700
110167
62084
51266
30540
69872
25943
52240
9705
2538
39083
35128
49099
47741
32616
15792
5539
72903
49894
69416
46419
55138
19979
93020
42042
52319
67861
52716
64741
15095
22540
17894
172332
5345
53579
13061
151367
131523
68584
3846
35196
62880
38398
85245
50342
50188
2364
42627
161946
29927
4062
36096
42404
128197
243942
41555
85784
4201
64254
64012
64753
64658
102875
94250
65361
38826
79107
24106
63011
47846
31213
42585
23540
50851
89118
77465
29452
59606
25488
57744
102525
25162
73605
76113
98595
94219
34372
12209
76169
24720
66150
11867
111047
50872
38829
7818
25789
30551
94068
85014
38620
24195
21134
85022
29448
40683
84610
72486
106254
20625
64182
59273
20182
14424
31598
165338
23271
98490
50646
66922
74263
8394
18064
55776
48981
84052
38230
79111
18774
27366
18836
27941
27567
114500
50690
71493
69200
191928
118970
89955
88966
26655
86606
54474
15635
65819
74804
29700
53747
139407
41171
69995
25129
94812
17090
7298
81161
34021
2391
55151
33362
44306
28310
52394
32629
88870
92996
112066
53526
19541
101046
22964
30463
204309
50610
12932
66028
30739
102674
52266
101800
75994
9037
46951
128448
41231
42591
109644
72294
66620
47122
21043
41891
47627
31743
53349
34428
133362
10261
79140
77385
94296
132040
26723
33856
57184
34163
46917
7037
46001
74054
67523
32955
30335
12848
30478
11472
34007
50110
25744
38523
17092
105256
54836
53052
23319
9838
18147
64133
169473
38591
31357
54266
82370
17285
91218
57995
102223
49416
59800
22997
40380
93978
40561
4806
89843
15417
27071
55577
4591
53431
90366
14793
60961
19101
138387
21339
36718
68897
12236
91366
35778
45381
2522
67247
151652
237869
64953
93005
13834
60461
65867
4807
17547
37950
19624
25488
24373
42798
34367
96401
107330
78244
39463
3940
135907
71557
24183
24213
43672
36658
7868
11980
20995
18615
108868
11032
68847
101236
27805
14697
212219
24004
43320
74665
87066
109721
57617
45459
26089
113939
41419
20742
64415
21558
75723
57494
14305
20457
68389
73939
49468
102079
67645
52296
20352
66458
114267
88852
19764
72633
38276
17917
48380
60906
76972
100500
69123
101293
58416
13715
56378
103073
22533
113302
109089
59751
14929
19312
32503
72188
4719
124738
18633
51950
175984
3389
22983
32409
43734
118566
172243
37731
47242
10915
161064
92068
105607
87570
52675
32548
162459
45661
79888
12614
85483
28739
72518
46452
33011
28479
27536
52402
20036
95193
57664
91440
8906
87594
91323
69314
73842
59039
40069
26021
78097
20394
194099
196526
59134
79332
65636
53296
145902
12308
103991
61999
125744
22518
25675
51308
15684
17023
21835
62653
5345
14623
5286
79666
127581
55648
28820
72416
77362
48456
47075
9770
63648
52472
35857
37004
10579
9940
78888
60808
184685
152598
10530
113100
12158
70012
28228
68758
203938
31083
12148
116898
26266
33402
73549
40279
37313
53316
4702
53518
27621
34696
133840
56003
14045
163143
37595
68131
158234
50779
48719
30400
47771
32182
73040
170935
11893
60173
189136
17617
17341
248765
37259
84625
52696
54882
43351
27265
18252
26345
41659
75230
21336
113481
23088
32881
43246
105787
27954
96122
87608
23885
59048
45663
37103
28472
74441
67367
54697
23393
28873
45670
23185
25278
36083
58474
46198
62359
38187
37867
48032
19072
32540
19013
90666
26766
81177
17636
42037
51612
81936
167267
79720
23651
