10164
31551
66416
3592
1912
72777
9655
59219
2043
23592
6894
4979
13313
4966
9470
4799
21471
62346
5278
2891
8318
4134
19594
15176
37820
4793
2222
3604
10584
37992
3509
6251
10157
12274
105310
3545
4886
45587
14536
2569
23760
13103
19175
4427
5330
1896
7908
4401
55075
6950
8480
6898
8034
4845
3364
5101
69299
8935
18921
6177
16340
4418
6152
33262
2171
12036
8001
4503
8375
8594
5922
51411
60787
15131
46612
27676
21261
5534
6098
18073
49257
6507
3272
34948
22212
4258
19487
4545
5097
37190
47212
51697
3821
43494
61546
29997
4592
4868
11591
26954
24927
8553
79831
27770
7103
27467
3614
16073
1876
3899
10386
27350
59775
15224
36936
24282
26178
8177
7688
23562
56948
46167
51191
52193
5192
71893
5080
9339
41595
28727
1714
6193
3532
24628
34353
13187
39811
25942
21335
19011
9652
29131
3214
39379
16954
33143
3826
5397
4310
10046
22535
11267
58244
11863
6058
4048
5017
9454
20756
66974
13672
6716
8552
8872
4022
12482
28304
4410
6147
2615
2742
10817
22855
32471
6763
4088
18183
2962
2793
5560
20472
8751
4840
5790
63723
8422
11581
13770
28165
4160
10741
31940
6256
18599
18113
9908
18035
8850
31871
11868
3396
13028
30626
4050
6393
27427
20234
19964
34694
2873
1987
89111
2650
10690
30356
2795
56229
5617
23811
22951
5173
13234
13945
10031
6553
48185
3419
8300
5848
9012
23979
4000
5186
8628
37774
4036
13466
38921
8172
39962
4319
33879
1988
7738
8715
83925
53103
5437
12379
33499
9827
6902
3154
43944
28615
3773
18271
8272
3827
13582
8099
7691
48402
2199
13186
21721
23928
24208
18830
82510
26952
7629
8593
9227
38543
118956
1818
23626
25865
44504
9117
19635
4970
5006
25177
5520
8446
21875
1315
43708
13321
16718
6090
6273
8718
3548
11297
8765
31135
14484
3677
4411
25180
3813
2888
8499
9448
16808
6658
4487
4808
27767
7861
48666
2504
8407
1558
46932
4222
21076
4965
11856
27103
4154
7289
3473
14297
12810
5728
4661
5988
5566
3149
15859
19834
4972
24014
58804
4623
20168
2531
23607
44435
2935
7028
39717
31685
11097
70749
6965
15628
30262
5398
12255
7434
13703
3014
15494
3738
4849
4912
100589
22093
31903
12730
21605
3256
8867
11279
15924
20248
49648
2858
18358
8044
7624
7523
6341
6008
17300
6715
3637
6534
14436
6294
37638
41731
5584
5363
61641
19330
124624
22757
10339
7025
3233
2292
2568
3797
33869
2177
7276
18168
50598
10601
51483
19386
11054
80685
26762
34227
3568
2199
92504
7150
3974
8762
8554
28450
1534
46075
36945
4403
3268
35695
2372
7132
3193
4883
2800
4557
28795
51772
28785
1697
2413
39226
13644
6007
55904
1060
11869
5018
9690
6504
2216
4618
5730
15572
13345
8551
6728
2989
6855
20618
30285
6188
6095
9478
12630
5736
5806
13577
2653
19201
10655
10344
11628
13385
5299
2276
14124
5229
7908
16602
41528
31055
47896
6191
17787
5815
81380
7690
3791
7319
5529
31752
44094
7702
3375
7243
10233
79709
18429
17649
8005
2196
17781
13169
5428
5857
30765
9395
9124
12758
34181
5845
37416
5710
8358
6137
4307
1864
6189
22179
2547
4071
75096
4197
4793
37672
2750
5414
10614
3221
12646
76084
30884
21406
10838
26239
30060
25735
6104
11111
79789
10186
16016
18494
7273
3765
25741
83824
8458
31798
4475
5087
116395
24147
25119
2676
24211
17938
10324
9707
10326
21554
6742
5483
60624
12455
8365
3579
3679
4886
18288
7024
45992
7376
23730
8725
4276
5010
1387
49970
10355
6143
5158
4934
3503
28771
25198
28059
5796
9302
38845
19393
63037
6942
3769
5678
54115
15776
17351
14833
3708
2161
10669
4721
10695
31623
37524
44644
11680
12800
44546
50756
45167
3620
10378
4328
7542
27304
5439
89887
8127
12266
18590
86724
2359
19842
36927
8984
29437
44263
7265
6436
25687
45237
7060
26107
2852
41446
34274
16729
5156
16056
4183
15399
9851
14752
44059
4731
9469
1590
10877
73573
22906
7215
43884
36756
42571
4607
23917
78388
81123
33189
11714
10418
10855
3587
4916
2695
8410
10979
7038
26585
11367
6446
27852
9810
3842
6958
50374
21185
13909
7373
4134
6084
62268
7847
6910
7073
4770
10426
63180
31473
54099
5605
3820
41174
14297
42829
5202
3396
6410
38213
75747
3690
4245
13507
4241
5565
5277
4356
12774
1904
2835
10272
27693
5268
21803
12159
28024
52588
11524
6453
53092
4088
101749
13391
5229
17101
60341
5094
24525
13084
11194
56366
21612
13474
103380
78595
2471
10587
3983
36240
38400
35971
3466
5256
3993
35759
55773
83437
15344
1337
67014
50885
15774
3186
12056
111762
4435
4792
3833
30029
49644
6249
21253
7485
2637
6732
12991
5933
18576
2710
8779
13234
4425
4036
11905
20981
1791
38486
11546
12033
57750
20561
6427
9216
5096
35699
16608
26329
3706
13699
40296
45674
9625
5537
25591
36317
2931
5768
10326
24327
6531
1691
24326
38826
3921
7719
10832
17634
5499
35133
20690
34200
15527
11118
7417
23806
2507
5449
54956
15697
7507
23751
3514
4353
55223
14107
25956
6083
4951
51075
3516
51417
37467
35950
2281
18799
4619
17720
40856
4391
2856
2504
14793
5591
70107
6557
8882
27178
46926
18343
9726
37423
33656
20419
15623
29306
9439
24077
54170
8093
4646
2260
78545
35140
49128
12730
5920
3011
6023
31809
108588
63001
6032
2271
5494
12456
18405
57211
13072
2587
7974
6430
4387
4839
9483
3501
5185
5973
141031
2049
4258
17918
2657
6887
23346
12926
3220
5894
22821
25289
23273
12222
2341
8272
5036
12159
16092
39145
3559
9674
5245
5257
2819
1549
16061
10418
4981
3366
35434
39416
16616
28350
8087
6849
6005
22592
43258
7320
4629
31142
4332
7777
7454
126860
32073
19227
7823
71555
7504
21959
7970
99013
4146
31937
37389
21093
3891
7189
13369
34313
3589
30766
10709
82026
9690
24901
100465
6593
7291
12252
5376
20268
26646
2303
6506
30139
20898
45637
79125
5048
25169
4262
11468
4878
33997
14210
14982
6618
6528
19801
8802
1946
29600
11619
6512
20475
11757
2391
29586
5015
17265
12822
1851
1286
6499
5197
7008
26609
10056
19327
6527
4308
57912
