913
9221
1781
743
5033
1670
1228
5435
483
1974
829
2421
1102
631
7952
1025
2296
463
1339
1863
1211
2957
2827
2994
3461
963
4144
2794
9756
1412
4414
963
4733
1486
1042
1077
1701
9490
1867
3491
847
5683
1184
4842
1654
3728
865
2443
4903
1454
1096
841
784
2818
4370
3330
8713
2087
1251
1431
1667
6889
8122
5687
1302
3299
3039
2764
1362
2594
1122
2658
2272
1929
1054
1937
7116
1899
1102
1783
981
1229
1243
5853
523
1129
844
1513
2183
2398
500
1296
494
7066
6999
1358
2290
710
1264
1489
2270
7309
1433
4512
2748
13125
1312
918
1032
7786
1568
1479
2831
1688
1459
1698
2106
528
1989
1693
1808
975
1657
986
2091
2351
2508
4125
1139
2008
637
2367
1790
1117
1225
1001
3435
1595
843
1661
1173
1173
2010
4513
468
1445
769
3111
703
1411
876
5890
1576
1258
4345
701
574
7286
13736
1088
1367
3579
1416
3205
2860
1817
1498
6789
2184
5415
3133
12279
456
2005
3514
1451
9552
1067
460
1463
433
10476
1142
1585
8345
821
1658
2233
1893
2193
1235
456
648
3063
832
1233
6933
7482
1089
4968
1007
3252
1504
3999
1224
2402
896
1223
2021
2203
2421
4882
808
2161
1277
805
2274
1956
1843
1429
1147
6512
1781
1284
1372
1856
1090
6396
749
938
1921
4777
908
5320
1241
1753
1149
1938
4058
3139
1125
1290
1387
1351
2405
882
3578
5890
2178
1223
482
2195
1869
2425
2026
608
1369
3977
1439
3275
1454
2115
1583
670
818
1321
2728
4524
4535
10595
638
1342
7730
1173
959
1393
2679
1610
2894
1703
1400
598
5394
1426
1367
4752
5450
2722
9948
11844
858
2149
3718
871
3025
1004
8169
1116
1931
653
4077
574
979
1393
3720
8580
2407
497
3904
2650
1240
1810
3893
1304
3664
755
2077
1997
2407
1867
3768
841
414
13151
8013
2075
639
926
2779
3727
708
7413
3996
3784
3646
3948
1343
910
4653
1947
1027
6179
5303
1858
1738
880
1800
610
2017
2668
3187
7952
7400
2265
2753
3223
5532
928
1374
8462
3012
1511
1627
1381
674
7510
1991
986
2448
1472
1299
5005
1431
1394
3670
5874
2214
1590
612
1641
3395
6244
2957
2133
724
11706
2025
2344
1531
3474
16189
967
2915
7542
3052
1389
1501
1065
646
1792
3510
962
1784
1320
626
9361
7472
6125
2880
12225
2215
2514
6214
2651
6381
2073
1925
1208
1751
1068
1506
2566
1638
4851
1435
11318
1195
2585
1365
1609
2015
1207
6638
1887
1026
725
1754
958
5521
628
497
730
1606
1428
1560
1037
1887
1573
2989
2408
2619
741
1660
1699
835
1124
1965
2212
568
4853
7579
4966
3186
4549
2090
3977
1222
14112
1545
9938
1432
1636
2585
1632
1446
707
7922
4789
3712
1980
858
1484
599
1496
1369
1439
2083
3676
846
1177
6251
940
1141
1015
2283
5620
1801
1209
15890
3000
12556
18421
1557
4556
615
1446
1100
707
2484
1494
1311
6284
1675
2888
930
4502
5257
1136
4583
843
2884
711
1602
4275
2584
2803
687
24329
711
663
9957
7867
1390
1077
3148
2011
2534
1376
6055
1207
1938
2218
898
2469
3236
1384
11608
2709
1754
5810
9132
1540
779
1862
994
2081
2594
708
1242
4889
1792
2443
3996
1719
1083
1726
439
10165
630
2357
927
1613
2474
7583
765
1363
1544
2040
1372
1227
10823
5321
1457
2053
1455
2668
2595
855
3152
1206
2924
1233
1210
503
5988
2148
10255
1924
4028
669
1071
2055
2289
2929
1831
893
2123
1170
768
21205
6647
6299
7204
11518
3184
925
885
2647
7556
5530
2315
4669
4361
763
3075
1752
1197
664
1277
1986
16923
1272
899
2718
1837
10871
887
8743
1802
12083
751
11849
6939
834
2378
1296
602
346
2349
1879
5561
15432
1712
1254
1045
5074
959
695
1220
970
994
838
17971
6935
18836
638
5412
7526
2602
1419
3166
1762
25612
1423
570
467
1883
4849
757
2384
1047
9382
2171
2051
8246
1519
2328
16859
1111
2140
16019
12854
1757
621
2030
1022
2036
1582
1587
1408
1101
2005
1767
1441
1400
8104
1154
949
3937
1737
694
2321
4129
11390
3984
18736
742
2257
8757
352
1564
2703
491
1739
6959
2886
732
1378
1142
1792
3373
2204
2137
2882
6620
1900
584
5900
3085
2434
958
1995
970
7868
709
8753
1976
1707
804
1427
685
17566
1409
9364
2573
7985
855
1776
1852
598
2931
2491
3086
856
1692
986
1047
1258
1004
1252
3298
811
2961
2312
2245
3010
5119
5398
1669
1968
1452
670
10454
1597
12747
1842
1389
1735
1614
426
361
1605
1316
630
960
1474
8646
10106
1833
1020
2329
1527
3499
1125
1619
823
641
527
2213
3879
2918
3216
972
1222
638
1819
961
972
690
2723
9640
2082
1168
1608
941
1236
3908
1109
1176
724
8678
619
1315
1053
532
1342
2939
8501
5137
1316
2141
1001
3955
10730
2950
2988
2496
1947
2410
2940
2533
539
2057
1449
1062
1344
2328
914
867
2377
2860
5394
14254
1356
688
1613
2058
1715
1328
3471
1725
1304
1313
4455
5369
2738
683
3678
831
2012
3294
16051
7998
3267
3531
1423
2398
1615
1142
5262
1355
5673
1379
10012
7182
1152
1531
1709
789
1763
659
1346
4286
612
911
2016
2702
1436
1046
9082
13903
2860
12609
933
1389
4115
1579
2225
8466
1875
1252
17446
1609
14187
802
927
870
5173
1726
717
839
715
2913
2319
2766
1254
3228
1533
4097
1532
1058
2402
1408
1713
714
1525
10831
1200
14687
896
10658
1482
795
993
9326
2522
2726
551
2273
1195
1743
1002
2346
1725
2455
946
989
1478
1318
1105
1130
536
1353
1624
1187
5481
1690
4247
1061
590
6173
988
1811
1587
3927
2160
1599
5131
1218
3708
1356
1171
1866
7293
1428
1620
2732
844
5013
439
