159663
48921
56101
9334
20922
157092
58415
22691
136220
16470
16551
155224
116123
113492
15416
183524
161664
61620
56211
326787
262581
39054
21309
10418
12504
15074
520558
36870
25760
83332
498520
283525
104486
514118
454609
416967
305630
212957
148645
138286
94337
419017
394962
210721
148773
164298
55777
225749
66138
248181
744542
208810
254197
10564
13037
20322
356114
66699
430385
61823
159666
43576
18580
54198
252760
170024
456764
11328
54745
77888
200991
176560
195091
142200
180854
15395
34133
87375
432082
36665
75834
189773
474265
25425
34120
388936
45423
102763
107640
39879
15604
127190
164764
115138
58000
7188
56857
51913
288189
176202
118319
340124
71610
56611
38342
84589
180622
258471
156545
30493
199005
295982
171089
38708
12600
36723
512840
47038
19625
168239
18662
166630
24792
15097
55821
113175
376969
199482
47980
533433
261652
285858
8248
131322
39819
74198
26527
9065
236790
119040
12707
109625
74080
50284
8846
111277
25041
120024
352562
291622
278170
76603
491017
44874
184740
172734
96939
32944
528390
196771
225189
26433
93096
669510
131019
105377
42331
31818
29144
169820
34306
216125
9908
16913
30176
47179
212934
121836
167837
484515
8197
193815
88864
86992
195821
241935
325199
22229
85182
314843
16667
78357
225848
209158
34661
225507
263147
128005
156463
22815
208822
18855
32290
23993
105835
16090
163257
16575
162785
170726
193837
20564
279928
157633
40750
275267
192956
155477
67466
90140
177771
12594
23555
69092
10280
444228
6661
321764
143865
91790
60312
240743
132784
134390
18171
475118
65188
206549
462014
43398
61367
157999
27869
163045
279494
327725
109733
15835
256198
174580
121366
320216
264517
16764
567079
159752
21235
103627
9192
96509
81366
77897
630447
64474
28986
16587
63524
81226
11465
33217
321710
21307
35275
13773
67016
334073
38645
186986
618104
19460
10795
104421
236048
41072
318951
62650
217812
20003
116662
446882
160874
110461
107118
291768
62129
170455
70481
202260
113218
46870
74236
86116
68826
19863
8194
52098
67177
48307
283101
454070
6133
118768
287163
355686
38506
174528
435431
70403
67185
17671
257243
11963
38944
30082
227293
22318
41418
7383
476069
85111
135519
125892
334669
22637
29437
33746
118659
161979
24469
175615
207916
408844
13236
36444
12726
282501
27391
125241
96608
75966
192615
211003
19499
375837
163934
323327
124869
18970
116717
198986
23325
16191
86070
93918
193714
18241
94730
457010
69117
18918
46474
9193
13558
189210
13171
147202
91328
48644
269080
49850
86050
331134
173590
193453
290871
235421
166080
19958
60969
253375
10202
38427
83553
9460
23679
62632
149592
124504
297551
114542
12354
30791
157807
92545
337691
116748
204134
369186
29536
48131
244746
403098
129276
82060
105444
214028
33578
127134
47895
13600
30069
164263
161363
342670
192711
154393
318705
72735
131939
30258
157364
58351
45545
167675
358529
101249
191713
399097
63448
23735
77056
200525
276963
162970
108693
10446
20889
125597
82917
54230
120039
506978
149385
189322
17393
25633
527068
241310
207118
14711
90326
280239
60555
34821
75666
17275
243941
21677
19414
53271
90660
13143
464528
49248
25381
15179
33062
316870
134940
223945
145818
13051
24009
71740
492272
175558
79542
21311
16312
188741
321499
10003
242432
78705
98080
7301
43434
35306
93348
32085
176693
10815
198354
259762
26545
215520
165729
148848
23197
292024
203746
46377
422119
206903
130082
277181
352602
117744
17739
189403
90846
20446
885730
145107
66805
14442
301492
123812
17493
139153
192446
295595
171183
10325
136850
122528
526893
235997
115833
37308
41165
17159
336702
490301
393150
165143
134495
70519
57606
11242
133703
302162
27577
83515
14182
103126
191912
239232
307796
189161
34223
79941
173745
139383
17512
135882
53687
414104
36039
164450
14402
20693
143558
175805
337332
120045
247825
13653
61700
325923
321592
463742
126111
190735
37547
78370
49536
59511
591048
345426
235835
78649
22087
503893
30393
295940
180128
50230
27034
28293
156592
234634
86636
21027
344370
158105
196261
128880
223633
46049
114880
272724
34794
13349
32217
93156
183735
426335
36997
10572
148800
76681
86342
25071
22444
24193
38184
194767
131966
193737
19368
35142
214295
180732
160229
95681
22962
502780
224944
73591
145722
133297
11542
500735
121863
108062
44617
365267
244524
122100
350419
52116
54571
206078
109734
241370
286946
12271
318204
115460
36044
74417
14691
12707
109782
266451
416735
84784
228309
95147
19641
190716
255719
56843
66833
14358
131767
12233
10945
118784
31581
203476
502598
93999
195984
156692
129530
417631
21291
22718
286427
50047
233824
20982
54730
90068
19620
62636
9879
162636
81552
42744
28363
36566
13731
150861
251151
293074
53948
8565
151313
123585
83397
136770
365825
166457
49295
102597
38939
96655
93185
468035
54135
87297
264031
128932
168841
11479
194801
103494
49151
169255
30605
21210
118406
103200
80790
14218
219622
55893
194387
29649
19864
101054
173742
42314
6654
68624
523296
7422
6556
207354
164911
65325
391012
61409
9011
64092
129390
95238
120675
431043
8700
215033
109751
77393
390686
430375
94505
298369
61293
230100
149923
143611
134202
91458
77605
4784
85006
431301
143619
182611
382635
231236
99120
86627
198831
35815
53567
176834
6762
305502
4128
47063
192922
364978
38987
63940
332454
59939
32535
18049
169904
68031
161006
32278
402005
110047
385081
8145
78359
22912
15775
34356
26590
178064
119252
29988
54788
120836
192625
35989
188723
10702
321190
48561
131001
73367
415925
125966
159003
58071
234367
63287
125652
6332
297049
270199
675092
117315
92822
161929
660171
274847
127576
172965
21232
103734
12699
133902
112946
67888
155265
598078
536138
50932
263409
17947
168460
141935
81049
19573
56926
142958
622445
500357
262045
38656
280422
8235
20808
12721
38798
94125
145627
18065
128928
212875
26739
32314
118409
82292
23280
51602
158507
276675
135825
243795
6944
361462
393781
215705
316310
261552
248554
381087
305061
104470
405770
104116
30032
171893
102928
25194
726408
149131
57835
295576
187819
85223
65702
203885
61735
264251
78650
24865
29109
103412
201408
263361
155943
68358
500944
453141
118610
204986
194813
222027
212093
161420
15204
15792
129380
47495
47943
42072
115667
775149
215559
12167
13453
48354
107742
214847
137027
6146
96402
12750
26779
256965
17086
54849
217307
71288
14672
166711
37623
104743
63133
401599
463434
33447
7963
67142
41345
58687
140844
197747
103487
487590
106448
37919
168013
198149
14739
26323
146579
102823
283216
339819
48052
17838
76986
40195
54868
145194
47346
69126
37648
53944
117084
22738
17934
231599
26579
77848
42192
58078
19021
21377
