4787
1685
789
1966
2107
7835
2810
1641
1135
2072
2512
1554
4327
3372
1689
1375
2678
844
1375
1751
1398
1410
25210
675
1089
1225
9661
1313
1849
27098
1125
5208
2220
1116
4597
824
2346
2705
1184
4234
992
1241
1851
390
1103
2245
7658
1667
1789
323
1189
8146
1703
553
1191
2237
1042
5502
610
1196
1683
3870
2139
2123
2190
1488
1241
3085
1273
1358
1428
2507
2578
1223
1232
1110
2700
3156
619
2070
1303
600
1227
2344
370
917
722
1057
790
2449
5676
1083
765
788
5508
3408
2157
2307
1392
898
705
983
4344
1408
1532
1590
2230
2121
9642
526
1343
1713
10093
1791
1085
1341
2398
3228
3205
1541
3631
4061
885
5340
797
1905
671
1839
1585
1624
1496
1717
1446
3702
757
1534
3157
755
1056
963
3568
513
1234
1102
1046
2710
1516
2719
1064
12226
2968
3557
5080
1437
2238
1430
2677
1186
962
2104
1955
2009
1353
1682
764
5926
5266
5369
2212
3657
1121
856
1187
7445
697
24591
1899
1045
5407
2268
1488
2591
1850
2882
1422
3547
2617
1871
2034
1083
1695
2807
1280
3315
2205
639
1536
1287
1140
1119
874
1118
1589
14283
755
995
796
6516
3108
1992
1429
1842
1576
1765
1353
1853
1052
1914
1586
2647
1531
1315
15702
4846
1404
6953
2588
1340
2457
3203
659
1288
1291
3640
843
846
1529
2720
1668
1399
1004
824
1263
1273
4112
4857
1279
921
1212
2908
2701
1387
527
543
829
6616
6433
1687
3096
2296
1261
9771
1607
5494
8322
1952
800
900
8515
734
1834
1077
10748
656
750
779
962
7194
1658
1404
2037
1941
2825
10868
1298
1390
1685
1069
860
544
22556
1617
1434
962
992
2964
10489
3374
1098
2016
854
676
4933
3626
1438
2279
13694
1535
474
920
1539
1020
13362
6631
2276
1491
2435
1318
6967
1072
1939
2315
1082
2532
8731
1831
1323
2211
852
6836
669
632
546
8287
5149
2217
5846
875
2324
1571
4911
1095
1327
1796
1643
1833
1578
1324
1121
5306
1873
650
2678
1821
1922
1791
666
1544
893
2533
1654
1153
2927
2196
2110
1456
828
5944
1495
1144
1145
1802
524
12158
648
2614
1240
1623
1312
2665
1179
4547
1910
956
989
1988
768
3129
1958
635
1390
1281
15461
1609
1298
7192
2419
2255
1209
832
944
1905
2344
2716
2110
1225
2773
2819
648
1525
1261
6981
905
2052
781
1238
1031
4147
1376
2872
783
1046
931
2425
1862
847
664
2430
1564
2152
16017
4357
1677
2651
1603
4545
8802
7564
10249
6693
1033
6167
998
2398
1025
1852
1018
801
17476
442
1004
1714
1868
1299
1091
11971
2533
2364
489
1384
1217
812
5553
6604
3349
1663
9080
1858
2355
2594
1692
3733
1650
7736
1470
1528
2491
1634
2957
1256
8848
5233
3041
1902
1421
1613
3507
1578
1695
3452
992
2113
1090
859
1385
1579
4678
1611
616
905
1702
3323
1796
813
1037
2066
1998
2398
1409
2039
2449
1816
1524
1017
1147
3636
1586
4700
1002
1240
2474
1653
11142
2015
1433
975
3366
4980
1498
3426
1807
1598
1427
7542
2512
2560
1528
839
757
1435
943
2839
790
3010
1336
3668
2966
1301
2286
2674
1723
1462
1173
1129
1910
15626
701
1047
6523
4961
1509
2912
3462
1498
893
1759
2884
8047
2938
2515
4565
1080
2359
4382
2302
1542
4876
1178
1264
1808
1520
3489
10602
860
1056
3148
2229
920
1106
1060
1507
1395
5089
2214
1219
857
997
1539
2486
1291
908
4496
4884
1911
3067
598
1542
3605
2394
2962
2221
7558
2356
1113
2368
2117
2449
1323
6279
4235
3234
5676
1437
3569
1376
6145
650
4741
2998
1141
818
1038
2824
1055
3497
2507
763
593
2853
3382
2374
887
3301
8509
14976
1641
1878
1758
4998
1236
24167
2451
2490
2043
1511
1237
3124
1953
1832
6784
896
3212
7642
791
1206
964
9330
987
2737
871
702
1979
1546
969
1089
1012
2353
1038
1422
3172
1602
2491
1797
980
7404
1289
1653
1863
1712
784
4679
4092
3707
3506
4242
1997
518
3025
3407
2168
1619
3085
2286
1132
2165
681
15437
3439
1054
1388
2369
1832
2122
11673
7617
1464
1050
3322
1415
982
1433
1458
2162
1476
5892
2702
1504
1576
1246
9907
1192
6068
1342
1831
2050
6199
684
4781
1150
2134
7132
1532
1196
2054
2102
457
643
811
1975
1467
1311
2411
2321
1693
2876
965
6783
1021
4787
1833
6499
7520
1818
8633
910
2342
6989
14482
1062
3258
4173
689
1387
1742
827
3371
1896
1364
2382
1839
1281
930
1048
3355
986
577
5464
6653
1156
2387
3333
632
860
8613
1313
2347
1213
1704
2109
788
5963
2207
7194
1077
945
3360
1636
1022
1390
7816
2313
2379
1318
736
4531
4671
2766
9102
2728
3491
3460
2138
2105
1815
8075
1572
1338
1191
1806
1643
1441
803
1853
1141
4031
586
1276
1864
1421
6107
4657
1721
1982
7658
5555
1568
12154
2412
2586
1751
768
1524
15478
1148
1515
1527
12863
2334
772
9739
2304
1250
1804
2287
465
823
2846
802
1471
2591
1780
12782
9038
7258
2482
8204
5202
8494
1586
3451
1110
1355
1561
2502
2552
3497
679
1736
11283
6786
2764
3696
5627
8328
4880
2337
1179
1241
2945
831
646
2779
17943
12294
2901
1355
3095
1267
25265
1521
718
12378
1681
6310
2692
5155
1135
857
1553
930
1738
971
320
1579
842
945
3836
588
1249
1133
1711
1230
1612
17723
3347
3039
1915
2624
4763
3248
1556
2827
2332
2614
2252
1032
894
2699
2317
4792
1333
1482
2100
913
3128
1742
8038
1990
890
2846
1836
3457
3007
1144
4786
686
4022
1132
1963
14554
769
2126
1492
7759
6735
1310
1836
1223
1691
1757
6675
3077
6112
3445
1020
979
1326
1516
2095
3624
6935
2271
1898
1988
3313
3809
2084
2026
1800
4023
