5458
21320
3052
40502
11630
8587
9215
9228
24835
17470
18103
26118
59827
28902
59370
25611
4977
5309
24340
32933
2127
5304
5201
51928
5882
4324
5611
24500
5262
4968
9885
7174
11694
5072
17575
16331
15572
17674
92401
14012
54820
33391
16980
4716
6844
12848
2839
11715
30175
4183
80895
26595
9804
59781
9095
4206
43350
4595
8980
4627
30704
30989
17549
6560
7125
50015
9453
17580
45666
7334
30491
6795
11086
5456
8310
37249
9660
29056
4716
16660
8925
35519
3439
2306
1859
3987
21306
3299
7252
29496
63086
4799
4459
8728
34938
9063
8420
40262
7850
37814
3083
6489
9964
3386
3895
10885
2737
15068
20195
6664
36101
118170
5057
20364
8784
31110
5939
14105
11765
40653
5767
17852
3840
13126
3920
13400
23963
4854
42486
34983
13164
7285
9404
6566
24862
11765
48328
10405
2984
6450
48149
44583
22006
3918
31662
2685
8343
9741
9737
7148
2076
8598
39846
18207
6246
2549
25581
2642
19401
10907
17048
2004
3994
2671
9159
2360
4297
5077
57908
9092
44294
6932
4906
2709
2370
1530
2239
4187
3965
4318
14135
30859
22315
2986
65724
5492
3659
8289
33798
4084
35521
38888
11655
5476
5546
49623
17409
31855
48900
24187
2178
21162
6666
3927
4074
3432
67209
7223
7471
12522
7505
33838
21154
86239
4873
2421
17944
3377
33084
50546
14937
5880
3858
20398
3214
2338
23716
4983
18265
8983
13729
35154
4976
6807
1360
11001
8154
2411
4650
3858
6631
4381
4392
9208
23112
2570
3631
28212
2542
8328
6432
6275
107644
31844
57784
2015
68686
5515
3607
2431
49738
35429
2023
37556
50770
6361
13690
8475
36241
2309
5347
13654
4007
23854
23449
7281
81813
5342
38606
8618
31357
28232
10049
1995
31023
41381
5610
10811
23216
24291
18409
3487
4752
6604
3128
2911
5167
1862
7878
47249
2717
2429
2539
37327
1692
4788
28405
12579
21889
8437
26141
3859
23403
2702
5298
7838
14957
2955
38525
23237
17827
10204
11697
23216
21996
64651
60550
10439
6965
2846
4881
31646
3957
24525
2152
29983
5367
5783
35940
7001
10542
14728
5808
10798
17647
4510
45486
2370
4118
11343
9488
7395
54123
32269
30315
62131
25252
9786
2942
8162
7896
4423
2783
96560
38113
6638
10116
14322
7373
5785
6944
13388
2434
8553
33452
21642
14535
4573
34762
10441
53572
56079
4827
29506
3734
6347
2649
8046
2469
8454
12971
11074
5619
41199
8792
2515
5505
34669
6564
11726
13621
4898
12750
18577
2040
4373
1551
5908
25090
20876
7635
6636
9309
5104
39144
4223
5170
1946
7129
6385
4076
5333
21456
47059
11475
3614
5556
6381
4775
9649
1724
37614
18029
6312
4627
6018
34742
4365
4253
3429
52113
22703
5835
17345
2457
5889
4436
7947
33579
5254
11146
8574
4618
2699
8092
100004
2405
5868
10175
10125
4798
26028
1765
39631
31930
4936
19117
18295
94739
28968
3713
7308
11607
5998
6421
19027
2704
6834
11195
5429
9181
22452
4034
7699
12951
4658
47372
51501
3034
49232
12219
7004
7771
3644
52285
13341
3124
3470
36271
1731
9813
2620
3392
4879
3415
4824
45769
43261
13839
6223
5669
4518
40185
50667
2869
4401
36029
5645
4725
6217
9618
12390
18088
6105
9188
27597
24871
12437
5150
5120
17494
7152
7230
7964
10434
17990
4901
39782
3972
38341
3898
9544
21205
14466
92875
35517
14274
4706
12761
73290
2838
7277
56432
35002
41182
8944
3136
82575
19348
3738
19692
16280
48668
8827
3696
8807
35502
19534
4127
5341
8263
7576
2056
12866
146078
13183
8775
3091
75698
5337
7459
76961
14551
87107
6050
6139
7589
7082
17893
10565
15559
13483
14288
4422
6462
8699
18763
4481
11541
1675
9688
4210
7941
16041
7928
4094
5242
10321
2815
39185
5102
23110
23621
26877
6861
3609
4681
29371
16276
4940
34394
39413
33884
4369
37727
5486
7694
6411
9561
17905
4211
18298
36375
6805
2286
23540
7645
9785
11071
17508
15702
11558
2087
76771
10630
4869
6352
5431
14773
60788
12403
6659
11310
69823
4158
3098
4062
3244
2703
25687
2452
3869
5614
13348
72521
29472
5212
17814
3436
9007
10457
26438
3738
2200
4313
5912
15800
6364
16901
7257
8937
40523
3759
5629
3737
3042
9716
1261
50865
9043
7231
10001
5701
6594
22898
33032
3876
3713
14758
2710
36932
4439
3020
12584
4559
12506
28993
3522
7853
10418
40340
36529
6869
3360
8671
64015
3373
2851
61651
20581
3657
7451
5599
3088
13434
16625
3666
38233
2233
4067
3617
2355
1955
15527
4055
4201
62994
10985
3138
5771
9483
2968
4950
6895
8489
25327
3776
37107
4873
11902
5154
44033
29292
28369
8516
4079
54181
6749
14183
33349
7435
13017
40365
7361
6853
47537
8711
52504
58440
2799
5297
55446
4022
20767
5608
6005
3742
38911
44884
17061
103336
73669
1500
10266
45947
6274
5530
5132
46591
9260
85551
3254
23693
41916
3469
28980
6096
32221
8406
2657
10564
4586
9994
38236
2533
11355
8392
5323
35717
2385
4415
4672
2875
18121
8030
24078
37109
9440
2002
8027
25288
16909
6897
2574
16902
125374
18835
38285
5134
19894
22699
10451
8497
2139
10658
39789
22409
72214
11911
27299
13545
51928
3882
5053
5901
10341
3940
11680
13567
6025
13106
17236
23023
25169
2086
41837
28917
6801
42938
12117
4504
1813
15279
3374
44204
10104
27175
24287
5065
11741
4240
4920
65464
2639
6077
3213
5871
9459
32070
2973
63514
3703
18476
16876
6955
15628
7386
22172
4511
36689
26824
52423
3255
17676
14569
1785
12217
15439
5098
8986
14595
9784
3337
2435
5921
14627
9257
3689
17090
79214
29901
4863
2979
3338
884
4822
76938
53398
17338
2334
51596
4397
6483
4378
10626
16246
23999
20841
5004
27620
4879
5663
7408
48739
11263
4603
3689
7709
6745
45365
2415
4305
6064
16827
3229
8596
18481
16776
66219
4210
5005
42819
6708
4409
5278
3139
23882
4653
8528
12974
2834
6215
3944
19968
7087
3746
4897
23990
14658
60157
5126
30173
2612
4361
4489
4013
5285
132736
6171
3702
3183
3255
19638
16042
8637
17040
15213
53641
4766
12145
7093
6667
7341
33559
12357
7044
8643
3487
26538
39544
