49548
19560
8601
59717
194152
15486
226907
46489
5866
132859
357661
155286
15938
42547
189339
80645
24049
15179
148818
18439
112997
71817
34904
38832
77419
238565
72062
471357
14916
57184
46672
18202
208303
592611
21826
35215
134333
170114
57107
29161
42583
141671
11541
94632
44403
108984
29941
298129
159887
51141
103016
143543
199617
10335
96569
54997
42417
28797
36277
205925
183801
15597
792048
4532
325251
73485
32216
137142
23094
411016
411185
91815
122788
575315
37723
21627
193649
60305
17313
205235
213192
58248
101961
30345
30408
262505
53192
486021
226455
190012
51829
249513
11309
125839
136183
16464
170158
37206
23610
541462
29563
29458
49772
103649
119570
564945
52024
213562
67063
81579
71602
514700
35670
10075
16971
291056
325128
71922
141450
129042
285860
47221
25209
215383
172880
20938
7228
385465
45330
78788
40552
64765
115817
157371
77175
36217
49587
9547
73677
23348
8095
26013
126413
5241
188754
146719
68255
20637
21341
104472
83464
135737
326922
504404
193887
291667
126456
153562
214247
48806
16013
61064
109261
29657
228895
213159
28737
11459
147317
16950
21432
430815
142030
173707
54197
12857
63471
219366
290004
151822
257586
55648
28026
415718
134617
154847
21998
155749
338803
11978
323770
8863
145021
142608
124159
379581
376981
140195
153640
213272
398798
240742
29618
295995
157577
27995
24146
84246
20917
169333
363057
396011
184854
62389
139985
16402
37265
118000
154177
209061
131217
146564
457934
109801
17040
253906
359554
66931
11255
77851
119671
114152
14064
21475
24539
14508
72268
199992
131706
75531
85572
70359
244314
9134
45159
140774
113046
305362
24937
11247
28799
341296
148613
281625
450605
30966
87212
60321
61912
102606
267845
193763
12789
105701
133122
94733
50015
47396
84689
57525
367103
134967
30452
35785
208314
261370
8740
26994
72107
293087
93888
244466
16236
239526
317355
39587
350160
58253
297920
16336
378791
14461
121059
179232
120672
135936
20972
261986
35627
187899
279277
468562
287282
209071
70786
334520
151467
237280
113310
87367
35265
184519
81467
210251
34729
561766
255467
170485
16642
12011
109031
118406
140516
156761
37166
165341
114287
15202
72135
147542
18064
129077
343383
371303
119851
130771
426807
24549
270381
18688
112671
30552
190499
101320
153908
17458
441478
40250
166102
316568
29367
14244
7616
353171
268664
286004
6807
24462
87767
182679
139067
153440
208014
343984
109553
136306
37501
163871
86023
186562
313509
23345
50558
203395
216943
38077
128472
126393
15661
285943
7683
326401
79818
27833
20037
111125
19097
102085
6982
335144
8058
59140
315572
12727
29804
37106
291603
349015
25261
128343
414495
27222
228612
22332
34613
50843
415505
523984
75252
16044
221797
207249
127470
138429
14825
286308
12269
24054
9676
159031
8998
174363
19323
545332
26885
118423
100415
275932
24970
48008
26037
36606
109820
92942
20546
20533
68696
150931
46570
58241
192551
283276
31259
13064
309321
28815
60142
301563
46784
45295
113658
23607
232686
34116
494425
50368
30813
67255
149185
218982
229626
15030
12880
13608
275651
107119
40622
323300
26793
14384
50985
367971
326920
90444
63791
22388
413379
7230
20153
49990
185656
125391
106890
82263
61553
215355
10163
137089
48744
104005
149207
143258
39187
171233
39333
55530
80820
387976
9533
260150
264408
81734
136123
103489
24506
239211
96580
39196
17860
24743
168643
29559
151422
404959
283366
93323
112053
36455
136770
127723
304108
96311
123245
178667
556622
240138
83336
447817
120562
68540
16701
35548
500014
435212
19430
242615
230434
90421
26349
69569
217625
51145
208088
232807
22550
193266
29623
305781
123890
210366
177590
131321
44258
48723
39718
64262
18840
14019
225275
231005
19679
23858
275065
369462
198478
153372
132522
22945
53033
138454
25581
80830
105926
62637
163084
302817
94038
38773
39182
124394
28034
124179
122382
265514
176467
577839
51925
11281
66473
255749
89405
137985
151974
160331
39292
120289
42322
25195
149461
88785
9177
41286
123631
50211
501226
128806
242642
186387
297664
44028
195234
125430
493975
89837
65764
11299
342906
46009
153830
141192
275716
51912
122294
14942
224100
462164
59188
220775
259399
95717
16679
371481
115386
387489
8717
165843
254427
35372
271612
141021
310450
150163
24828
33271
391016
11947
35258
40415
15778
108597
186609
169120
284116
53322
14246
369291
180268
20276
298803
192637
48756
243442
183228
10986
31158
45652
42800
16463
95546
23873
171228
25115
184449
59950
128334
283519
71030
13864
29598
232724
35317
5601
314117
89036
268990
26282
47799
237444
31912
104157
845742
15646
91537
330320
361860
8266
243212
43581
15484
52742
49059
19118
64227
387280
37222
28569
30718
526120
498090
43243
28466
401997
95870
123570
16047
494025
36966
58002
72542
368190
17827
402726
16177
8596
326279
47058
116458
206752
307814
74853
96013
81230
459052
75109
149532
20606
92942
26088
491650
41664
40791
26275
10173
19989
123593
8587
73781
283715
112423
311295
265902
449150
140804
211571
194309
170417
109770
100948
45179
37438
34724
47466
69219
34607
63227
54890
123733
22398
129730
71175
20512
193331
15554
47575
36068
624137
195508
315183
553021
313338
62904
10719
154603
9636
120044
484283
429957
203495
107500
226534
315640
69241
344391
66363
99538
51333
14730
301394
30458
31293
21716
14510
93343
134077
343087
410340
13629
287587
628028
104928
262890
161919
227590
147998
248852
51787
144346
258187
55130
415859
89894
151855
433254
202297
126626
362886
325095
537149
26637
105781
162510
106267
298422
37044
113683
17613
11014
272157
283692
347635
34417
84385
264383
305856
19565
10238
115858
247847
464955
293550
28825
157099
392525
179901
85963
43380
267681
22506
499829
24778
194551
129715
42319
170044
239085
115021
10252
185270
111095
153630
560607
124547
16065
359276
44410
5724
22919
6969
597887
711143
367405
17652
304788
80924
417689
29567
114258
132359
547924
44129
28100
54760
10997
70083
15219
61066
131998
48057
57347
116844
30361
108316
98264
335446
104597
301664
85122
17909
59051
517089
50260
28219
314887
39614
27777
21199
30612
11332
120817
310094
302039
176728
82722
16504
146562
120463
23693
6813
242025
142162
72824
61491
318153
208735
297236
44867
84837
372926
64611
266097
172252
203989
63526
52348
20538
26845
48150
279594
14546
227713
109714
172092
126622
156597
281115
100330
89496
30371
40653
5338
124413
18189
186002
158418
216310
14289
66794
63994
21389
14115
17682
39249
278168
194767
227384
154849
81777
78972
177810
18561
173219
14971
168104
418665
104301
54692
56420
288787
234208
85900
8757
33339
17414
409504
159272
23431
27602
111123
28579
11313
