11029,0,43,0,0,87,0
124000,0,96,0,0,43,0
65627,0,104,0,0,102,0
304120,0,109,4,0,112,0
31429,0,68,0,0,84,0
21528,0,152,0,0,71,0
97944,0,79,1,0,84,0
24937,0,115,1,0,76,0
137066,0,72,5,0,74,0
18039,0,53,0,0,83,0
5723,0,84,0,0,85,0
71032,0,108,0,0,60,0
39295,0,73,2,0,109,0
43461,0,62,0,0,65,0
135945,0,50,0,0,91,0
134928,0,89,2,0,84,0
29494,0,78,1,0,68,0
117569,0,87,8,0,59,0
53207,0,98,3,0,83,0
94977,0,91,2,0,53,0
71550,0,78,4,0,48,0
3409,0,120,0,0,57,0
59356,0,81,1,0,60,0
31244,0,45,0,0,52,0
20535,0,53,1,0,83,0
30771,0,72,0,0,119,0
77800,0,75,0,0,60,0
103760,0,87,0,0,102,0
106641,0,92,5,0,105,0
152042,0,72,2,0,60,0
128821,0,117,3,0,77,0
5298,0,60,0,0,82,0
43586,0,67,0,0,64,0
96547,0,109,11,0,96,0
35061,0,71,1,0,124,0
132642,0,74,3,0,135,0
37794,0,67,0,0,43,0
23239,0,96,0,0,71,0
73446,0,88,1,0,68,0
15723,0,77,0,0,80,0
203946,0,57,7,0,109,0
11700,0,97,0,0,78,0
2941,0,93,0,0,44,0
5474,0,86,0,0,111,0
11691,0,74,0,0,63,0
13240,0,64,2,0,98,0
89268,0,48,0,0,62,0
57617,0,56,0,0,75,0
80882,0,55,0,0,140,0
90237,0,94,0,0,146,0
3656,0,88,0,0,95,0
8574,0,60,0,0,33,0
113104,0,67,4,0,91,0
4292,0,74,0,0,60,0
30133,0,111,0,0,91,0
19011,0,112,0,0,100,0
78632,0,76,0,0,65,0
4939,0,51,0,0,62,0
24478,0,63,0,0,111,0
68590,0,52,2,0,76,0
33813,0,110,3,0,84,0
11779,0,124,1,0,65,0
8955,0,64,1,0,60,0
53190,0,157,0,0,109,0
15599,0,97,0,0,82,0
20017,0,84,1,0,141,0
52846,0,61,0,0,64,0
147258,0,71,0,0,108,0
78761,0,103,0,0,92,0
30395,0,114,0,0,95,0
66720,0,106,1,0,112,0
68408,0,70,1,0,58,0
75173,0,109,7,0,79,0
51350,0,81,1,0,55,0
129383,0,57,1,0,105,0
82564,0,80,0,0,102,0
5718,0,120,0,0,87,0
26404,0,108,0,0,74,0
29589,0,34,0,0,69,0
5699,0,62,1,0,43,0
99249,0,104,0,0,97,0
25661,0,109,1,0,104,0
96318,0,56,4,0,177,0
53129,0,105,2,0,57,0
35617,0,37,4,0,79,0
44106,0,62,2,0,104,0
34973,0,76,1,0,62,0
14945,0,67,0,0,42,0
15562,0,105,0,0,111,0
25490,0,78,2,0,116,0
150685,0,83,3,0,47,0
3194,0,85,0,0,71,0
61286,0,100,1,0,98,0
75101,0,87,2,0,87,0
58785,0,138,4,0,100,0
9404,0,93,2,0,93,0
5320,0,80,0,0,65,0
8303,0,72,1,0,55,0
147978,0,88,11,0,134,0
20662,0,80,0,0,50,0
133159,0,60,5,0,130,0
131814,0,136,4,0,110,0
171374,0,77,3,0,107,0
90609,0,58,4,0,103,0
67692,0,83,0,0,95,0
20360,0,88,0,0,85,0
15437,0,161,0,0,153,0
50504,0,86,1,0,63,0
56066,0,104,4,0,63,0
4958,0,47,0,0,37,0
82257,0,77,6,0,60,0
80409,0,105,0,0,102,0
31754,0,83,0,0,100,0
44193,0,38,0,0,56,0
5835,0,106,3,0,82,0
108021,0,130,1,0,76,0
181865,0,61,7,0,59,0
75764,0,72,2,0,116,0
17594,0,87,0,0,60,0
3554,0,84,0,0,74,0
11025,0,99,0,0,67,0
12906,0,156,1,0,150,0
119341,0,82,0,0,88,0
103567,0,60,0,0,86,0
50962,0,91,0,0,73,0
25941,0,133,0,0,67,0
92265,0,39,2,0,87,0
25884,0,61,1,0,99,0
17395,0,71,0,0,68,0
109333,0,37,0,0,147,0
82435,0,92,1,0,110,0
189173,0,77,7,0,75,0
52300,0,95,2,0,78,0
25920,0,85,1,0,92,0
102108,0,46,1,0,110,0
37053,0,68,3,0,89,0
84509,0,70,1,0,119,0
14059,0,70,1,0,61,0
56590,0,42,1,0,47,0
10726,0,100,0,0,82,0
56408,0,82,0,0,135,0
2555,0,94,0,0,64,0
211383,0,100,7,0,95,0
74104,0,74,0,0,67,0
59296,0,54,0,0,149,0
12121,0,77,0,0,58,0
42855,0,115,0,0,47,0
16695,0,116,0,0,30,0
17690,0,94,0,0,53,0
13455,0,60,2,0,38,0
49184,0,100,2,0,74,0
22864,0,62,0,0,110,0
89150,0,99,0,0,84,0
79794,0,56,0,0,82,0
80706,0,69,1,0,122,0
51245,0,89,0,0,47,0
39072,0,97,1,0,64,0
29949,0,113,1,0,100,0
62599,0,65,4,0,41,0
72227,0,90,0,0,91,0
18572,0,107,1,0,134,0
5306,0,94,0,0,80,0
46647,0,167,0,0,120,0
260074,0,55,0,0,76,0
46312,0,119,5,0,49,0
167327,0,156,6,0,88,0
74055,0,92,6,0,116,0
60409,0,87,4,0,86,0
38175,0,108,2,0,61,0
40545,0,71,0,0,67,0
61481,0,79,0,0,86,0
8745,0,101,0,0,112,0
6731,0,103,2,0,81,0
156180,0,96,2,0,88,0
2627,0,47,0,0,60,0
71916,0,43,0,0,119,0
149149,0,151,0,0,88,0
116438,0,150,0,0,135,0
13805,0,59,0,0,89,0
35810,0,73,1,0,65,0
106442,0,113,0,0,70,0
5462,0,57,1,0,45,0
32299,0,65,1,0,82,0
47227,0,85,0,0,57,0
6692,0,78,2,0,102,0
55250,0,67,0,0,88,0
58019,0,78,2,0,98,0
14850,0,87,0,0,61,0
59483,0,88,2,0,81,0
10670,0,72,0,0,108,0
129878,0,77,0,0,86,0
29375,0,83,0,0,42,0
154931,0,80,5,0,115,0
3378,0,122,0,0,105,0
45824,0,102,0,0,71,0
82227,0,57,3,0,87,0
12712,0,56,1,0,100,0
9086,0,73,1,0,43,0
51973,0,65,2,0,57,0
48452,0,48,0,0,64,0
21154,0,88,0,0,102,0
60922,0,93,4,0,91,0
15319,0,30,0,0,92,0
43527,0,78,0,0,49,0
107685,0,133,0,0,101,0
40432,0,39,3,0,153,0
70986,0,109,1,0,53,0
3528,0,55,1,0,116,0
59107,0,126,3,0,46,0
29004,0,69,1,0,84,0
17331,0,149,1,0,89,0
52299,0,82,2,0,102,0
70387,0,112,0,0,72,0
63679,0,74,1,0,84,0
13553,0,90,0,0,88,0
4023,0,106,0,0,72,0
26832,0,111,1,0,72,0
114696,0,109,10,0,117,0
42527,0,105,1,0,71,0
128290,0,155,4,0,74,0
26090,0,109,0,0,176,0
52085,0,84,4,0,100,0
45536,0,117,0,0,50,0
37155,0,136,0,0,78,0
52637,0,72,4,0,97,0
54063,0,83,2,0,65,0
46413,0,77,0,0,112,0
77958,0,66,0,0,64,0
4140,0,85,0,0,152,0
119326,0,72,2,0,78,0
98965,0,80,4,0,84,0
100790,0,94,2,0,98,0
62937,0,126,0,0,60,0
71623,0,89,0,0,92,0
6356,0,97,0,0,63,0
44118,0,81,2,0,90,0
210202,0,53,4,0,68,0
150217,0,45,3,0,79,0
14964,0,80,0,0,58,0
45596,0,105,2,0,84,0
17571,0,87,0,0,76,0
18316,0,102,0,0,75,0
44010,0,98,0,0,83,0
29804,0,40,1,0,82,0
129318,0,80,0,0,64,0
22842,0,89,3,0,109,0
146341,0,100,3,0,64,0
107953,0,54,0,0,95,0
49727,0,117,0,0,122,0
17504,0,70,1,0,85,0
80466,0,124,5,0,54,0
89760,0,129,0,0,62,0
33907,0,119,1,0,128,0
7388,0,117,0,0,152,0
4743,0,81,0,0,64,0
65664,0,34,4,0,131,0
107056,0,109,0,0,95,0
17501,0,60,0,0,54,0
105713,0,76,6,0,81,0
98245,0,88,4,0,63,0
148579,0,92,2,0,92,0
4528,0,43,0,0,88,0
81066,0,64,1,0,120,0
2770,0,68,0,0,98,0
48272,0,98,0,0,92,0
52658,0,75,0,0,80,0
4101,0,87,0,0,122,0
84733,0,52,4,0,99,0
80361,0,89,0,0,92,0
52266,0,60,0,0,60,0
82579,0,85,0,0,81,0
4113,0,76,1,0,66,0
54082,0,63,0,0,105,0
7455,0,117,0,0,75,0
2635,0,89,0,0,108,0
7854,0,72,0,0,52,0
233197,0,91,0,0,64,0
91251,0,83,0,0,65,0
62656,0,101,0,0,98,0
68519,0,98,0,0,97,0
72621,0,121,4,0,45,0
51921,0,51,0,0,73,0
177223,0,72,1,0,45,0
28008,0,75,1,0,71,0
33369,0,63,0,0,143,0
171620,0,193,4,0,74,0
11792,0,82,0,0,41,0
26733,0,53,0,0,104,0
71966,0,75,1,0,92,0
106841,0,80,3,0,33,0
3785,0,47,2,0,52,0
54183,0,50,1,0,89,0
80107,0,101,1,0,83,0
16539,0,80,0,0,140,0
18362,0,125,0,0,74,0
178422,0,42,0,0,108,0
167077,0,94,4,0,39,0
6447,0,125,0,0,92,0
21921,0,133,0,0,95,0
66817,0,80,0,0,106,0
80914,0,83,1,0,83,0
5381,0,49,0,0,71,0
3851,0,74,0,0,99,0
4707,0,126,0,0,36,0
66293,0,78,5,0,131,0
90066,0,62,2,0,159,0
30696,0,50,1,0,85,0
45333,0,36,1,0,101,0
58391,0,95,1,0,66,0
195775,0,78,0,0,76,0
57638,0,74,0,0,54,0
36702,0,48,3,0,117,0
2405,0,111,0,0,110,0
87382,0,96,1,0,49,0
24941,0,71,0,0,70,0
17962,0,58,1,0,83,0
19263,0,49,0,0,51,0
47517,0,114,2,0,56,0
37559,0,128,0,0,104,0
70590,0,125,6,0,63,0
110933,0,42,0,0,75,0
2028,0,104,0,0,59,0
38833,0,58,0,0,61,0
178973,0,96,2,0,48,0
93328,0,66,3,0,65,0
11607,0,66,0,0,97,0
79977,0,57,0,0,108,0
3722,0,103,0,0,80,0
93482,0,146,3,0,84,0
52118,0,53,2,0,94,0
41404,0,62,0,0,105,0
45962,0,90,0,0,107,0
3019,0,90,3,0,63,0
18925,0,70,1,0,86,0
21114,0,94,0,0,98,0
89003,0,51,2,0,98,0
3251,0,52,0,0,92,0
29914,0,67,0,0,80,0
60120,0,100,1,0,91,0
143369,0,119,1,0,85,0
69039,0,65,1,0,90,0
50919,0,101,1,0,39,0
89424,0,119,0,0,88,0
17610,0,41,1,0,100,0
75273,0,63,1,0,87,0
53129,0,59,0,0,133,0
32741,0,88,2,0,44,0
56744,0,69,1,0,64,0
63579,0,107,2,0,53,0
101515,0,49,0,0,123,0
164682,0,73,0,0,83,0
154236,0,87,0,0,85,0
48412,0,65,0,0,54,0
7105,0,57,0,0,28,0
38359,0,63,1,0,95,0
60237,0,96,2,0,99,0
86221,0,72,2,0,74,0
95447,0,76,3,0,96,0
24918,0,100,0,0,59,0
168510,0,37,3,0,76,0
180187,0,66,1,0,78,0
80452,0,71,2,0,81,0
27409,0,88,1,0,70,0
45765,0,56,0,0,77,0
11317,0,84,1,0,104,0
54339,0,87,0,0,79,0
25636,0,67,0,0,105,0
4380,0,68,1,0,53,0
8489,0,93,0,0,73,0
25446,0,55,2,0,96,0
31736,0,118,0,0,101,0
39746,0,124,1,0,76,0
91052,0,169,0,0,77,0
107944,0,96,1,0,116,0
90888,0,77,1,0,71,0
100348,0,111,2,0,103,0
50736,0,75,1,0,62,0
47782,0,78,2,0,127,0
92370,0,68,1,0,113,0
16274,0,142,0,0,66,0
10831,0,92,0,0,79,0
176979,0,148,0,0,104,0
78499,0,75,1,0,57,0
72338,0,96,0,0,57,0
117567,0,84,1,0,47,0
60844,0,75,1,0,71,0
63288,0,68,1,0,79,0
7992,0,149,0,0,37,0
57690,0,115,1,0,93,0
103614,0,104,1,0,99,0
3858,0,83,0,0,97,0
46229,0,82,0,0,103,0
54653,0,117,3,0,73,0
27247,0,48,1,0,52,0
16996,0,60,1,0,86,0
5324,0,67,0,0,100,0
11737,0,57,0,0,70,0
71450,0,134,2,0,59,0
65188,0,69,1,0,146,0
25058,0,69,1,0,47,0
86776,0,63,2,0,105,0
51329,0,101,3,0,72,0
71604,0,126,1,0,90,0
38803,0,52,0,0,97,0
58474,0,60,4,0,73,0
16077,0,85,0,0,115,0
108120,0,57,1,0,53,0
108805,0,61,0,0,87,0
149336,0,48,7,0,125,0
27570,0,53,0,0,93,0
35436,0,61,0,0,41,0
136056,0,139,4,0,87,0
5750,0,34,0,0,64,0
24112,0,86,2,0,105,0
66621,0,79,9,0,75,0
20523,0,76,0,0,55,0
137382,0,92,1,0,97,0
21380,0,76,0,0,67,0
88217,0,54,1,0,66,0
159653,0,73,0,0,87,0
141984,0,107,3,0,59,0
158483,0,77,3,0,90,0
18625,0,59,0,0,85,0
12651,0,79,0,0,116,0
43801,0,73,0,0,19,0
41605,0,84,0,0,48,0
79136,0,78,0,0,124,0
85582,0,108,1,0,69,0
16322,0,88,1,0,82,0
12386,0,68,0,0,30,0
45353,0,97,0,0,114,0
90287,0,98,2,0,62,0
49285,0,82,0,0,72,0
73199,0,92,2,0,83,0
28896,0,101,0,0,97,0
49293,0,66,4,0,86,0
188121,0,70,0,0,104,0
17856,0,97,0,0,44,0
32826,0,89,2,0,112,0
44411,0,67,0,0,135,0
28521,0,86,0,0,106,0
111689,0,130,0,0,88,0
25545,0,102,2,0,127,0
9390,0,84,0,0,101,0
145703,0,64,0,0,146,0
135848,0,104,4,0,110,0
103499,0,60,1,0,92,0
154282,0,118,9,0,72,0
108424,0,71,3,0,84,0
142587,0,110,0,0,102,0
73702,0,54,1,0,70,0
92594,0,71,3,0,62,0
61651,0,77,0,0,97,0
100309,0,61,1,0,60,0
44446,0,126,0,0,65,0
27266,0,51,0,0,71,0
6152,0,69,0,0,65,0
10588,0,67,0,0,64,0
10798,0,71,1,0,79,0
65983,0,107,0,0,138,0
56617,0,126,0,0,60,0
35738,0,69,0,0,57,0
33047,0,88,0,0,62,0
80719,0,64,0,0,138,0
194716,0,77,7,0,88,0
9462,0,72,0,0,112,0
121954,0,96,5,0,79,0
98248,0,86,2,0,87,0
126634,0,56,3,0,96,0
91071,0,103,1,0,131,0
90108,0,77,7,0,104,0
147438,0,44,6,0,57,0
82326,0,46,1,0,75,0
28299,0,112,0,0,105,0
19726,0,92,1,0,70,0
128969,0,68,0,0,119,0
86957,0,62,2,0,111,0
100302,0,84,3,0,69,0
5479,0,108,0,0,73,0
2617,0,68,0,0,73,0
90968,0,166,3,0,66,0
121443,0,66,4,0,90,0
6590,0,98,0,0,79,0
73698,0,121,2,0,63,0
67224,0,108,0,0,85,0
131143,0,106,2,0,116,0
53210,0,85,1,0,116,0
64101,0,62,1,0,71,0
200334,0,40,0,0,80,0
2796,0,93,0,0,104,0
78530,0,59,1,0,72,0
21755,0,113,2,0,70,0
17638,0,95,0,0,56,0
61044,0,90,1,0,97,0
81500,0,145,5,0,101,0
37529,0,121,0,0,111,0
30733,0,64,0,0,57,0
156891,0,80,1,0,99,0
8603,0,78,1,0,60,0
98062,0,82,2,0,72,0
42918,0,79,0,0,95,0
56795,0,70,0,0,64,0
60004,0,78,0,0,45,0
11685,0,56,0,0,63,0
96124,0,66,5,0,78,0
68130,0,46,0,0,55,0
181150,0,124,11,0,137,0
14845,0,70,0,0,61,0
56810,0,109,4,0,92,0
19609,0,69,2,0,73,0
113825,0,96,3,0,68,0
70906,0,79,4,0,92,0
43486,0,79,1,0,60,0
5450,0,91,0,0,60,0
21265,0,81,0,0,70,0
166827,0,133,2,0,53,0
8837,0,66,0,0,48,0
236029,0,108,2,0,71,0
38535,0,66,0,0,76,0
53845,0,89,0,0,73,0
7599,0,80,0,0,84,0
111740,0,73,1,0,107,0
63039,0,106,0,0,78,0
3563,0,98,1,0,80,0
16760,0,91,2,0,83,0
20937,0,66,3,0,110,0
4328,0,130,0,0,79,0
20077,0,85,0,0,58,0
56916,0,82,0,0,78,0
59390,0,225,1,0,77,0
2124,0,76,0,0,128,0
14305,0,62,1,0,99,0
25862,0,109,0,0,51,0
38197,0,91,2,0,77,0
138498,0,75,7,0,80,0
28074,0,94,2,0,52,0
76446,0,81,2,0,125,0
141378,0,97,2,0,82,0
19057,0,58,0,0,125,0
44842,0,97,0,0,89,0
98144,0,49,2,0,98,0
79869,0,91,5,0,87,0
162983,0,92,7,0,102,0
14641,0,53,1,0,79,0
5774,0,46,0,0,54,0
61269,0,76,0,0,44,0
47233,0,51,0,0,88,0
44731,0,106,3,0,41,0
268837,0,57,7,0,84,0
104858,0,68,1,0,80,0
114196,0,73,0,0,96,0
26598,0,96,0,0,52,0
138914,0,140,1,0,107,0
237960,0,67,5,0,67,0
27977,0,53,0,0,59,0
31907,0,52,0,0,91,0
46513,0,94,3,0,56,0
96589,0,90,7,0,101,0
138898,0,159,1,0,73,0
51725,0,84,0,0,129,0
9940,0,58,0,0,104,0
313250,0,152,6,0,106,0
4321,0,74,1,0,64,0
60814,0,62,2,0,49,0
103153,0,41,3,0,94,0
173424,0,59,6,0,98,0
85905,0,81,0,0,65,0
140831,0,66,5,0,54,0
4559,0,80,0,0,81,0
32749,0,57,0,0,91,0
5095,0,110,0,0,67,0
1914,0,53,0,0,64,0
4776,0,124,0,0,120,0
13830,0,82,0,0,67,0
8488,0,100,0,0,102,0
112811,0,94,1,0,69,0
12233,0,78,0,0,114,0
137085,0,142,3,0,112,0
28580,0,94,1,0,76,0
13802,0,81,0,0,49,0
92710,0,55,1,0,88,0
36670,0,95,1,0,49,0
49358,0,71,0,0,128,0
67043,0,57,0,0,72,0
90392,0,108,5,0,82,0
189595,0,144,0,0,104,0
23168,0,35,0,0,92,0
140981,0,75,5,0,93,0
18318,0,62,0,0,110,0
143623,0,112,4,0,94,0
18315,0,44,0,0,72,0
53731,0,49,0,0,79,0
128547,0,147,5,0,123,0
5674,0,85,0,0,80,0
39935,0,59,0,0,83,0
206971,0,101,3,0,97,0
16196,0,97,0,0,100,0
97123,0,115,0,0,98,0
40889,0,97,1,0,93,0
129556,0,62,1,0,103,0
18243,0,71,1,0,150,0
24237,0,95,0,0,51,0
3925,0,51,0,0,69,0
6599,0,79,0,0,118,0
57925,0,95,0,0,63,0
389112,0,97,10,0,86,0
18329,0,60,1,0,88,0
24225,0,86,0,0,68,0
37215,0,63,3,0,74,0
72872,0,81,0,0,96,0
120550,0,52,5,0,78,0
18941,0,62,0,0,100,0
179626,0,71,6,0,133,0
144730,0,113,6,0,60,0
43627,0,63,0,0,87,0
117211,0,80,0,0,153,0
158192,0,77,2,0,64,0
58820,0,59,0,0,85,0
124587,0,159,2,0,84,0
75002,0,82,4,0,107,0
14465,0,81,1,0,100,0
24096,0,86,1,0,103,0
29702,0,69,0,0,72,0
81312,0,92,2,0,114,0
28906,0,118,0,0,107,0
11331,0,67,1,0,101,0
5084,0,39,0,0,73,0
25215,0,136,1,0,92,0
32213,0,49,0,0,97,0
51910,0,122,0,0,54,0
181840,0,87,6,0,106,0
65933,0,73,1,0,80,0
57448,0,141,2,0,86,0
21274,0,61,2,0,41,0
25401,0,97,0,0,128,0
5730,0,88,1,0,90,0
25326,0,57,0,0,60,0
8940,0,64,0,0,55,0
19543,0,63,0,0,105,0
139030,0,67,0,0,138,0
86288,0,57,4,0,76,0
93071,0,73,5,0,77,0
60046,0,57,0,0,106,0
14125,0,110,0,0,53,0
9005,0,112,0,0,64,0
146555,0,70,3,0,105,0
76122,0,91,0,0,82,0
118985,0,93,3,0,68,0
48235,0,82,0,0,57,0
37845,0,47,0,0,126,0
21535,0,67,0,0,78,0
60230,0,119,0,0,86,0
12933,0,60,0,0,41,0
83288,0,85,5,0,117,0
4983,0,58,0,0,55,0
76288,0,71,0,0,33,0
254881,0,112,0,0,133,0
102267,0,91,0,0,72,0
50666,0,94,0,0,61,0
129400,0,126,6,0,86,0
3725,0,99,0,0,77,0
73603,0,67,1,0,77,0
63095,0,96,0,0,41,0
68215,0,52,1,0,78,0
205037,0,102,4,0,91,0
35032,0,92,0,0,81,0
98177,0,106,3,0,48,0
120253,0,79,0,0,131,0
10385,0,78,0,0,44,0
41978,0,47,0,0,82,0
115642,0,96,3,0,70,0
106999,0,90,2,0,102,0
41729,0,70,5,0,86,0
21845,0,140,0,0,67,0
118081,0,66,0,0,56,0
48225,0,44,1,0,87,0
112360,0,125,1,0,52,0
41683,0,94,0,0,135,0
61041,0,104,0,0,97,0
46376,0,60,1,0,74,0
43445,0,146,2,0,124,0
205421,0,52,1,0,94,0
3831,0,90,0,0,65,0
53256,0,118,0,0,79,0
33068,0,71,1,0,53,0
140298,0,68,1,0,148,0
71234,0,97,2,0,108,0
101048,0,106,0,0,95,0
149630,0,126,3,0,57,0
3294,0,46,0,0,82,0
56133,0,81,0,0,115,0
10836,0,116,0,0,49,0
7808,0,71,1,0,86,0
103164,0,90,4,0,93,0
42853,0,97,0,0,91,0
79574,0,123,3,0,71,0
22351,0,88,0,0,78,0
229802,0,100,4,0,89,0
111277,0,64,4,0,59,0
28825,0,120,0,0,88,0
164548,0,70,0,0,124,0
125112,0,86,7,0,79,0
6127,0,102,0,0,95,0
83853,0,63,0,0,73,0
15678,0,97,0,0,69,0
84639,0,89,1,0,145,0
99426,0,105,6,0,114,0
58039,0,108,0,0,151,0
132073,0,62,0,0,102,0
10541,0,79,0,0,65,0
22604,0,66,0,0,49,0
40758,0,44,1,0,40,0
136816,0,60,7,0,68,0
27141,0,113,1,0,141,0
12471,0,52,0,0,66,0
2948,0,67,0,0,85,0
35749,0,49,0,0,128,0
96957,0,104,6,0,64,0
27600,0,89,0,0,37,0
141118,0,86,3,0,90,0
25650,0,82,0,0,66,0
202300,0,142,0,0,61,0
31208,0,125,0,0,93,0
88864,0,91,0,0,129,0
22125,0,57,0,0,117,0
33531,0,100,0,0,126,0
45223,0,72,0,0,41,0
13329,0,62,1,0,118,0
6232,0,93,0,0,50,0
8405,0,92,1,0,56,0
21269,0,57,0,0,46,0
93993,0,67,1,0,98,0
80796,0,76,0,0,64,0
85326,0,37,1,0,97,0
4283,0,72,0,0,81,0
110764,0,60,1,0,63,0
89782,0,57,0,0,66,0
71261,0,58,0,0,120,0
87496,0,75,0,0,72,0
79779,0,102,1,0,79,0
103895,0,73,7,0,51,0
20306,0,101,0,0,44,0
179712,0,74,11,0,145,0
98377,0,94,0,0,91,0
154495,0,78,1,0,40,0
8316,0,46,1,0,142,0
20074,0,65,0,0,54,0
16392,0,52,0,0,69,0
39383,0,32,0,0,100,0
33374,0,51,3,0,99,0
79998,0,82,3,0,57,0
24984,0,51,0,0,57,0
35949,0,64,0,0,116,0
33613,0,65,0,0,66,0
64293,0,108,1,0,48,0
27095,0,45,1,0,115,0
39080,0,69,4,0,89,0
29896,0,73,0,0,93,0
16084,0,77,0,0,63,0
78061,0,55,3,0,64,0
35495,0,34,0,0,46,0
24827,0,54,1,0,96,0
68180,0,89,0,0,115,0
29707,0,87,2,0,109,0
15375,0,116,0,0,125,0
4351,0,68,1,0,77,0
60324,0,110,0,0,60,0
13815,0,44,1,0,35,0
35907,0,70,0,0,61,0
96885,0,96,3,0,96,0
54016,0,79,1,0,61,0
208856,0,87,7,0,118,0
24755,0,96,0,0,106,0
5405,0,105,1,0,92,0
134892,0,71,3,0,86,0
25230,0,41,1,0,79,0
154747,0,53,0,0,60,0
257194,0,70,3,0,167,0
76867,0,103,0,0,44,0
61238,0,89,0,0,94,0
314441,0,103,9,0,88,0
15176,0,90,0,0,104,0
202036,0,134,7,0,88,0
116369,0,45,0,0,97,0
257093,0,56,2,0,96,0
120238,0,172,1,0,65,0
43454,0,104,4,0,88,0
15279,0,94,1,0,80,0
67705,0,90,0,0,63,0
30587,0,62,3,0,96,0
215288,0,104,3,0,129,0
30905,0,68,0,0,117,0
155435,0,90,5,0,55,0
40589,0,80,0,0,97,0
8662,0,59,0,0,51,0
22639,0,68,0,0,81,0
61402,0,94,2,0,86,0
362241,0,95,1,0,107,0
112423,0,69,0,0,57,0
178446,0,66,0,0,82,0
14970,0,129,2,0,66,0
147758,0,51,15,0,139,0
23821,0,88,0,0,81,0
26330,0,90,2,0,54,0
12213,0,115,0,0,82,0
86352,0,104,0,0,55,0
29891,0,62,3,0,108,0
4070,0,119,1,0,131,0
17013,0,59,0,0,131,0
136970,0,70,0,0,86,0
32641,0,141,0,0,68,0
191919,0,81,0,0,75,0
56081,0,68,2,0,84,0
73672,0,81,3,0,79,0
78566,0,96,1,0,94,0
154648,0,61,7,0,90,0
55718,0,149,0,0,57,0
158599,0,70,1,0,83,0
44736,0,117,0,0,49,0
112291,0,43,2,0,83,0
20268,0,60,0,0,78,0
287818,0,72,1,0,76,0
71578,0,84,1,0,100,0
9360,0,129,1,0,92,0
160124,0,58,2,0,90,0
13231,0,86,0,0,137,0
83148,0,69,0,0,94,0
4258,0,100,0,0,94,0
117631,0,95,0,0,101,0
82048,0,75,0,0,43,0
8671,0,78,0,0,100,0
5852,0,88,0,0,117,0
46592,0,91,2,0,80,0
44192,0,75,1,0,47,0
113765,0,67,3,0,116,0
122258,0,96,7,0,106,0
14069,0,73,0,0,73,0
12417,0,86,0,0,151,0
18061,0,95,1,0,133,0
11794,0,71,0,0,53,0
8212,0,84,1,0,96,0
2160,0,56,0,0,81,0
13117,0,90,1,0,52,0
174058,0,95,4,0,67,0
4470,0,125,0,0,97,0
98537,0,99,3,0,128,0
56905,0,54,2,0,40,0
79493,0,71,4,0,83,0
20102,0,77,0,0,86,0
11595,0,71,1,0,112,0
97484,0,94,4,0,85,0
61575,0,82,0,0,89,0
4862,0,75,0,0,79,0
45565,0,110,2,0,114,0
71272,0,96,0,0,66,0
7485,0,72,0,0,84,0
131338,0,96,0,0,91,0
74257,0,63,0,0,62,0
18305,0,97,0,0,41,0
22506,0,107,0,0,82,0
25557,0,82,1,0,97,0
116669,0,82,5,0,54,0
77468,0,71,1,0,75,0
77061,0,71,2,0,48,0
116182,0,117,2,0,76,0
267249,0,72,0,0,89,0
123981,0,85,2,0,88,0
243892,0,117,3,0,100,0
225251,0,114,1,0,115,0
61339,0,79,1,0,80,0
4139,0,79,1,0,99,0
121798,0,82,0,0,120,0
165915,0,99,2,0,77,0
17603,0,118,0,0,84,0
9594,0,123,0,0,68,0
68970,0,70,5,0,60,0
84103,0,58,5,0,69,0
12926,0,60,0,0,130,0
186563,0,194,2,0,91,0
25633,0,129,0,0,92,0
18046,0,75,1,0,82,0
104443,0,131,0,0,83,0
24277,0,74,0,0,104,0
194971,0,69,4,0,103,0
195940,0,83,6,0,44,0
99772,0,64,2,0,55,0
2262,0,66,0,0,67,0
81675,0,49,1,0,95,0
108814,0,48,2,0,98,0
10602,0,42,0,0,53,0
43925,0,132,2,0,70,0
233786,0,86,6,0,95,0
63471,0,83,1,0,57,0
31576,0,65,5,0,86,0
23648,0,60,0,0,104,0
8179,0,60,0,0,113,0
107304,0,125,8,0,77,0
70846,0,112,0,0,88,0
72490,0,95,0,0,76,0
10450,0,78,0,0,104,0
2083,0,81,0,0,82,0
155152,0,82,0,0,61,0
25286,0,85,1,0,129,0
119136,0,64,9,0,81,0
113362,0,116,0,0,57,0
96096,0,121,2,0,72,0
114421,0,55,1,0,103,0
85720,0,79,2,0,63,0
55302,0,55,0,0,66,0
90750,0,56,2,0,87,0
30199,0,85,0,0,65,0
106371,0,101,8,0,102,0
11440,0,92,0,0,89,0
4851,0,65,0,0,51,0
45347,0,55,0,0,73,0
36149,0,54,2,0,134,0
73286,0,90,0,0,65,0
48897,0,92,0,0,93,0
47222,0,95,2,0,126,0
4362,0,77,0,0,61,0
18692,0,56,0,0,71,0
58466,0,113,1,0,70,0
123504,0,106,3,0,116,0
117948,0,87,0,0,41,0
327932,0,98,8,0,93,0
95293,0,96,0,0,71,0
4942,0,70,0,0,46,0
241790,0,78,10,0,71,0
35212,0,50,0,0,92,0
48045,0,51,0,0,88,0
8004,0,74,0,0,61,0
83935,0,113,4,0,82,0
86348,0,78,1,0,67,0
15170,0,70,1,0,74,0
11501,0,80,0,0,62,0
24496,0,60,1,0,91,0
17928,0,75,0,0,102,0
106840,0,110,5,0,75,0
99056,0,74,0,0,83,0
57644,0,111,0,0,88,0
4677,0,82,0,0,93,0
67904,0,90,3,0,80,0
17311,0,84,2,0,83,0
1894,0,52,0,0,62,0
55514,0,108,0,0,103,0
238122,0,101,0,0,117,0
49433,0,41,0,0,103,0
124298,0,95,10,0,82,0
99855,0,143,1,0,54,0
127151,0,86,5,0,77,0
213506,0,46,4,0,107,0
7163,0,103,0,0,76,0
35051,0,45,2,0,90,0
65473,0,65,0,0,74,0
8620,0,101,0,0,50,0
35580,0,123,1,0,45,0
3033,0,80,1,0,45,0
191624,0,107,9,0,60,0
92657,0,95,0,0,116,0
69024,0,83,3,0,109,0
39613,0,102,0,0,73,0
19027,0,59,0,0,95,0
148089,0,81,0,0,140,0
6387,0,59,0,0,101,0
49119,0,57,0,0,53,0
5912,0,94,0,0,107,0
73229,0,98,5,0,83,0
182919,0,114,7,0,110,0
56921,0,51,0,0,65,0
47194,0,90,0,0,86,0
16665,0,99,0,0,117,0
22501,0,56,0,0,67,0
101117,0,103,2,0,83,0
5292,0,55,0,0,145,0
123597,0,71,1,0,115,0
9966,0,73,0,0,101,0
68813,0,118,0,0,59,0
137976,0,96,1,0,111,0
9053,0,58,0,0,67,0
109963,0,76,0,0,44,0
55789,0,40,0,0,100,0
24298,0,51,0,0,82,0
38895,0,83,0,0,95,0
136418,0,81,0,0,83,0
31784,0,83,3,0,93,0
262599,0,85,0,0,75,0
5663,0,71,0,0,107,0
66051,0,49,0,0,54,0
118111,0,97,8,0,89,0
70263,0,87,0,0,164,0
126210,0,126,6,0,107,0
193280,0,119,0,0,91,0
130305,0,53,6,0,69,0
41525,0,76,1,0,68,0
252208,0,61,0,0,153,0
19473,0,88,0,0,80,0
60392,0,107,0,0,87,0
153729,0,154,1,0,127,0
242368,0,88,2,0,83,0
20690,0,80,0,0,119,0
