3596
2028
4028
4364
2164
4121
2451
5241
3453
1695
1748
3258
791
1809
8057
3198
2908
3715
2300
1932
4216
3755
756
3015
3671
1026
1898
1508
3085
906
6156
2385
3113
631
8353
1804
3691
3033
7114
5191
5518
3923
7487
4695
3898
4074
3340
5360
1681
1888
3130
5306
7476
968
2943
1707
2224
2225
7096
3490
3639
1425
1119
2563
3735
2350
3399
4236
2460
4265
3631
5029
2001
1380
4104
2114
637
3101
2925
553
4118
2187
5093
2234
2728
1991
5860
3962
7635
1034
3967
2982
3063
3969
4957
1105
2893
6141
3304
6267
1726
2655
1541
1902
1862
3764
4029
2905
4163
1082
1858
2156
1859
1254
1109
3606
3032
5745
1043
4105
1387
7034
1962
2040
3852
5649
4731
3551
2970
2789
1075
2707
5271
2139
2056
2665
2111
2536
2809
3998
3939
4225
1650
1052
1741
3401
1139
1793
2046
6895
1074
6024
1785
3562
2589
1409
2545
3383
2124
2229
2469
1299
2738
3935
5268
2733
3275
4578
5942
3079
957
7384
2170
2483
2212
5148
3059
1641
4315
2747
1619
1976
2346
5680
2904
1644
2665
4350
4129
645
2521
4998
6802
2950
4750
1563
3792
3521
5739
1768
1638
4926
2172
4206
2102
2663
2062
3131
2878
1943
3970
1632
4169
4853
5037
3206
8890
1436
5335
5219
6695
3519
2453
671
4033
5286
3368
685
679
2913
3754
4895
3943
4154
3298
4812
1663
3146
3869
4083
2619
1726
3119
3096
2008
7079
3356
2751
2585
4374
3925
3143
4180
3278
4293
2249
653
2115
2087
3027
2453
2942
4288
3668
3546
2958
1100
4802
3827
3669
2121
1223
3764
3456
3341
1713
4895
3035
4115
3011
2408
4047
1006
2189
1280
3905
4924
3147
1122
3486
3609
2998
3287
3432
2817
4696
3031
4325
4321
8228
3628
4968
2492
3069
4387
6186
5140
4697
3936
2050
617
4290
3175
2710
2527
2549
1812
2989
3235
2577
4309
2563
4879
1245
3140
3037
4581
4891
2965
1465
2415
2196
3631
3107
4397
5272
4799
2239
2641
4037
2725
1942
2892
6582
4144
2642
5443
2974
1925
4443
1874
544
3523
2071
2618
6226
2469
2976
3494
2542
3143
1766
4134
2463
6112
3936
1903
3170
3665
1758
1880
760
2593
4787
1784
5382
1445
1007
4214
1290
2324
3220
1219
2520
3576
3542
4222
3900
5795
8186
4070
6980
4445
6970
1217
4596
5208
1232
1676
2549
2129
5462
4126
8114
5715
2355
5462
4193
3480
6175
2538
1848
3905
729
1753
2465
2985
3713
1835
1608
1652
3801
4965
2829
3002
3682
4737
2422
2123
4330
2694
926
2053
3498
3179
3515
3791
2816
4035
2286
2276
4563
3376
4784
5450
4134
3430
596
1714
6362
2969
2265
4357
3449
3078
2180
3592
4844
2324
3862
3605
7154
1881
2779
3485
2667
1435
4733
2847
4437
2858
6115
3578
912
7202
4553
4845
2728
5574
4833
4288
2947
3766
3610
2795
2815
2258
8043
4577
2689
5332
1527
5553
2032
3484
4016
4098
2542
1635
2710
3510
2963
3533
2597
7934
1377
2067
3204
4082
1134
1479
1672
2302
3940
3141
2052
1989
3635
1248
2300
4674
2534
2058
3869
1411
3697
4623
2031
1882
4855
2444
2148
3710
4037
2877
2842
1081
1950
5023
4283
1957
3940
2211
5294
3633
4884
5818
8194
3214
5877
1029
2189
7143
2015
4035
4320
1368
3181
4536
1829
2789
4755
3457
4380
1699
2410
2619
3691
8143
3457
4975
3257
4067
2824
4779
2765
3312
4014
1131
1138
2265
4267
4887
7695
1374
3106
6368
2523
3518
1272
3900
5664
890
4772
4442
7300
2741
6126
6242
4783
1291
2878
3367
2071
3940
1311
3143
10859
3788
3257
3523
1332
1449
3750
3148
3786
5445
4757
6597
5344
3680
2972
3889
3735
1845
3891
5872
4297
5859
2160
2228
3939
3041
2208
2140
2526
1169
3741
1730
1741
717
2331
3177
2796
2543
2782
2707
3715
1425
2077
2302
2813
1594
3455
3007
4924
975
4799
2727
4132
4088
3590
4285
2111
3903
2251
1368
6463
1288
6648
3190
6433
1634
601
1089
742
2889
2391
3012
3827
3559
3394
2577
2275
1783
1188
1739
2885
1695
1214
3425
4514
2626
3685
2817
2416
5358
4029
4097
983
2693
2157
5745
5781
4061
2617
2816
1461
6349
4094
4078
5581
4298
494
2755
4056
2323
2959
661
2344
2607
2074
7930
3317
2295
3026
1139
3366
3529
2590
3133
3971
1003
2924
3275
3015
702
1968
3813
6211
5049
3035
1513
1621
6175
6634
2824
2364
3795
2312
1145
3896
2409
3570
2094
4177
2298
2443
4920
4465
945
826
5351
876
2837
2572
3905
8270
2863
2524
1463
5346
4563
1493
5124
2804
2650
2734
2446
3098
6282
2150
3517
819
2960
1470
3696
4235
4164
1867
2076
4091
1566
2790
2709
4462
1788
4709
2694
4084
1024
1594
2664
2016
3966
5874
4535
898
3544
4977
4081
4454
583
7246
1571
1857
3034
6638
2952
1277
4178
5070
2018
5480
5100
3556
2664
4459
1081
7690
5031
3213
1900
6171
1419
3170
2802
1649
4411
1511
4475
4986
6257
2170
1041
5990
1657
1994
3797
6121
2963
5667
2089
4156
1343
4758
4849
1738
1957
7592
4376
1070
2324
5183
5849
2335
4614
4612
6643
1990
1470
2800
3440
1808
2595
1110
2377
2214
6680
2309
3642
7982
2735
5184
2693
4632
4715
3040
1807
2987
5203
4192
2897
2153
2351
4395
4373
3020
5434
5451
2600
3468
756
3977
1884
1274
4436
1304
3886
623
6592
4075
3277
2519
3961
2969
517
3303
2031
2799
673
1886
2910
2409
2755
6192
6142
2288
1192
4493
6071
3846
4182
1314
3438
2949
5014
3358
8559
3585
7702
5556
5626
2404
2355
642
2256
1186
3293
2505
4576
3893
4902
2570
5068
4122
2184
6162
10932
3882
1952
1204
3145
4402
1413
374
5205
2002
1549
3789
2758
3299
2883
5228
3362
1987
2487
2936
1186
4115
580
2291
3650
2545
1967
4132
1306
2574
2157
4425
2868
2696
5182
5567
963
1452
5208
1536
4786
2562
