6726
9529
5424
15502
6172
12776
10849
6716
7387
9545
10825
8547
9404
12282
12436
6949
13780
7948
9835
7602
12020
8463
8377
9896
9575
5248
9388
7451
5159
9619
11828
6857
5584
2522
9004
15213
2039
5005
5165
11364
10112
6632
5576
10389
14037
8868
4844
10997
7580
14803
4188
6970
3157
10748
4429
10312
7918
11541
9045
8121
6871
7908
7411
4170
5529
7319
13130
9921
5443
5378
13274
11879
5016
6156
6369
2781
5643
8912
7032
3569
10769
4218
10942
11056
4265
11171
14059
6649
13573
4747
10901
5063
8945
8399
11550
13969
7327
7728
6473
10531
6941
7768
6445
4870
19133
7380
8474
2499
8699
13265
3502
15812
14990
3970
11918
7572
5584
6282
12891
9592
6822
13566
6632
16479
14412
9482
7505
6691
5563
10060
10846
9092
10331
12601
8841
5758
6539
7075
10806
8567
8053
4481
5725
13120
8695
15012
5691
9093
2868
4390
5398
6634
2951
10886
5240
5590
14714
11411
5455
7350
16881
11907
9503
11837
6594
11895
9094
6634
8362
14616
13662
5721
4833
9665
9917
11333
4892
12516
9248
12598
5422
8344
11924
2220
10735
7342
9114
9421
8594
8977
5711
10792
12831
12131
8182
10977
7295
7849
12006
13622
8898
8939
7009
6266
9323
12980
9621
6142
4218
11237
15171
6904
5319
3022
13834
7197
9602
12531
22482
8048
3457
4708
7951
9569
4834
10659
5503
7756
6643
13395
9967
4452
9920
8506
5308
9144
15405
9964
11406
7187
11051
9553
12906
5776
6900
8711
10835
2480
8212
6454
5168
4499
7859
10311
8825
4752
3568
16757
7698
10016
6287
6045
24905
13124
2476
10216
10651
15168
3663
10111
9400
9906
6224
21048
6095
3955
8749
5493
5192
10700
4268
8020
6681
6744
5077
8949
12802
9348
3407
3346
9233
9254
9804
9628
4867
4170
5834
10626
3910
5403
7880
7471
7874
8106
7686
5496
10158
9333
9474
9644
7995
10753
8679
1158
11808
6745
7459
7083
9028
5828
4231
4209
4135
5930
3308
4752
6448
9007
4625
3546
2928
10028
6771
6515
2771
6782
6837
7777
4831
10889
6262
9512
4258
9062
9898
5756
11735
5713
16750
5027
7219
7794
7394
3102
13782
8397
10809
2281
15541
7282
5916
14958
9865
10263
4697
8432
4615
6761
7633
11429
10100
4071
3933
6953
3609
6433
5732
7014
8445
9662
14362
8241
6806
9148
13483
4764
11317
8490
14108
9341
9853
6541
9718
14822
11496
12634
3641
7791
12008
9876
5185
8934
12174
11351
6217
9225
3800
6548
7292
7542
5410
5129
8634
8296
6934
4948
12453
13572
6414
8983
9276
10161
11363
6258
11696
5901
8370
8405
4980
4669
11716
9897
8890
10069
7997
12672
4346
10057
9376
9600
10813
5239
8169
10570
4764
7597
9248
6179
7414
8417
9772
12810
18401
7867
4472
5864
9133
9794
17242
18554
18380
10954
8845
6011
9372
9270
7747
6823
14179
7594
8639
4363
11276
7538
11008
8152
8190
4853
5057
10933
10102
12225
7321
11561
4852
6787
9020
7829
14999
8457
6140
15089
6707
8994
6511
9650
10864
4512
7233
8301
9758
12417
10661
7948
18054
3372
8183
8681
9556
7021
10652
8610
3111
10444
11211
16352
19144
11450
6256
10439
9587
9052
12596
7221
10480
8170
7387
11662
14357
9095
5938
9442
7267
4348
7938
9276
9911
10390
12427
6737
7577
11114
11876
5977
11080
8022
6982
6958
14663
8784
4425
10351
5152
4928
11743
9279
15904
15465
8533
9966
5676
6068
20066
14937
5022
8106
8338
11633
10725
24397
5225
5478
8271
6371
5459
6974
5918
10670
4133
3703
7741
6778
8892
13388
7492
2980
5615
10972
9021
5300
8799
10074
12822
11294
11229
3831
8169
5995
5059
5562
9219
5048
5793
11661
6967
6124
13351
4769
4305
11214
16484
6508
6032
6799
5889
4543
7604
12463
10058
9041
7174
8358
9831
11680
11680
7456
3222
6415
4823
12154
9391
10430
4769
6849
8550
7712
5531
11905
4948
8957
7469
5458
7768
7846
9736
3864
14136
7732
8403
8934
9917
5964
12232
2095
8639
10377
7832
7956
10990
5827
18718
8366
15847
9036
14819
5446
8488
7275
4211
13905
10073
9223
9790
10882
8864
9425
11911
8214
6886
6314
8961
10680
8948
5662
13940
8161
5924
10832
14307
7665
5400
6711
11507
6255
6789
8599
5136
3328
6564
13924
6392
11377
6285
6514
9100
8592
8606
11963
5680
4632
4517
11090
6644
8758
15102
14298
14898
10128
5289
11545
7145
7520
10661
8242
9738
6880
4075
8175
8802
13265
1978
8076
9277
5902
8419
3702
9719
5148
4505
9250
5945
5842
6892
4913
12707
3979
15167
3114
7732
4377
9295
7148
4888
6861
7936
4657
11020
13375
5608
14313
9138
7388
5498
8333
11980
6301
7463
10390
12442
12364
5451
7940
7974
6414
6759
4236
7138
9471
9522
10372
3491
3579
8431
11595
10182
11337
6987
5479
9088
3879
5326
16411
10856
12175
5624
7037
6698
10823
3349
4190
5815
9625
16387
2753
9062
7894
14170
5331
3091
7414
9448
3999
7920
8295
7962
9718
20281
12633
10677
10070
2617
20053
8470
16946
11637
9010
8463
12710
6458
5520
5057
6990
12827
4071
9857
14579
5461
8249
8043
9185
10993
9460
13569
6248
3308
6295
10300
8005
9269
9593
4377
10372
9347
17350
2652
6807
8987
10642
13037
6049
11788
7523
2440
8569
8979
3922
8091
7117
10641
7459
5471
7028
13181
10630
5857
8661
4133
3441
8443
14600
7356
4629
9817
8904
12225
4402
7561
13359
8554
10706
4319
4686
8157
6754
11802
7942
8429
6695
11540
10097
10169
11099
6647
6180
8183
2516
9010
7100
8847
12419
6576
10467
5855
8505
19423
10915
14152
8145
13377
6138
8744
11297
8685
10173
4561
8785
14392
3889
14137
7967
7777
5617
10350
8230
11523
8067
5346
12585
4798
4054
8973
16457
15348
9715
5424
5767
7773
5522
7060
10553
3700
4226
7313
13994
6736
8240
4385
6791
8041
13170
4933
8999
8219
6141
9220
5708
8095
5369
9522
10565
13686
10473
7520
4247
7708
9606
10299
8968
3723
6608
8556
10105
8824
5944
4563
10196
8971
12918
8884
5719
9090
6391
4977
9582
7735
10974
6161
11770
12286
12322
