13044
19839
21693
12418
14165
16449
12514
10656
21710
9719
15544
15004
10244
16554
12011
16431
27523
15211
10286
7223
21869
13789
43726
14512
16988
19496
6578
13654
9524
10240
8022
14704
15864
11372
11126
12178
20672
19905
13997
17579
17201
14564
11961
8276
12965
18027
13834
7601
17825
16977
23523
16957
12553
30709
10682
10755
36290
8665
20871
17759
15184
12797
18883
11090
10942
10861
4484
32184
6125
7597
18653
14833
16238
11107
11754
14306
15012
7494
11082
10090
12981
21976
9785
11857
17604
5877
19864
12329
19361
7502
14206
17955
13391
13995
16719
10845
16799
6091
16343
13701
23575
13036
36493
38705
13455
15521
12294
16656
9569
16215
25074
15647
22573
18242
17503
22128
15038
18037
16647
15673
3789
17303
7840
21054
20415
13675
13869
7043
10587
19876
16509
21564
12445
8399
8132
12614
8716
18954
11712
10786
12304
13450
18222
11870
18683
20373
25597
27986
14584
13367
12185
15780
23374
21434
11786
14699
12543
6004
12383
14345
13208
20237
10010
22252
23160
23121
12314
14734
11404
10845
12853
25724
24092
19369
14637
13641
23806
8268
6648
19484
11213
8436
17922
19824
10694
18179
16056
20069
13186
39316
12200
22418
14568
12349
13068
15136
17519
22213
12342
14732
24829
20245
16289
17312
19575
19722
15008
12808
7611
11607
26225
7054
5136
9791
12885
12725
15734
24366
23652
30073
13914
11173
8431
21567
14417
13875
22434
22557
14145
10901
20223
15614
16439
26175
14042
10925
18855
10601
11928
18994
15196
10037
10669
11377
12038
14002
11225
11329
12579
13033
17236
18372
5055
11234
19499
16645
11310
17850
16398
7694
9861
20662
46753
11175
16154
10772
13728
10821
8508
15446
17429
20081
13152
7900
5269
10052
11666
13108
9089
15643
18535
17284
12768
11123
11463
6988
13015
24857
14426
20785
11466
14364
14171
18585
17760
66215
13491
13359
6119
8177
22398
13847
22775
17914
13883
19752
9786
15900
18666
18277
21596
12289
12433
15021
13431
18424
16698
10967
9108
4399
12191
5451
10752
26906
19448
8203
18006
16764
16817
14504
26092
13380
12476
17836
9683
22943
7397
14591
12920
15964
9007
16943
9056
5853
15003
12357
49866
7243
15164
11427
15677
14015
23023
21987
3974
5503
11832
5227
17726
9674
15291
14278
11904
12918
16345
13918
16838
10353
42742
14605
26907
11479
12452
23609
22170
22425
10103
18122
11531
5697
19180
12532
12936
27832
7945
9973
15855
11283
20192
27311
10691
17805
9303
10930
18841
16885
18187
19185
15467
15527
19692
6777
9506
14134
6357
8675
17956
16362
15480
20047
12805
9399
7382
11185
19666
16431
12902
21776
25234
13188
30576
14543
7500
10688
22522
7291
8156
6804
12324
9573
22744
14160
28724
11172
16816
8313
20361
10787
11940
23449
17075
12056
21095
31984
21787
13183
5749
19338
8760
15718
18720
18372
20594
16286
13749
17335
23769
11551
14746
9130
16379
22933
15203
22444
21627
12809
25414
21256
20080
16987
18331
22049
12764
6982
5185
14995
18694
24625
21466
13253
9503
15030
7219
16584
28426
12199
12532
14451
17521
20900
9619
17083
22252
23109
18050
6938
10721
21919
21399
12909
10853
13266
13543
12341
32947
22945
21541
10316
20176
11745
16563
11107
9210
7763
6918
26868
14281
31060
20336
12587
17001
10094
13480
10294
11334
17000
17688
7621
13320
12750
8455
39403
4745
10862
9735
22223
20802
14811
11288
13011
14829
36938
9354
26631
15492
13605
16358
14594
11662
12865
9746
10771
13327
9444
14784
22345
17745
25136
13265
14962
16337
13619
15188
19804
16577
16985
7310
12460
6882
16335
7554
9071
13684
8370
9151
15579
3317
6912
20373
8162
12502
18441
16386
14333
16940
17694
5863
27329
16377
12449
6999
11786
7588
6947
15446
12137
12441
5415
14952
11282
10658
9388
13220
15894
12252
19172
18558
17628
17646
23094
30498
14190
51759
18425
16124
14001
26781
10040
20610
7259
13551
10461
13902
18052
12986
11653
16537
11322
28342
22526
9852
14226
16348
11614
14746
26098
13514
10118
6101
17000
13961
11012
19542
5947
22393
18548
13598
16898
11799
14428
29090
6794
23764
19222
12597
6850
8118
5286
18270
14612
9304
12234
10307
28394
13893
9836
12611
7173
9428
10021
10870
9776
12011
18381
12404
13454
8243
65985
12503
10948
11871
9773
8363
14330
13554
20528
17693
11554
19274
15055
8915
6941
14556
15837
22159
11882
18265
19149
37141
15230
12962
11920
14462
21991
23275
18368
14115
13922
34629
10599
12648
15276
11367
8805
18298
9918
17042
6830
10735
8351
17272
10040
20513
13487
10687
11675
11137
22712
17304
19405
9059
12277
12358
19502
24846
19274
18378
27438
17232
36351
24518
19124
16199
15003
20077
15485
12695
6684
16779
17307
18799
15682
13042
17206
15959
18425
13792
29099
17125
17226
13265
12235
18714
16042
40659
11323
16977
20080
23448
13454
17957
7410
14119
12741
19858
9476
17021
8023
12317
22957
32991
15735
14410
9890
12050
14837
13490
11490
8558
22269
13723
21291
18370
9111
14186
13728
15675
37160
17780
8894
17768
13176
5539
17535
26179
23067
12549
18547
11406
11983
7384
15924
31822
15456
34584
23871
14270
17982
11002
8752
24115
11618
13285
19858
8766
15524
24719
21149
24312
16874
12254
12166
24820
19797
16027
9527
8883
23956
14328
7264
12687
15840
10225
14511
18925
20347
12109
16732
21553
17549
11981
18186
15249
9639
14108
8349
12871
54260
16916
12819
33895
11550
19238
14544
19491
17325
9862
8741
10816
16174
9746
14737
4401
74607
23161
15210
19790
23215
16251
17171
8448
21995
5099
6761
29477
13300
15698
15337
13632
12234
13237
12425
14920
13790
13182
11095
10577
19211
9552
11254
9796
6153
9400
17252
13384
12036
17303
14487
19695
19316
11768
10755
17044
10153
8363
5771
11776
9625
15636
16442
16506
7981
24296
16746
9924
14965
12561
6083
8516
16937
11519
13764
11214
16755
11257
21044
30597
9501
14379
19222
13063
61616
13402
13411
15618
9164
21900
14515
30081
10653
8823
11102
13978
15254
9974
9003
23423
22388
14055
13134
23963
20897
13181
12428
7600
9098
12039
11967
12133
41005
16189
8895
9299
11120
11942
20514
10151
22748
12774
8767
24193
24710
12939
16467
6719
17354
7282
22957
10296
14660
20602
26146
6779
20165
25101
24033
26058
15930
9429
27464
