729748
808718
397891
388582
558759
547378
543154
730415
458999
856174
618107
822040
427349
413478
873604
692387
954631
1079532
1101228
387595
785276
622591
496124
891906
799093
916959
810520
443758
373552
517094
1018596
397552
1089587
818746
1755537
644456
403942
1171408
716796
903765
2060441
885227
682940
571127
661741
922408
628622
634770
557255
583000
599835
648812
1092422
727007
809996
819173
787100
1476932
331707
985730
1158954
293031
735255
546443
1330954
1745662
706804
492631
608338
859484
400193
1153498
581006
422130
460796
686881
1209451
460738
1268549
653357
745408
920787
551896
487411
389993
193371
376974
820113
688210
898182
533274
686357
267171
603849
986548
425307
414336
961077
305279
318347
1229346
342429
863093
475709
674080
551155
741426
517032
637925
767597
454821
379120
1183687
942452
616728
362218
750271
897170
542450
543981
1152156
1146066
626233
337386
1094970
1166025
933585
878807
1312322
419709
754989
1058998
864687
803858
492201
540450
730839
717646
549965
799038
871651
1085833
765969
549267
414612
532014
582970
1254335
872429
953591
420198
1071156
211096
430149
666409
383385
620993
446689
641269
1130077
531374
685059
672297
1171410
299771
713082
943701
1179046
399408
571715
1403746
931143
429649
1299596
856454
625047
843955
572111
1263751
1133068
102422
234984
671147
372714
334364
546902
1276534
789187
440528
832361
413827
741961
379189
991710
496151
1074294
896179
1051110
816043
319551
693712
281943
528617
469272
438397
309959
392767
587845
938212
775977
863054
646878
418790
1083635
750150
1296544
762079
400879
594555
989349
665866
437707
1447987
628791
626013
291999
729187
831220
712179
1162746
1119586
508025
426901
384960
257681
1315040
254261
1396902
807316
470738
476632
1009708
903716
951908
1350281
559318
374101
381039
364517
1019819
702179
1121200
1221004
415062
303751
364052
896443
840430
428838
575655
676090
995474
931448
561011
1469183
1362365
946479
903518
517477
1244586
1157522
696859
623857
739677
787264
422175
502085
1155031
967072
540940
629768
573404
1382755
199835
1544870
388614
339529
792253
778634
1044101
741908
1239438
329088
2059795
510136
1015084
755617
1060074
320060
688248
937284
353516
657168
782888
824056
622658
988115
591215
805450
334828
496844
692527
927499
521814
237529
765363
974301
769441
439964
978440
949219
542533
442709
915686
606219
462900
446117
647967
274331
864360
383858
707221
1244715
560625
527122
242914
888057
448179
1262025
790810
659646
537274
993118
898843
278239
695878
558401
1093838
1096042
705394
379308
485147
707712
884577
1020898
915712
867792
439418
421802
661079
512171
909435
454170
994469
949390
556980
418098
1248209
1129398
328914
192356
487828
1227313
935348
468817
954315
751239
296979
1315858
552683
918944
858732
708013
570139
843482
347475
867875
410448
940577
392484
468735
376702
426315
767421
628684
1042206
912282
639137
569490
790879
377294
1239054
745446
1227872
171428
225555
1425372
1227899
585211
628200
688791
1287860
392892
861997
871668
527511
591372
293346
607563
743806
283227
751229
414687
1166523
561892
306742
396586
396875
417008
759948
645933
527676
681797
442111
1255605
589654
158561
709848
504517
505907
389495
525414
585470
689983
652368
682203
1047153
455258
580076
526780
810570
930769
545983
878241
1224482
206643
288945
822326
643700
844642
506395
758938
725655
536890
673254
362192
956285
673715
586071
907050
1110644
338209
927742
1016525
871260
942263
1001315
748082
890008
544822
548300
990590
821775
794349
200160
617866
272457
698628
731666
989317
442365
614007
506576
900761
385804
960350
475071
897197
1878019
329671
685261
653709
781740
755699
638957
1052447
427678
589234
942177
443937
308579
225992
594957
967011
750814
559898
1247836
1151790
476194
472655
659231
722417
915279
613611
725813
1003512
243173
527416
315031
728140
305303
1179823
1459747
661141
424321
923057
817737
1177519
665566
675388
601461
371810
338072
519708
332691
1814533
528666
1143795
623270
1281167
512772
807822
809616
1182049
785563
663968
1451599
405162
977304
775027
811620
711337
716823
900820
591364
275092
205313
506887
456781
377777
1032567
416442
252125
1173423
392145
923718
561782
390840
604430
532757
622050
477318
502771
1256887
338474
717947
373139
899241
428727
1005054
599311
394866
343469
378260
606794
427545
331057
469272
1292359
942770
866610
936402
790103
409239
922400
1005296
1198745
844893
1549237
873840
664353
872082
1237735
572506
1610509
171848
873072
606360
1219461
721997
741219
725630
587465
1086450
516328
1015415
611952
639782
577897
699006
633778
1117845
1138102
826721
566345
743021
815780
860631
482292
365453
603177
1195288
450054
787923
1319659
279816
222014
1382889
505837
769435
425428
554038
592653
1187016
585489
715235
782560
816704
536321
475699
1061207
756683
1185924
1208835
199728
623759
1907394
578516
849807
875209
1074003
750358
1045410
484596
598767
1128195
654620
377424
407837
783518
658029
394469
274493
488981
192482
285406
831729
901162
644682
562832
630073
1320157
1226904
602565
746739
438451
1225147
1297360
540195
448400
486022
247669
515454
535768
787722
393479
653420
697382
851206
579169
833450
399028
614495
521342
499104
930350
596865
768520
1050049
634422
256041
400782
267608
1150485
599059
743358
862861
874241
557727
280390
858000
342454
908153
350247
714077
842866
922120
832994
968324
1460152
397564
421260
1012139
662310
657978
644976
474239
644467
1366853
1832544
1040817
353743
692728
698652
722361
676199
396244
983410
806944
457038
1047217
793936
1143590
847411
598649
190235
694574
649017
1456269
1300304
581559
462459
1071638
490741
410706
296669
1255521
936698
626448
463620
818933
578712
570532
719045
436645
708690
658144
846105
833252
678952
375486
753732
850985
955190
791703
354284
1273216
693579
611522
324650
954202
787557
1211618
589831
374169
422867
483507
591653
992588
855844
418852
933617
895286
974895
566626
764945
630755
928093
646488
558355
248803
405090
537731
823224
635759
631597
527064
591877
622115
541884
717423
980473
1159602
813788
405465
673692
1133136
874871
1367619
881830
1448880
1070094
499814
181010
762746
808908
295163
885084
608288
484142
149468
833014
840415
717334
264981
1056853
906165
459254
1041267
584774
1206556
1591006
1234177
291759
216888
759349
966060
1150605
298737
953727
1328736
724103
1253451
881049
220789
542072
348192
919293
934472
453489
1082564
864469
284216
537373
521877
1272460
463191
631540
512000
812054
346016
374990
330596
1075861
703742
485686
631339
679035
395082
1032331
589583
482121
991670
536490
325251
760372
827571
465341
314344
377672
141463
866680
692220
1923026
621165
587753
684957
854847
712653
983347
645478
784312
821083
789448
386445
859000
1193761
907165
815498
599397
1116627
819435
759951
986269
603447
1121108
978955
458710
375172
1044879
568972
945884
596271
421023
398318
839413
303662
232744
1275218
1008212
882054
1021042
677053
740152
1194615
779850
1041879
861777
428604
845292
591988
560369
245006
1095568
519342
308250
669383
738645
854482
466727
491234
149190
495508
541227
864427
596809
663367
943205
365542
515136
650599
382223
928146
1087459
577859
243390
583353
550391
367809
621913
503832
610030
1528721
831033
924799
562856
940760
864596
633985
540514
