642165
318301
395746
405723
68849
456003
458217
793310
253387
367164
365483
234017
338770
688990
768356
90275
692045
301414
115932
358534
443792
771113
494693
575300
262260
79017
344931
276590
207588
278194
518380
103033
248063
232880
190491
461001
217066
863198
342851
348343
387041
445591
432459
405663
399090
530488
312590
400562
167081
331237
313161
399753
406863
360411
383501
401612
104922
551731
337761
441752
367953
355733
385023
841305
311228
707739
178203
146735
322784
820299
806959
416828
288446
308207
160991
286037
206568
354311
211903
567492
312196
278535
148769
67752
567151
273058
318642
580271
505757
260445
184376
369448
239757
58566
290578
135897
365632
518069
285395
151583
262075
303895
241843
115156
604055
455149
218519
242314
466328
451440
279021
124479
232045
402348
357726
718481
240160
202100
177821
436487
156774
589163
444603
245130
753466
437810
534083
385582
617082
365280
301328
198330
222356
160239
227185
238844
245059
325602
391053
616135
102405
467964
303770
470739
408879
428104
528044
399884
264817
164837
403679
271896
792758
164172
420042
469324
508213
204942
343773
195303
220452
299260
268519
307702
173975
288180
362363
562617
468361
729166
313207
209174
359530
407948
237665
239888
424448
549240
1041211
91881
315406
262312
291327
236222
395908
365832
530765
190062
284716
404189
84106
367428
182793
172765
189283
260321
295493
544580
441356
80911
673942
443879
170565
220023
308585
280682
249945
673372
779303
281023
580983
362122
449259
149019
184448
323489
311351
107229
316379
456390
377819
819990
490298
692085
425828
343122
699741
349263
401212
395405
224212
184421
223670
200686
585274
469472
364612
212932
202908
543617
72662
254389
657926
472961
365274
240488
183517
550639
138132
475157
280918
248800
156184
221399
898347
708231
323975
540482
96984
647026
243007
393006
344582
226069
243540
126117
313112
274178
150324
605928
349229
401819
184442
317145
167324
1045523
309405
225346
171881
386194
517671
257624
109063
180948
272152
325437
364882
454710
207275
318604
436368
240062
115921
322890
234492
526100
198113
373801
293657
740531
198014
771096
345238
569247
445458
190493
538466
490897
393858
156343
175665
688241
438026
558148
597696
473486
666015
217739
761803
804780
360654
150121
445231
329531
483270
73444
161058
108720
173659
365565
171151
592113
308577
200031
592276
317965
719048
139752
316228
373312
429863
612018
150400
252143
249408
401541
275807
175770
221488
301777
368420
251204
617544
180484
369562
1022071
381278
268773
283180
240990
289276
355854
267557
291291
171682
447447
439736
283073
373228
218620
659864
595664
271356
374889
261287
173622
223352
268742
328735
201129
222277
211256
528598
309103
90311
914475
311361
217380
84620
293913
326906
294022
406024
231285
349085
500293
273972
313266
145417
466298
738059
176738
194706
139819
291448
177278
436244
453902
247134
461412
195573
185734
440730
298984
234604
303058
582822
71858
476673
113159
302633
462352
647138
218312
330908
260761
112884
337694
463731
354248
241147
163772
387887
472722
476225
412042
339298
236890
420308
478663
435101
407347
129073
594726
535344
380772
141754
477046
359411
218503
259959
265611
403990
562126
99240
219041
205843
366584
126031
155568
130501
762818
132350
127011
246222
302413
368936
367573
398607
246939
388132
254321
143643
465229
374193
93953
155078
349108
162308
226987
432812
261689
381621
272629
163035
281578
477745
556647
423321
221835
184373
295031
153926
123628
279620
227815
446765
122137
279870
444153
634357
455791
202493
159940
762161
388675
347872
102984
353267
469556
611290
373545
305308
433345
284113
556107
457657
130357
274064
482570
576034
530449
387369
572375
188994
269601
402092
326566
600744
575194
454209
239857
284412
339126
565536
214286
599789
402400
276802
620188
308628
426892
420899
410683
441512
292343
477418
315432
510376
79986
650059
308184
613199
363288
263610
288478
330159
349405
406866
607647
380698
182330
214475
530955
168050
544817
228957
92065
638628
230066
148493
179325
255384
236229
366778
341244
160986
397328
460293
279911
332792
380533
345097
214694
475060
162104
353803
284862
572682
447000
358681
145186
233258
398107
433118
269242
239102
376836
152506
204557
686006
227124
99937
196015
429688
124001
292024
112313
412407
286474
176737
464992
424777
330100
450782
267670
308239
157471
343408
451180
157935
212143
573755
219245
251786
414461
253413
265952
364609
257850
596477
272503
789899
664919
829649
192103
256198
343852
358783
392964
756101
115869
498678
654024
177614
585442
410185
284000
312090
128965
122304
159347
527096
487362
279288
129660
223067
277060
382665
433049
368079
223287
358331
282493
302812
424240
451481
529902
173269
180846
469505
189518
122346
358348
417213
265598
466378
174563
807721
258995
650927
484349
264007
519172
255663
522228
307642
383672
229852
271571
115405
310809
94267
279869
210428
110816
353353
513656
457789
141611
668454
311022
300088
241994
118865
102893
382768
243760
390258
364314
458820
246907
524513
426462
324614
148618
321244
311259
618521
254568
403649
96535
572437
101793
331226
411845
668666
210339
269898
612008
367563
404538
251818
331079
272409
446265
640100
358075
455999
672902
373121
114050
293792
306148
332334
160275
229540
448960
322382
117882
237540
123602
402651
498640
443977
198175
152778
478069
241300
267317
453122
238852
457590
362745
155651
182374
218034
283625
202898
112611
498830
233030
140001
250410
144430
329776
170965
141928
549181
391546
593443
176838
226459
273497
463213
333461
499282
441876
368582
124986
316406
480886
336066
396223
441326
113137
337899
139419
520961
154607
631904
445220
379580
240230
123762
467145
201723
446784
400878
546141
246572
360405
340570
353833
130527
353637
311144
83045
179146
472881
592790
595209
518266
586282
598390
350183
466744
385729
551186
395588
97990
730169
240199
188177
338246
196164
390757
258747
200905
368018
479872
544768
381590
346888
180541
154196
488846
493165
474452
173283
225526
584130
469528
607378
320201
399350
125299
783573
442853
75339
73281
170407
475671
187883
339749
502642
274382
181723
758854
526151
405067
633184
572321
463692
349831
216448
236444
440416
381862
165855
538293
94824
435196
348756
302162
365514
312982
140905
230370
504163
241220
234136
177594
170487
242134
138968
757372
231932
137243
305647
103033
149749
159142
119148
459466
622262
391361
368866
224376
559670
554897
441959
188139
441346
399012
394891
593589
469635
559373
330808
573017
438467
239516
318977
598511
183015
542538
401860
433419
337103
721370
247454
382801
551648
138978
450659
305955
39602
634606
463492
316703
84152
125091
280610
336267
275537
566641
624659
529365
374122
298490
561778
361989
785212
203156
279245
413715
508192
244578
325543
625503
313245
355765
234058
535335
621182
226695
314229
230302
275646
577895
652137
342009
322239
248064
302244
458343
259909
232286
604413
176487
151608
509490
383913
418235
182051
428426
355670
288938
303719
92463
307102
144256
661195
299167
290757
321252
402677
429835
384443
