735262
462718
515201
862899
501842
542853
201633
48834
222917
98021
73550
489169
411096
326568
245683
325752
373625
318121
110734
428642
424387
62519
255511
304049
253202
359229
283878
251635
359980
435194
361362
89878
252824
171544
189619
204630
255396
199710
228552
211909
419436
228273
464313
472331
281925
127342
425262
358233
432299
347758
464495
362757
183290
216345
650512
314060
318247
155487
240845
207177
125217
567497
472858
230419
345579
233939
338478
418816
639039
231123
643226
223175
430776
287089
181800
754405
481976
145799
217901
386090
423624
620546
194929
205715
215002
94388
485788
214143
42776
364185
701289
371682
394085
365091
80210
543911
288101
381109
582352
515560
413133
384174
449131
175843
414463
352852
190844
156975
267595
182916
319750
221553
284846
218833
920092
292301
212992
292707
211691
621145
444019
523980
359487
144970
231506
274734
174437
248664
292043
175428
256418
185812
297161
234905
548925
533808
465630
256780
289744
490652
674257
198066
669742
731177
112508
490223
434816
99415
238072
99718
359972
273783
319277
304593
625695
314109
326183
187765
307017
193300
455602
327202
496067
799674
279991
302608
340380
504315
496168
325479
567575
597083
418825
353433
639673
228628
213506
667113
486578
271554
468057
550607
253845
55227
359386
311417
225644
657813
170112
514902
551902
520571
220794
149918
229014
438977
423461
547667
354382
159048
67122
476913
234364
158725
267295
188618
331714
497072
471291
335520
415973
528180
317517
629479
428372
494150
252504
232327
438915
478340
537485
240240
405293
633012
324722
107083
188834
193604
344412
348714
284610
604263
347031
202115
114454
477283
153496
204205
200276
194950
252358
148615
531501
351547
184602
121748
128959
446308
213396
277410
309559
453086
170169
268368
669807
212519
195987
294763
327230
270322
486723
237906
431131
104696
350823
251977
322826
438722
560721
474728
479657
233589
184331
359174
279555
534631
252273
833656
379693
637515
152529
411086
175657
60229
440575
250965
271067
95044
229505
354705
299612
52666
205702
308178
147045
471947
217638
468283
291103
123213
457397
278110
314291
321747
234883
302334
233205
148537
533814
167318
480725
163586
1270501
340618
291282
654247
337780
380938
454642
487526
161247
152944
610059
348941
351856
518667
315799
256671
275067
325656
579169
480925
449246
300497
207334
465045
186897
343060
412325
207626
221491
436273
111388
338949
315352
179666
469920
539068
629004
64045
1126382
269781
581369
372465
364367
114958
370161
339339
517577
303870
386888
247150
70012
314871
497631
726341
450067
262763
206518
428285
248519
309236
149387
186725
399952
421863
244353
194434
430219
298693
70527
233548
293847
303216
302224
241046
201650
457528
287352
427562
257650
183556
495971
660351
180990
136795
192101
116423
236519
216907
453760
199689
268997
494007
175874
643962
133929
391825
234115
246046
362808
197192
241235
422789
698879
232836
220961
178027
318119
721048
189549
199650
480985
486119
461115
362231
382027
374226
308728
487551
190770
639333
115874
307121
396390
202865
282805
316373
200274
330666
354444
141215
195907
116762
132364
203925
354098
282414
189261
101348
643711
669834
233919
162398
291785
180167
86706
320471
458974
345207
347062
308862
432482
155877
244035
193734
200235
249633
211798
372282
156628
370870
333995
322414
315978
431301
202175
406129
573233
579230
446335
331471
580376
121313
432666
266172
137021
570114
615403
318052
227557
427267
284805
212048
268523
194019
561134
349385
81275
372410
306855
681445
181762
542035
244283
624068
255136
409794
411175
500476
299391
188901
174215
470015
590343
299697
392083
309481
672675
948860
365857
108220
399503
130264
490244
237915
407584
254787
386235
450449
372384
711954
275015
320880
185033
144355
222684
336589
286927
149453
327019
154278
294363
544530
261250
339230
194865
671807
670670
343189
227686
162380
229828
348414
93632
290522
492873
216067
290811
467259
254377
425753
188605
259941
579647
463557
403028
152668
394783
202645
300008
404358
494906
265413
476742
445322
175961
98874
280520
360613
337504
380934
165740
185869
60461
240365
591876
407351
436102
538297
146393
222701
250647
571606
182427
171676
471392
344297
243190
231550
221227
109469
573058
314626
156957
373624
189249
452850
226083
262529
182544
173984
198964
319787
266234
440696
361223
84372
273120
303315
175931
623260
381654
145069
393907
283591
397177
353295
204676
573308
318756
409129
364073
542630
408157
242681
316099
611066
346116
722806
287608
436492
297842
122576
587934
345535
466190
358797
649023
224962
455872
363057
240188
344580
265574
221036
206270
341838
471743
362130
645670
384657
173794
428096
320553
506325
249840
354965
333262
244079
311552
286256
192668
396345
334497
72075
340891
313008
227332
185597
319759
172329
532957
267969
307904
254470
215322
201629
196465
531190
240291
219233
261695
555760
341586
194829
448766
234830
298623
189774
305777
531925
271674
270348
789975
408990
174706
584838
226089
251093
318899
619989
360811
219646
228063
369131
412407
343987
657635
645928
184471
518413
125633
177334
202320
459529
515424
236819
476114
518867
329668
126159
369082
533336
178767
373913
226124
274393
220253
440194
346750
393836
720365
247730
740736
395840
607989
501615
228893
193866
416259
296656
383406
389170
395798
250662
217602
132762
134151
279315
151447
143271
112874
406907
555952
119899
648542
197348
287193
346979
203968
168419
782890
89249
331935
348276
274299
347297
283984
95445
624917
374006
529465
184616
259363
378619
137049
1130062
353579
160845
223976
311193
472584
287948
254354
493517
307238
365166
542500
189748
463904
244262
132269
166917
429685
177287
318751
167832
284056
565519
556252
403236
236983
92422
329351
132093
445432
249899
892349
130543
272966
550431
297559
206309
414440
552260
263377
209760
404744
72535
433130
323370
591044
504983
387138
172762
145067
250700
211354
214776
170550
228896
136434
125088
382991
241012
325447
348921
135389
216834
124226
186240
647760
787336
775465
462477
596231
458486
463904
328585
155234
568265
463012
145324
605404
430915
255560
202207
557097
717046
183262
607577
127389
465405
207803
508991
195428
490093
828197
360291
171373
504432
317296
89905
539921
216105
500809
738240
193785
142371
422492
175476
286659
209556
176748
315030
163589
520406
136637
175587
297287
322424
230511
250292
499626
550688
391089
376909
315665
104879
269532
327570
859541
149525
406718
341594
396671
717308
497839
164878
346346
178410
521203
456040
546489
332788
230431
240657
258238
321189
367217
373245
333463
150693
262171
257861
299389
185453
117194
287127
351788
310875
377085
282479
201796
256756
436265
488240
376133
411619
463570
275909
282735
442301
185726
560446
280187
335071
410685
267687
206196
368192
329496
255954
449711
564696
290956
424074
198916
717031
332980
263736
322190
401410
533213
364860
206264
466155
250097
676800
329387
331973
491100
236199
562204
303279
270900
368736
462747
578980
370419
269109
609099
425780
273841
762355
372511
320292
259343
124312
