443317
317069
385612
333652
362148
147997
307061
436812
449909
272527
570979
228655
427984
625635
354647
74312
400155
501635
569000
458813
355144
461399
241488
126911
159512
455654
471845
163938
392625
275778
286453
516948
345558
458662
401380
226580
272715
138759
510915
595151
384979
391186
172300
572329
429076
204443
412786
344005
324888
455018
396670
368330
220632
330065
435563
315132
336701
295976
347341
293523
165573
411459
234039
318012
157464
327497
175690
129041
557798
169305
293111
457490
433747
55544
118923
106149
198667
218546
545360
603558
220009
381023
390743
577813
644946
521213
330864
375002
239528
434188
208279
368085
502593
297779
184189
465057
146318
562567
458512
172139
214665
303558
348421
196649
402410
388974
232766
451733
276502
170807
257146
374077
182480
220169
387095
80085
622286
404905
947318
600731
325017
220221
857485
177190
215968
161006
420732
147947
632847
251583
216478
194298
781933
435504
385202
239963
282726
406391
144515
237843
437837
317299
336116
151936
422099
179225
563195
478101
223755
508887
139800
740060
297464
471617
375216
239639
180837
473810
480209
220024
126181
243081
330436
402563
286636
366464
619950
638110
780752
121838
315155
268833
650371
462142
108902
259278
158983
269853
213210
768446
250134
504663
373431
264185
302236
224088
502196
510028
369960
135940
471918
179906
81891
189403
80458
156722
222669
192684
91024
54335
367982
365393
141646
101360
380812
340707
744302
321223
288701
453495
678052
527222
276658
201858
498294
256816
616639
115744
320895
301972
258123
591863
295285
285183
207707
219947
492749
261378
473605
334529
309510
153893
487949
308173
261543
203911
275193
387903
906078
260160
343733
266923
351597
484708
773262
414818
375393
580733
464936
98587
84410
562007
573714
666290
309725
343533
508499
130068
359793
455574
206981
530652
136817
109479
423778
294996
303904
224824
256154
254852
403713
98376
223602
254753
515176
340752
338717
211390
201489
321475
387994
158338
435271
329214
204953
657422
115899
249911
156617
484183
151990
359704
265665
208303
384304
450745
325615
320149
281235
460729
208812
200371
340609
612685
541442
222325
205990
331940
465935
380596
70999
566460
414435
216750
258067
618374
438882
519629
227574
453781
224425
328611
668332
150763
365811
367518
628525
277064
266885
421006
254328
544876
333754
407844
256417
200926
810594
532361
473197
212183
632720
618586
207548
263757
395792
110025
206458
253341
156942
69408
254988
193321
585606
354614
517781
470023
231187
495371
504083
314951
426441
404822
211030
297980
356587
210499
482518
319996
153774
229500
101871
435930
383585
122379
230499
542260
320026
395613
307658
246740
279696
396534
365797
579987
201924
114210
169168
389292
411165
121623
589429
545205
386199
228684
360986
234230
402059
162144
319060
207758
176881
371157
438466
279812
240976
151318
589631
554462
96626
296622
315922
516674
458433
296671
220382
347347
105987
487005
515322
482885
225385
330920
187465
515071
644556
148326
190369
187919
512381
842246
271685
432960
777915
254600
542466
436150
296404
214227
509235
259063
325698
417180
267657
624133
481483
347635
464395
139266
268081
215970
287001
420676
171409
220941
433913
274946
519358
224912
448836
992698
307705
184660
318542
244061
612653
409273
300826
556218
746240
376662
676128
320162
290361
640203
545909
313629
325064
437015
181549
393759
387884
367903
271013
197298
323387
299307
259823
386433
241174
362413
358359
386850
333808
503461
404830
261167
243400
248316
242868
378322
523577
352190
125272
418129
447468
182219
773161
355765
346059
193624
379313
445090
207158
245726
178319
335550
133061
452328
381187
787922
660599
586774
394794
353728
346446
216261
569374
495049
200059
628810
194720
444158
701372
362269
499825
162655
559676
247976
182478
567461
676972
293618
185359
485644
219572
179161
394160
453216
241644
476048
599017
720806
480684
231738
209424
182976
240854
164471
93502
305153
318612
175794
463029
296871
118397
214266
678756
294957
363126
295103
233756
361593
429087
435841
271920
602800
185043
300236
304138
548452
498586
204176
689985
170716
126106
379572
470809
191295
386460
460836
529849
185502
376517
475109
426880
488555
327189
275633
483895
601075
220907
354117
156444
523570
247549
337558
478411
412363
120612
184805
245976
468969
294519
121104
397751
517150
320714
515210
447964
244933
291669
303056
180714
292814
388019
405399
274679
339402
378910
273955
138016
625706
220830
608861
356184
327543
161339
97636
258016
624964
347900
852406
225842
199921
251439
316314
189603
128249
283389
512791
480605
243042
476345
517658
306894
385045
377538
567877
667875
186352
921412
300503
117664
383696
411512
322957
225362
138080
458599
178833
315270
328629
498918
257912
108652
189713
310562
196908
182048
348389
356437
344224
214051
266934
286872
214966
254783
137042
201841
184198
412349
503055
729457
323101
534552
391806
363697
359717
204640
681654
309009
295036
279684
431022
314375
459671
123690
358116
415445
626692
196418
391863
90228
223727
490718
372040
161557
217815
272843
278055
479875
195175
497576
330494
83752
179416
435886
632998
319714
752064
366932
297057
153315
188946
220602
213577
187019
302943
420934
414008
164893
354371
127918
156116
276943
224405
158893
363293
445823
334571
197214
229686
210724
336093
1271793
253811
654736
448811
147326
141118
193329
671368
141524
296369
533004
311517
332202
758110
280794
332811
533334
298329
364576
158196
217279
352267
396460
546825
89927
130104
165991
287519
745666
689549
281515
83952
700802
270592
275866
355538
277466
375455
414002
537113
273432
287480
458526
354760
509765
521975
391957
1063964
557312
668656
306727
94342
265496
287625
151600
219517
412927
501537
58017
206548
276572
350012
192205
306127
419673
462163
206231
188674
336824
482124
293307
346736
675461
497280
300470
473369
259746
289757
621056
842561
271549
221879
478752
342442
129567
242357
226979
353154
258450
439079
113531
275608
363729
106261
547279
670950
105417
424574
270613
527919
399040
270314
404666
402823
395413
630902
492196
311307
179292
101274
224753
512827
315533
171132
457096
349231
241791
503614
350130
159197
298117
312789
297080
204536
190186
311819
561717
392052
305547
432096
266641
373923
254565
307903
264334
317282
385605
275448
653672
424350
218863
219556
262012
421291
300032
156802
332427
248913
319241
377322
137846
146095
225427
196353
386010
172793
458073
386381
232378
399817
521921
83185
490958
234672
315955
628923
252325
494477
291266
196062
475603
132047
171272
366615
231498
206148
688783
169912
390922
173598
243791
298550
287400
333630
369462
410550
218749
523650
424448
333524
309055
189470
520720
267423
110457
427309
283964
353407
233813
85474
547054
313262
397627
303568
506221
137612
240679
447958
121634
287414
205817
119208
589161
478965
489946
436509
445955
79552
297275
119243
503391
261749
623960
425686
411425
240051
406047
184961
578780
80667
283560
322088
384854
258849
227534
474404
305756
616667
130797
340288
523597
211991
280067
87994
613844
218320
