68768
50852
53800
161706
110513
63611
59396
21957
162181
65664
27732
144192
70350
183245
51147
28977
153159
92021
66232
93251
89055
73710
88438
110170
57094
77872
135407
210643
82386
177482
44971
92812
51410
191036
61221
72917
32709
71176
100489
140655
35368
62598
123883
114734
35278
42965
57313
42330
50648
85386
51014
90988
46026
110603
138081
42871
101159
84093
56677
125749
110923
128034
211970
99398
34167
74949
33585
66100
59891
34573
27511
44198
72733
98027
89219
73341
87222
110034
55531
150798
117246
98482
41406
16510
58913
119545
48634
87092
65345
51897
136315
48779
184587
115915
117785
45792
43106
209354
34521
78865
137652
78633
104047
48367
47288
144710
42609
103259
174674
86664
79843
107755
158647
153121
177413
65308
70645
95715
30890
79300
54282
83597
54670
75320
53642
37592
78219
54134
56992
62524
129643
102082
109749
25810
53392
65674
53231
39071
111214
98452
230533
41625
73275
39600
74864
60707
211320
53061
39862
56837
94683
103725
167629
79585
149601
57847
155958
139555
35334
105355
113353
25695
54663
185356
218158
131438
32327
97904
64324
77438
92618
57084
38370
111786
90337
140020
242217
74135
253925
121984
71647
31917
28687
153789
148152
170996
98474
104329
52541
26539
61149
107570
95007
267321
42581
75055
36617
43493
74903
54349
204091
66428
66551
81861
89659
148993
106090
113426
43770
82870
98730
73761
52797
160491
122219
86213
110218
140619
20082
131873
132673
114203
80115
84581
111422
148235
149331
84829
57355
114649
98256
61527
157037
211850
143839
103780
128386
46644
76009
33735
117312
74128
165548
110366
78783
66018
151669
123046
123848
29208
75903
63379
216749
110032
70092
140663
46675
90165
42026
112217
125519
156820
52945
118413
50029
90988
160263
106858
44846
32266
33912
47678
94413
175538
33067
62915
125850
25560
47565
60643
99592
117544
92045
100201
143900
30350
166188
99283
62584
87148
105700
138397
122815
166250
204923
198835
104938
68377
84329
71987
72032
134013
38638
44734
43321
58085
124943
156633
135397
121707
90626
156182
48921
61302
98994
92278
79672
66991
74618
96640
40361
153190
128078
34438
93819
123006
94594
32618
118659
83128
164305
62682
90147
54704
125259
101457
121134
226359
119464
132632
27415
74511
131546
63037
83206
50202
74391
48809
56877
68418
139335
134676
95220
105690
63312
152824
121010
104325
62111
49817
129830
39192
105504
138396
77222
57544
80728
128879
59229
68828
97467
248431
80872
79407
83295
51213
83211
71255
60040
86595
74694
67072
106335
61050
131372
156049
54679
83180
47705
145583
75147
181438
66499
60026
37033
69022
105725
37202
122175
148123
93140
124317
126807
45497
65733
55081
44323
72532
96876
137345
75083
52545
77668
31098
76921
85159
113368
69020
48814
232394
51389
111773
59234
32607
29703
89352
23116
66915
144565
166415
122777
60596
67738
126726
36945
187972
125611
105955
120878
70494
36003
109033
37915
65785
102848
122727
128836
32072
71899
222326
105581
64038
95019
66588
110490
61750
90409
68211
71496
113898
113628
111468
63569
53186
31324
85667
192390
107529
26426
65856
94053
85912
161087
67770
131168
102052
92851
57840
99669
82076
49840
113615
31713
92103
70440
114951
90663
177630
139574
51158
31419
66815
98050
64395
82599
91075
221141
186980
43225
34802
61354
20396
30345
49438
83327
85121
83947
58084
99421
58859
79408
97592
45513
54664
35691
75007
81447
83946
166796
35928
48016
55678
67621
168735
103390
104285
135057
88092
62582
145477
58637
61984
33435
115448
59286
95010
206319
88784
96522
81079
184835
92147
51622
69904
131825
95386
93931
89248
32169
120154
97526
95790
147284
123233
124687
85721
199231
58973
35585
61357
81986
83613
108729
52341
66829
88674
115447
96331
143933
85430
184773
61545
115090
42062
62799
77898
190071
87990
62942
89733
87285
120494
29601
58214
167740
48708
123253
76908
25845
80967
69725
121730
62473
70988
104008
158097
66803
73617
52549
179146
101498
33406
116780
34616
142142
119442
73303
27620
48613
233282
123115
90599
68692
31491
32881
72786
79603
88768
136274
67143
57171
119543
101368
120036
83459
209429
34617
63789
68927
52499
44808
79602
144733
58900
225367
73396
63899
96614
70431
160679
167365
52851
164577
29330
69179
123081
117309
56799
57957
57584
87870
72770
42179
186209
95192
144198
116851
62411
34736
42706
39453
127845
70576
88531
120649
71451
38946
95774
53110
159481
45391
152226
44275
67824
76062
111449
67320
35133
210887
86228
54670
117820
59917
45063
80107
47567
96255
97847
73727
85056
132127
63152
59843
147420
59906
56025
31549
79393
120737
28267
107728
59765
81362
157156
39836
122697
38244
103776
156274
149514
93122
51030
62563
89343
91011
108630
61808
75862
101040
161052
159198
125328
54415
43785
20876
82059
152178
87877
58292
62499
107909
161202
118567
187739
56271
69447
154468
215486
164127
31658
52824
58521
127821
22919
90286
77862
91664
115919
48151
151223
62719
106320
180989
90133
165849
61373
89381
59825
55849
136447
48069
67004
27874
71168
64030
43067
63063
145928
26762
102726
92947
79970
81241
90224
77140
92634
46505
70048
17110
106054
74650
103481
135031
54581
47645
59653
76199
69065
91768
137371
88756
111733
64624
80910
51422
79909
25515
44295
100761
106431
152350
72607
125839
130577
66127
145530
113015
119750
152940
110491
55251
63852
63242
44482
119918
69551
134567
52842
89163
50236
106936
53700
44081
54194
37503
141070
79472
111296
87013
48317
34372
79480
126139
199346
76753
73981
155770
64848
127418
115621
106505
111510
124663
193250
152465
97974
52468
84857
41364
85517
133945
104547
38298
47293
136342
83468
100473
47123
160352
64460
87261
153075
93617
80644
126714
132148
131358
51394
124496
95052
70268
88225
54294
158054
66221
121249
118484
38352
118053
32964
109644
212107
86725
176184
184900
115729
97425
95063
118433
82122
86990
171009
156967
167601
59072
132085
80708
61126
87303
67775
92390
42539
67976
83775
61681
105054
82457
84811
47428
40293
159542
63783
69387
67371
114431
116371
160579
88941
94340
139245
146914
52535
36795
101287
97881
53314
81799
98629
39006
120019
55347
67499
71484
73239
39930
130450
89632
65349
196061
95679
100251
127682
43713
106395
80356
57743
49770
76181
144921
119907
124337
36067
33832
110353
180858
39194
136222
124989
60882
89483
126450
85743
198551
42857
72254
152500
199023
70362
118647
114587
95463
130055
106012
85032
83298
170866
102420
76735
46478
133649
112045
97412
80136
112458
63556
204350
83931
85481
216274
75086
39034
155619
33702
89046
52049
68650
106912
98039
107093
95893
