681654
520719
462194
819448
668615
728728
554155
590557
150593
804276
972587
642333
810830
1145618
1081491
1605592
529734
370530
946742
1087569
1400976
713605
658404
889178
938365
559943
695445
491371
1313464
343500
332201
259711
748239
910728
1631201
453364
322662
669777
633952
968022
453526
1270647
970859
983568
772075
607503
255632
307172
862762
925246
591872
870815
1259062
315526
656472
1019738
459480
771974
284298
250248
606485
566402
1183749
659143
1234501
647848
750565
969382
774993
119887
796295
765802
1018116
580996
1210858
968373
486943
1266990
473121
714623
650281
1110837
821787
655671
544950
1644863
930045
751864
892264
655656
396394
825702
696226
150659
711744
905153
489695
1335560
1157609
269045
362970
351545
451316
854365
421815
327586
232504
726069
758594
1026926
1068051
392901
407797
428880
1103147
437285
651423
1104232
352488
201404
1043543
698098
655000
793828
1046429
937021
1036661
349913
981036
431457
1114341
473645
595104
772721
300174
1058695
451060
497003
683790
681771
545199
519536
637498
559174
419110
904949
901596
438374
720193
1399435
199719
559103
621489
555564
812728
529679
678495
696761
753531
431319
877175
417090
450625
857892
996876
566294
520868
322177
1140219
737772
546893
786887
675496
639956
613057
578397
943311
830041
576114
382483
1440183
915066
740482
497152
527558
342883
692601
855160
974492
956628
789937
1003195
307877
756895
741773
270454
1252939
746813
520746
1432890
700988
534337
668243
604218
641317
763054
294226
603287
312736
466216
977180
958544
278475
861100
398404
1252742
621925
998889
1181465
488483
776871
283437
962201
747724
325325
993307
352963
929243
602769
300381
1258209
683702
600293
483250
903412
426681
360899
933725
339134
411890
867067
1067161
1219202
770527
1195017
791026
922224
415694
757412
543173
1453960
460214
599452
1370144
636257
1226381
488204
327080
1279369
472084
448229
426848
571739
599744
708658
747003
550499
722359
588106
231869
984089
1017057
480240
1288111
522207
646770
1151227
417768
459724
397040
879327
481217
1077242
1049280
714584
852859
815671
736055
597398
945752
767488
681278
329010
1419255
533382
418674
734501
965816
723442
307508
299285
798424
289394
724687
1013865
183026
142343
1051997
997628
553060
1228695
977624
152728
523083
321052
466205
1435791
917362
1108049
633980
575013
831357
368989
1076088
503501
476993
1089202
302675
1048391
720043
385926
1203081
953757
607777
586840
414612
514802
302026
364467
702397
282902
714142
380622
710378
680138
669124
353738
798698
511268
463981
469610
424535
911980
536068
1373469
1093340
836751
1110750
1011792
716173
348789
527920
293319
1063574
870611
121575
260056
587077
612683
587464
977982
503383
485985
1023088
677712
301820
668159
349647
369866
1520453
703043
768240
951422
650096
497000
1087611
482065
701223
481026
720455
988291
658048
1054391
1051686
408695
1026321
738422
205289
1259123
301267
1793405
1007283
441554
381052
1238278
689031
1151117
673703
369878
434293
545252
1007770
971009
1186173
1217983
587096
874909
723587
794194
933823
1355249
102222
1640751
811490
331241
949822
1220264
1063681
664501
579203
1094179
681991
801114
377312
273396
309335
225959
1045484
687553
571477
698451
418589
714166
383836
500248
551915
425109
790972
524476
674892
524504
1169427
440485
907822
164848
1662182
410742
842143
910737
687759
510518
1136519
1246398
656796
464721
398456
500846
1400749
537500
799382
1143119
710218
769533
483205
1183331
869557
1008089
634328
737378
1107072
671216
480834
1132495
781157
554281
1051554
790133
236010
1193356
829831
809197
652903
635233
1204414
1146898
1315423
1543832
918138
449298
338171
516112
871222
656824
393506
758374
1237172
1315938
719387
396443
708778
1086203
784911
128686
886385
630720
339687
439390
804042
461562
1479887
228193
400980
552700
1008760
620164
577520
829123
979129
1262880
549048
1352726
989733
686318
1245099
741849
1228210
698013
481324
442260
1022832
298447
544855
1010159
728210
203178
873241
330998
707227
573039
686800
585817
367025
952855
997168
1484260
997627
528466
266552
618277
1051427
399556
582649
1633619
1192613
598832
818211
822877
593403
312177
568069
806017
441105
1080699
352905
653202
952116
589937
959135
524345
189009
1066351
1160816
409199
305298
511081
366959
486491
724224
804339
556497
371918
298650
643506
400525
577301
533060
1199735
1080025
635378
951396
841173
887043
970552
922052
630731
532912
620935
629750
531615
525456
822189
885425
471622
1089045
649403
1981806
799454
922945
511922
159833
324055
627961
367063
502999
866503
921664
151723
805030
803578
594394
866874
841052
896783
1394776
496372
754785
650710
880337
484965
986792
693039
498168
499365
395757
1132049
879181
1149162
523939
967718
705952
771381
649372
601604
954280
378234
766109
710674
604143
1112861
557265
833071
1117832
1095909
441073
533062
785301
594364
476959
546361
962797
918257
913068
1330479
789855
497075
824957
544277
355251
907939
359958
591922
632243
307556
580475
842132
942117
1179175
874344
647777
984677
664143
891109
575262
772820
611382
1182073
550163
749105
337880
1298631
647805
649133
326880
1741474
335007
760657
508127
704726
188897
535787
729123
837834
501330
413378
446706
1213648
1221651
1243749
720778
489746
1086590
1034930
570873
852184
795960
437275
1001989
667685
1619520
550791
564355
647183
1173378
1289451
853525
1238884
688812
1681555
574323
716706
474527
811332
984250
795890
696801
976575
1139816
655805
670440
901537
494610
675184
322793
1062422
505615
264528
612532
847819
357433
839923
792495
581802
997804
1065278
645586
476708
166534
1067342
884356
574488
544683
278943
831500
892180
352027
821954
660778
183591
721249
452904
1191859
512897
694167
568389
1057545
730557
1248197
376065
1429282
441430
838930
645636
1876236
1837050
660217
520261
781161
458014
474599
1138186
767238
1003329
704617
425644
920051
1206845
288929
934454
740711
360203
1580503
579369
714547
672750
521380
561802
887118
209551
657204
595539
232919
520888
1263621
879229
351662
320247
430718
782870
326443
382575
680968
1091797
318771
552377
479140
971262
443778
1462716
543745
958937
829822
562083
257358
403213
639707
646231
398661
709158
1235881
1791200
1153999
707133
1114933
731924
1256478
557218
651977
982150
474574
1133619
568223
352888
633165
605584
735032
661222
542885
1247170
453345
684167
530737
1758887
547956
867048
1138471
854572
240638
281824
1040365
935174
314610
467202
986556
732690
935060
1063383
1159189
886275
127052
668476
718496
851708
692023
1065273
407173
938104
529690
300233
638439
955351
659796
1041069
812249
518314
1142145
563384
395457
1133800
429582
1197483
221872
906733
643395
1113201
1026781
562860
875089
461462
237764
985942
475237
1128870
721545
986527
594769
748275
1266254
581699
637230
282459
987163
963656
246216
602807
612421
644478
398734
825102
1368422
518220
452799
573357
722085
1079309
672313
854314
890804
514911
1113072
194326
1063033
257355
373118
633003
581492
222504
985758
1057324
358842
649960
316114
1124687
167694
383900
919994
348673
358149
1246923
986266
649604
1481373
953078
400910
485018
440435
713591
780864
791013
1287629
513175
1031220
625932
659019
692646
511970
1144149
658506
505404
1285835
582765
1066856
573013
781349
631381
659489
1038548
459593
843375
349252
531051
