71909
70227
64434
45390
87036
57036
30685
121685
119587
144852
79739
62793
131624
26325
105403
75126
67554
96939
40542
74824
44211
100743
62639
63690
129610
140499
194764
55556
99014
52643
82281
83160
56869
30546
100936
138314
65503
67238
81077
54123
142030
124744
73235
57888
74094
106707
142259
164574
76760
195623
84537
18215
295894
96025
66217
37004
83066
37942
216633
82196
111568
75096
119830
61038
45794
145608
36762
155817
100039
37781
53376
184468
35823
44336
42399
62079
98231
164564
87969
79895
27173
76327
114666
108470
56094
56511
145741
140054
94482
49855
31752
80146
79896
126783
87647
83832
55319
49105
64900
60098
89733
63928
49707
97490
50029
138281
55826
139834
85339
67558
140480
52607
45690
28907
106459
66191
87361
105567
195468
36020
71243
75776
170691
36470
133680
67077
41841
73292
38358
97546
55215
49211
83405
114188
115638
127149
246678
104822
48332
96204
49469
165342
58190
102977
129389
101445
72625
62494
74857
96762
193869
128793
119853
102414
56616
78063
51190
193408
44554
127816
135872
187318
47189
51875
79731
67518
34259
32057
88214
135076
80689
86656
38705
108642
73241
113828
127577
81774
89576
132859
60535
32003
118277
49103
52084
55816
93278
87201
164701
91250
72473
56805
47437
111492
52588
33903
20391
63184
115217
152695
59137
102763
18607
31890
157923
86897
106133
96537
77176
86785
137467
144851
280718
50347
175158
96368
99572
57031
104535
59765
91033
91270
121047
58426
72859
103375
93594
74460
67854
37836
163598
48562
169858
58372
209542
78093
60705
165542
38376
59330
50579
101419
123060
137434
89752
80745
104506
222514
76820
38115
106135
109174
77362
52105
245427
161541
58309
164407
114233
42510
162267
61948
74685
42623
129590
92428
39227
78999
65763
121227
102811
79705
140269
40209
55803
82794
169833
87492
60240
92147
311120
157731
71369
75345
81422
70197
30180
75535
104571
51976
49667
119018
68975
122103
34554
49144
107351
86236
132985
65248
82173
158415
127075
40125
176724
41952
67879
98718
103272
91516
94039
88120
84508
141894
114585
46474
83965
90798
79815
195067
53931
47829
154827
170743
127266
196580
60324
164672
74690
72103
97980
66148
166164
80079
144935
34147
154281
160633
86980
26941
174880
174756
85011
57908
136537
113236
111581
40625
58573
64651
72000
86865
40052
137978
95085
43022
229202
92903
84129
208890
138252
25710
156536
104826
76299
91700
121791
49051
104828
117746
92263
79677
40853
118686
54606
75617
148955
65859
19930
60629
97607
34671
126547
36643
132980
95198
109828
79708
113084
81871
154198
138623
86170
119042
107296
140328
138982
68811
85220
140284
91322
83763
103547
98856
66592
77912
55570
49861
109390
127128
69510
65361
113594
223698
58210
58613
159638
98798
164333
136052
118207
103878
39008
72181
49670
81926
118099
159388
154039
141745
42396
169052
93276
61332
193730
100381
87321
86746
80018
92148
98168
44456
57741
229024
115066
134591
110546
123216
101674
144611
63392
90785
40546
98777
38643
104666
44775
32641
58438
73445
125940
47732
97888
28894
66010
132871
198009
85794
46999
52516
47455
102645
65734
120480
88403
43220
69564
47086
125519
27729
67141
53264
203637
80029
67256
78744
149723
64591
215052
114303
204335
46220
112603
76353
69678
89997
76829
92886
37899
164976
63211
72142
23603
148695
140272
62579
48548
98644
153316
123247
47547
70700
155482
136850
115919
75207
43153
106313
79166
97329
36550
90736
41988
183617
47400
53903
118336
123437
96713
75206
60371
44345
72950
76753
105753
190618
89475
152691
148837
77534
58722
80533
56884
150508
108211
197303
224409
70336
86433
156368
46103
53649
44367
189123
60153
97280
40913
97645
25179
187826
168238
145281
146994
62043
58799
54510
54736
40994
34706
89490
43632
47860
34057
107485
66105
136403
138257
127248
87407
113574
119821
202490
53533
64102
113340
32671
84457
120591
93706
217322
153079
134297
63322
75351
66340
37297
142411
71532
65611
110491
113457
150275
87124
101519
51844
59284
68949
114191
61680
50033
40546
180426
187468
134823
175981
134083
129161
126492
111642
47764
130661
181255
69385
157891
107034
72857
99485
86650
69311
163196
47006
33192
112944
90105
76710
21460
165941
112104
94079
102428
191784
123111
110669
35300
73804
75597
76510
65220
186514
138985
98450
126661
168905
113820
127409
204761
77511
108585
98314
31274
50660
61397
34337
67512
47109
109045
32694
90235
54259
68952
74701
57059
187470
172633
69375
93124
24488
135447
105856
117722
59709
85399
40606
91380
246579
65993
36857
68475
59634
98451
125153
46511
79889
243445
42026
83598
165294
36347
147626
114361
64918
84503
137761
104789
119598
115019
126225
151007
84502
86027
133917
71982
129403
57112
73309
72183
70231
104942
161668
174879
153616
133477
56328
54480
63723
163450
60901
161934
24604
56820
96942
96156
76585
272280
192992
99892
89360
40842
28622
243396
94396
44247
111606
146369
40362
135375
54378
62976
160530
30204
99866
95885
45523
111359
65168
88768
90666
141150
32317
30044
42115
113000
71844
48628
134067
84001
45563
102401
157894
52771
114398
66357
129704
35560
128929
154552
127400
76519
45954
75379
87633
69717
204190
61118
99770
236536
43381
29733
112613
80090
44577
127005
91054
101259
120919
196372
133252
53422
46666
100314
97073
86893
44618
184646
101541
101149
50342
122128
118985
47897
142109
139479
82675
102555
102641
36401
63002
58344
35049
204720
71884
48422
45183
129030
97455
78185
51245
144936
59328
96325
41626
120124
108870
49163
175083
65320
221444
150267
74373
104177
152718
141694
122854
97563
97648
100250
89836
122070
104691
59535
84342
47792
126663
88399
63444
132069
103396
173779
157106
206350
84717
36481
71426
88251
44043
69318
127424
214470
54315
60631
74039
155741
95390
47196
39071
40068
68141
110123
55139
115191
64102
41278
138177
84837
68737
94986
114070
30866
93050
113695
20705
94245
63486
33271
98199
63640
93279
219676
68452
58345
55017
82206
159827
124124
54489
42363
152012
124462
77056
105655
90615
62107
91036
98885
162516
37399
91077
38867
118979
68569
155196
48296
79042
26600
118699
48490
151566
88269
190430
33814
106090
58697
228980
116158
102656
84106
111627
57916
48699
119150
117956
102274
148212
101961
153359
72370
168109
54396
47424
105669
63723
47491
102209
103460
122205
101316
144745
79242
116940
41936
48358
82777
134345
95136
170617
83615
77537
64440
109949
116128
126323
115179
101552
105350
84361
91932
129184
69837
105515
70675
74925
120480
82768
50797
120498
93306
77418
57331
88897
142399
123816
136528
75090
94835
84084
84778
50798
191430
100271
110491
