14505
20031
16344
22782
26324
12558
21506
7092
10306
12310
9731
19158
8681
13650
16538
11264
19546
19409
17659
25432
6318
5177
17445
12879
10695
19012
15335
21299
17975
17964
9122
20323
9114
10022
10969
17627
15363
9424
13189
5842
37657
17776
8686
11272
18652
16110
9896
13865
7844
7657
7716
11033
14574
26557
35270
5246
13719
18945
12954
20815
8199
6462
32491
19850
6681
27254
11241
31666
33005
13748
10034
25185
6978
18033
8520
10449
15285
11414
14631
9706
6886
8728
14256
9257
28040
11401
17023
8015
18340
7901
6308
14479
16026
12995
10118
9054
14648
24973
9197
5598
11437
6628
23436
18480
32129
18413
4979
19459
32769
16307
8419
9799
7005
13039
26965
9549
21089
14258
7172
9952
7530
8103
8889
13953
8327
12892
14693
7834
9925
12138
7223
24948
19120
6940
14974
8022
6369
14987
7606
13593
16522
27529
5563
11931
12397
9275
24954
5926
31098
6154
22401
4858
17732
25088
10947
25742
14918
8608
13699
12957
15351
12205
18349
8059
12545
13946
8798
13583
9291
11163
8459
12862
5920
13294
5247
9821
12082
12993
18425
11028
22759
16042
14331
12633
22915
19944
10442
25069
16807
17754
16497
16980
17770
12656
13003
9970
18836
14181
29216
21631
21131
7352
19222
14794
8139
24312
11913
30755
5488
7599
21622
17937
16637
14602
8658
18843
8584
10516
10635
7203
24086
10379
10704
22110
12630
22238
22358
13322
12549
16844
20746
8532
19023
6095
19433
14990
12870
10838
24515
21986
6796
21283
13227
17151
8285
11790
11274
7598
8315
7027
11831
11560
9355
11039
11046
23065
5666
17221
13914
10114
12307
20300
8453
19018
14673
14649
26207
9506
10298
7401
8064
9671
11008
6913
6602
22087
12930
14283
37002
10874
10822
7783
9746
8841
22663
27300
11177
25197
18972
12229
6244
15773
9691
17787
11148
20099
6234
11631
8145
8412
13477
16682
5607
9877
13016
12200
20601
10312
24090
27257
13583
27846
11340
10260
31844
9728
20160
20740
20483
8435
40327
15685
13311
14139
9125
7316
12364
11479
11604
7670
38908
29539
11785
11570
19018
16914
12458
23589
5294
13925
4461
8555
11435
11817
23138
11373
17436
9497
24997
11489
7808
6501
15014
10104
13798
6417
10425
13247
12955
6402
14962
12648
16212
17651
11583
14696
8367
13183
8935
8250
16098
11310
12424
6038
20962
9123
10976
11030
16192
11948
17330
39090
21110
12017
27021
8716
19350
12605
10403
20836
17497
9633
17465
15995
9535
9220
20727
16333
9112
28398
14869
15162
25526
5668
10012
6771
6964
7176
15194
12310
12697
15631
13719
26531
16535
19394
9759
12046
9667
9007
6079
24234
7108
9137
8444
14200
8025
13487
10702
10420
11556
8689
33618
10696
8686
16592
13379
9604
11698
10261
32213
29097
20005
14268
14895
27848
15412
14623
8529
10277
9935
10973
9119
15395
15921
15329
35496
5624
14731
11759
12181
11779
15948
18879
9259
5847
6893
10577
7482
16386
28494
31229
13837
24717
8676
17383
22652
16190
5729
32959
21702
7368
19902
9202
32097
15836
18470
6836
14757
9565
21128
27096
7711
13726
22280
11005
12641
8917
16387
15392
10973
10153
11912
15128
5705
8831
7479
6759
6007
15194
8611
8296
7651
17924
21849
9292
9880
10582
16656
21409
10771
20014
14213
16544
7522
15056
8054
11487
8397
10927
7076
18212
10454
17293
8048
19689
20557
9649
18875
23661
15224
23150
10556
15011
9395
10499
13043
8754
13058
12741
15962
20175
24645
11401
11683
9706
8665
21995
11960
10344
10123
7982
21165
11908
13919
13631
7900
12143
6524
25655
7678
21497
16590
18646
12446
6650
14239
8607
16629
31220
18081
9872
19806
22815
8154
13214
37535
22873
28663
11459
9680
21583
15569
10114
14911
17821
24288
10152
7519
19323
10805
9840
7893
26885
17638
20692
12816
20464
13896
15780
19718
15337
10654
26539
14329
20484
12703
7176
8818
20624
6535
13128
11806
12534
25648
20835
24978
7931
17895
14346
9505
12359
20770
7945
16493
12114
15879
9595
20461
9313
6557
10545
15611
8266
10285
14695
20394
10767
8891
10928
8481
29615
28368
24679
12567
11784
14173
14140
25892
12143
18825
29083
7379
19833
12113
25559
9423
8297
15007
9390
7511
15778
8262
6055
25604
9440
7968
18736
11955
29841
7630
12277
22201
16449
10678
16923
12085
15234
12894
11251
19550
8955
22579
7758
8123
14122
8643
27185
9350
11445
7834
8144
7822
30407
6637
14171
10865
10566
27298
8361
16016
15502
11724
20200
22817
27361
34279
12254
15323
10063
12179
28760
6793
29153
10351
10728
13194
17253
27581
11863
19994
15492
10593
34769
9935
13537
20076
9161
11273
16179
17192
11770
24611
11409
6714
14342
23193
10104
8656
8923
12424
17099
8875
8389
8568
17914
23660
15932
15335
15861
6489
8725
17911
15224
8562
16182
5257
7278
8648
6726
17541
18708
7896
20803
11617
7409
7162
18781
22395
11214
16848
9246
17054
10377
11923
11330
6192
20634
13559
7079
9715
8358
12734
12013
14565
10933
11516
24279
27334
8625
11208
16515
8729
37704
13601
13775
13526
13732
10589
8230
5942
12996
25446
11801
32775
8592
6150
9556
7762
15013
44232
21348
29858
14635
10759
10702
10263
12372
10309
12502
12779
15110
6997
13518
13158
12562
11777
25062
8253
7023
21076
12181
12053
7221
13976
18838
7106
9094
6867
12311
37975
14811
18376
19168
23526
13632
7939
22209
14584
17097
16198
28576
12606
9621
11563
9562
23186
10929
6592
10347
11768
16281
11049
19234
10781
7868
14128
9927
6487
11164
20801
8483
18712
46594
8744
7392
6946
11762
16605
17438
7229
7376
14552
9106
30423
56726
17118
17496
13938
17291
10923
10656
11561
12427
19656
10741
7041
15732
20774
34023
16082
24206
9717
6333
7851
11836
12099
11704
7422
10605
16762
6827
13951
17860
8856
10628
17865
10913
14925
14845
17732
17716
12114
9317
11469
14044
11678
17627
6916
9667
18473
6674
17940
15580
13026
6230
13356
17247
9053
8529
9119
13079
4318
13499
18433
12735
18722
20006
29279
11356
18062
6864
8824
9896
19417
12309
9521
15364
11288
14958
15441
27915
9932
9854
31230
8005
12988
19475
12724
8210
24513
15552
9831
13251
8745
18805
23300
17992
11665
13613
20296
12449
7844
7443
13221
12268
10284
24447
15376
11249
