25299,3311082,20,3596389,20,50,4,0,72,0
14925,3302536,20,4249081,20,52,0,0,57,0
2367,2559909,20,1644309,20,42,0,0,64,0
3833,2436424,20,3512073,20,57,2,0,65,0
6537,4071384,20,2897411,20,28,0,0,56,0
3119,2404618,20,3691397,20,88,0,0,65,0
3305,3089967,20,3436871,20,67,0,0,48,0
9509,4163954,20,4075592,20,72,1,0,37,0
16824,3024755,20,2586862,20,81,0,0,54,0
9155,3940217,20,4610865,20,44,0,0,76,0
1327,2603575,20,3550024,20,71,0,0,57,0
2194,2977926,20,3026136,20,37,0,0,64,0
2737,2912569,20,6217468,20,85,0,0,50,0
590,3781845,20,2693358,20,116,0,0,33,0
1912,3917041,20,2988902,20,58,0,0,46,0
15032,2843419,20,2882357,20,63,0,0,64,0
31942,3749558,20,2189433,20,76,2,0,72,0
3441,2915206,20,2894359,20,69,2,0,41,0
2133,3335747,20,3055879,20,81,0,0,49,0
1634,2289194,20,2700559,20,52,2,0,31,0
2763,1994923,20,2052521,20,79,0,0,69,0
5105,1786765,20,3259862,20,63,0,0,52,0
30219,4029121,20,5753288,20,53,5,0,110,0
469,2637039,20,1824459,20,69,0,0,77,0
3412,3077401,20,3698276,20,61,0,0,37,0
4410,2765370,20,3292156,20,74,1,0,68,0
1503,3697895,20,1979051,20,39,0,0,70,0
1434,2249634,20,3435068,20,46,0,0,39,0
1130,3562682,20,2940345,20,45,0,0,40,0
13503,3200650,20,3581198,20,105,1,0,63,0
32358,4065447,20,2922227,20,53,0,0,92,0
2558,3387170,20,3266330,20,42,0,0,27,0
32507,2963770,20,3638394,20,70,10,0,67,0
1194,3806764,20,3658688,20,31,0,0,57,0
3657,2728518,20,2556181,20,79,0,0,71,0
25627,4577183,20,4206044,20,19,3,0,56,0
44196,3112128,20,3155349,20,80,6,0,72,0
1709,2378205,20,3360346,20,47,0,0,55,0
3493,2408813,20,3607307,20,59,0,0,64,0
5031,4854563,20,3295682,20,28,0,0,66,0
11559,5053550,20,2921666,20,82,0,0,105,0
7440,3928874,20,3631897,20,72,2,0,67,0
4831,3083939,20,3193228,20,43,1,0,79,0
1987,4469923,20,2470661,20,103,0,0,78,0
1796,3079515,20,3280004,20,41,0,0,59,0
6447,4439630,20,3482913,20,61,0,0,49,0
14225,2393818,20,2709899,20,59,0,0,66,0
6241,3572274,20,1598606,20,61,0,0,51,0
11998,4316878,20,3256205,20,75,0,0,67,0
24788,3510720,20,3085204,20,68,0,0,61,0
2811,3457236,20,3561263,20,74,0,0,82,0
6795,3737566,20,3358246,20,62,0,0,46,0
2919,3564554,20,4256569,20,59,0,0,58,0
31202,2647275,20,4378202,20,73,8,0,61,0
1024,3200074,20,3353249,20,66,1,0,36,0
12783,4331678,20,2009584,20,42,0,0,25,0
1539,4261383,20,2592920,20,53,0,0,41,0
16500,3940949,20,2911610,20,42,1,0,49,0
2490,2904786,20,3233569,20,66,1,0,40,0
35634,3854740,20,3188183,20,141,1,0,74,0
5664,2540671,20,3639527,20,62,2,0,58,0
2949,2960105,20,4430273,20,98,1,0,90,0
1120,3282833,20,2233881,20,59,0,0,53,0
1002,3133773,20,4707096,20,107,0,0,86,0
2604,3783920,20,2604683,20,39,1,0,42,0
28994,2909445,20,2239626,20,87,2,0,66,0
2097,3955625,20,1763693,20,64,2,0,92,0
28626,3444143,20,2369383,20,87,0,0,70,0
28123,4383689,20,3447071,20,64,0,0,54,0
14805,2701952,20,3117806,20,62,1,0,41,0
13661,4547594,20,3238976,20,59,0,0,66,0
4560,3672805,20,4363716,20,67,0,0,52,0
10245,3001511,20,2179743,20,80,0,0,44,0
1109,3534614,20,3510636,20,73,0,0,59,0
15732,2928882,20,2854727,20,57,3,0,44,0
15363,4468989,20,2414077,20,38,0,0,42,0
13961,3820931,20,3079640,20,50,0,0,53,0
1507,2699334,20,3219451,20,62,0,0,57,0
13511,3867924,20,2423447,20,58,0,0,47,0
2069,2377355,20,2568561,20,67,0,0,56,0
2232,2734335,20,3151252,20,128,1,0,50,0
20644,2732868,20,2714724,20,102,5,0,23,0
18315,2524198,20,4064309,20,60,6,0,43,0
3979,1968430,20,3904924,20,47,0,0,39,0
2674,3466194,20,2662816,20,38,0,0,83,0
7627,2666048,20,3554257,20,65,2,0,56,0
1001,3611698,20,4040791,20,103,1,0,63,0
20658,5324013,20,5081439,20,61,4,0,91,0
2635,2788730,20,2788667,20,71,0,0,42,0
2407,2783853,20,3607652,20,98,0,0,97,0
24897,2430320,20,4894381,20,111,4,0,113,0
22107,4455869,20,3132016,20,78,0,0,65,0
34080,4696031,20,4408628,20,64,2,0,67,0
24062,1565965,20,4099728,20,30,7,0,70,0
17535,2380255,20,3263980,20,57,0,0,34,0
3152,3261951,20,2693536,20,45,0,0,47,0
6716,3624654,20,2999076,20,49,0,0,60,0
2380,2438756,20,3671161,20,57,0,0,65,0
7536,2595884,20,3496674,20,51,0,0,56,0
4474,3762874,20,3121624,20,26,0,0,63,0
6324,3122507,20,2991820,20,76,0,0,84,0
2396,3773079,20,4823475,20,38,2,0,43,0
1313,3254673,20,2408064,20,70,0,0,47,0
941,4132258,20,1584784,20,80,0,0,66,0
2968,4292401,20,3055626,20,42,0,0,90,0
5782,4556565,20,3907356,20,63,1,0,73,0
20533,3806565,20,4671228,20,42,0,0,96,0
17190,4351422,20,2640140,20,100,0,0,53,0
2167,3073040,20,3233899,20,59,0,0,102,0
10342,4103564,20,3692487,20,39,2,0,93,0
11388,3508581,20,3925175,20,47,4,0,76,0
6239,3003031,20,2607637,20,99,0,0,39,0
33513,3731902,20,1604818,20,57,2,0,82,0
2984,4468736,20,2911235,20,46,0,0,110,0
1659,3257383,20,3624213,20,62,0,0,42,0
27882,3267433,20,4413429,20,66,4,0,64,0
16355,2809173,20,2754518,20,53,1,0,90,0
7822,2953351,20,5416240,20,90,0,0,65,0
18363,3834677,20,4244963,20,49,4,0,72,0
28027,3924480,20,3488390,20,74,2,0,63,0
4441,2914024,20,3576126,20,59,0,0,52,0
489,3099768,20,2501407,20,56,0,0,39,0
1119,3812443,20,2934616,20,32,1,0,47,0
6189,1925297,20,2467226,20,50,1,0,71,0
4007,3563248,20,2869109,20,71,0,0,62,0
3060,2777257,20,2843509,20,55,2,0,96,0
3145,2307368,20,4433144,20,21,1,0,49,0
23601,3499182,20,2914119,20,58,0,0,69,0
27568,3670036,20,3388435,20,57,2,0,44,0
4657,3255481,20,3227584,20,30,3,0,73,0
5569,2835449,20,3891200,20,80,0,0,78,0
28040,3327556,20,4894050,20,98,1,0,102,0
2928,3043456,20,2110770,20,68,0,0,113,0
12080,2495616,20,2786449,20,52,1,0,100,0
13083,5776378,20,3300617,20,40,3,0,42,0
23327,3100438,20,2081077,20,42,2,0,86,0
17739,3738129,20,1428902,20,78,1,0,78,0
2192,2313922,20,2861621,20,58,0,0,38,0
31781,3475973,20,3322793,20,61,0,0,68,0
2014,2759927,20,3808266,20,95,0,0,73,0
2748,5334812,20,4798572,20,31,0,0,37,0
27748,4402091,20,3035732,20,70,3,0,83,0
27501,4888797,20,2087494,20,57,0,0,82,0
12939,3270029,20,3127454,20,56,0,0,87,0
3625,2787676,20,3374831,20,53,2,0,66,0
11553,4076161,20,2500376,20,50,0,0,67,0
3972,2228262,20,2249705,20,106,1,0,44,0
12150,3529513,20,3107698,20,42,1,0,50,0
2041,2512433,20,4013008,20,78,0,0,53,0
10081,3101338,20,4418372,20,51,0,0,51,0
23203,3643351,20,4089617,20,26,2,0,38,0
1786,2897063,20,2442945,20,58,0,0,28,0
2963,3085939,20,2918592,20,133,0,0,51,0
28015,4011599,20,2893174,20,43,2,0,49,0
966,2671868,20,3879513,20,78,0,0,39,0
17904,2763777,20,3425244,20,58,2,0,52,0
659,3377858,20,2764116,20,86,0,0,62,0
2764,2474979,20,2494877,20,75,0,0,45,0
4205,4457958,20,3317334,20,63,0,0,72,0
1876,4726250,20,2864624,20,56,0,0,69,0
4474,3233192,20,2972000,20,53,1,0,61,0
6586,2871707,20,3412584,20,52,1,0,58,0
13227,3840100,20,2825545,20,33,0,0,55,0
3658,2439031,20,2767073,20,32,0,0,60,0
6531,4020557,20,2821123,20,49,0,0,58,0
37147,3205995,20,3714659,20,42,0,0,79,0
10158,3587140,20,3466305,20,35,0,0,37,0
25281,2831043,20,3044020,20,56,3,0,48,0
19391,3588423,20,2934237,20,74,5,0,43,0
2493,4187597,20,3438973,20,63,1,0,61,0
12271,3375712,20,3968177,20,63,0,0,67,0
19295,1832099,20,2468970,20,122,1,0,79,0
26127,2841050,20,3266580,20,41,3,0,59,0
5522,3477617,20,2433328,20,37,1,0,84,0
15353,2887293,20,2829540,20,75,0,0,74,0
2395,2991307,20,3382239,20,58,1,0,96,0
19381,4457702,20,3288174,20,88,0,0,85,0
1806,2855786,20,2399394,20,56,0,0,50,0
20067,4149023,20,3232581,20,65,2,0,63,0
9852,3321679,20,1762741,20,40,0,0,63,0
5527,4441798,20,1835134,20,31,0,0,71,0
9175,3666905,20,1912613,20,37,2,0,30,0
2465,2613566,20,3408349,20,58,0,0,46,0
4350,3451129,20,2995335,20,46,0,0,35,0
966,2709818,20,2684448,20,54,1,0,34,0
8917,4798786,20,3919076,20,52,2,0,65,0
7447,3518792,20,3016387,20,41,2,0,32,0
31501,2781376,20,3387176,20,47,2,0,43,0
3256,2962548,20,3696904,20,60,0,0,22,0
5890,3201858,20,2932901,20,56,3,0,70,0
7704,1992330,20,3395251,20,62,1,0,52,0
671,2932943,20,2699578,20,66,0,0,64,0
7842,4222877,20,5542701,20,47,1,0,54,0
1457,2135116,20,2528298,20,32,0,0,33,0
1605,3523393,20,3116317,20,62,0,0,57,0
4114,3012106,20,4480398,20,64,1,0,92,0
3715,3645441,20,2849902,20,75,2,0,56,0
16815,4261186,20,2345786,20,57,0,0,74,0
40352,3030015,20,3159121,20,119,12,0,87,0
5630,3883056,20,2469783,20,43,0,0,57,0
20169,3917811,20,4131117,20,66,0,0,50,0
6642,2297633,20,2380401,20,58,0,0,38,0
39389,3522531,20,3883820,20,33,5,0,53,0
2288,3792177,20,3003288,20,59,1,0,55,0
1100,4648132,20,2076567,20,51,0,0,55,0
2075,3421221,20,2670393,20,63,1,0,70,0
1228,4970792,20,2960584,20,63,0,0,64,0
4901,3100708,20,2429553,20,52,1,0,57,0
3929,3401127,20,1664629,20,81,0,0,33,0
3336,2136530,20,3557598,20,78,0,0,56,0
1636,3004152,20,2854252,20,71,0,0,71,0
9076,2334359,20,4761467,20,53,1,0,58,0
1743,3911923,20,5077531,20,50,1,0,82,0
3574,2833403,20,2662369,20,59,1,0,41,0
10560,2125342,20,5144161,20,61,2,0,57,0
15066,3282217,20,3800382,20,49,0,0,63,0
1505,2826767,20,4077775,20,41,0,0,68,0
3112,3951656,20,4424525,20,54,0,0,52,0
7560,2204358,20,3537211,20,66,2,0,81,0
6025,4288987,20,3229034,20,58,0,0,112,0
4644,3975483,20,4436930,20,73,0,0,86,0
24699,5069516,20,2859272,20,53,0,0,51,0
10619,2826056,20,2527571,20,63,0,0,45,0
2074,4594213,20,2510769,20,66,0,0,89,0
1088,4297719,20,5115443,20,38,0,0,70,0
8992,2989467,20,3617934,20,56,0,0,38,0
2109,3042221,20,2580314,20,78,0,0,37,0
17674,5085331,20,3199364,20,74,2,0,55,0
3229,3056373,20,3294656,20,73,0,0,66,0
5125,4380638,20,4068731,20,74,2,0,66,0
5682,3823410,20,3910939,20,37,2,0,56,0
7091,4500468,20,4562757,20,41,0,0,66,0
21078,4354448,20,3666618,20,38,0,0,46,0
920,1985786,20,4149420,20,77,0,0,78,0
22529,3697726,20,3134887,20,49,0,0,34,0
4823,2799879,20,2050365,20,96,0,0,68,0
23759,2534542,20,4136428,20,78,1,0,64,0
1251,3327156,20,3701602,20,60,1,0,72,0
40445,4072274,20,2783601,20,65,2,0,65,0
2010,3312192,20,3229691,20,55,0,0,44,0
2145,2742544,20,2686011,20,77,1,0,57,0
3825,3395188,20,3750773,20,50,0,0,65,0
21126,3355067,20,3803326,20,42,0,0,94,0
12550,3763826,20,3235359,20,61,2,0,81,0
5267,2249609,20,3981871,20,60,0,0,33,0
35930,2963229,20,3607982,20,62,10,0,40,0
31261,3954256,20,2956088,20,70,11,0,50,0
1598,2587959,20,3617987,20,45,0,0,50,0
20207,2709737,20,3479588,20,53,1,0,59,0
1294,3034684,20,3860660,20,62,0,0,62,0
2673,2724579,20,2353243,20,47,3,0,73,0
7596,3438160,20,2933472,20,74,0,0,45,0
6344,3067058,20,5325691,20,66,0,0,87,0
3797,2914643,20,3780701,20,68,0,0,31,0
18010,4140729,20,1976905,20,65,1,0,85,0
868,2308450,20,2383007,20,54,0,0,68,0
14375,4051321,20,3416020,20,85,0,0,70,0
1951,4056208,20,2730275,20,73,2,0,54,0
5209,3055166,20,2812668,20,39,0,0,56,0
2411,4359713,20,3148737,20,34,2,0,48,0
8701,3619798,20,3933060,20,71,1,0,91,0
9942,3264130,20,2286910,20,45,2,0,40,0
22668,3927100,20,3119856,20,71,0,0,65,0
32196,2745429,20,4980482,20,79,4,0,62,0
3017,3586181,20,4123397,20,93,0,0,54,0
11349,4409405,20,3430991,20,64,3,0,41,0
40854,3733125,20,2623178,20,49,0,0,84,0
23768,3962385,20,3030485,20,84,1,0,48,0
6956,3837469,20,2051967,20,68,3,0,69,0
9561,2999103,20,2798304,20,80,0,0,51,0
8051,3159413,20,3003726,20,30,1,0,36,0
18959,2444969,20,3330209,20,64,7,0,103,0
10236,6122426,20,3532614,20,73,0,0,72,0
24151,3344344,20,3447783,20,38,3,0,64,0
5718,2563438,20,2739190,20,44,0,0,51,0
8652,2387363,20,3896285,20,73,0,0,30,0
3189,3023544,20,2770467,20,80,0,0,62,0
5432,3749554,20,3241960,20,74,2,0,50,0
2604,2853796,20,1209244,20,59,0,0,90,0
17348,3586869,20,3208328,20,36,1,0,83,0
1665,3679670,20,3688159,20,74,0,0,49,0
16730,3761738,20,2773813,20,40,0,0,52,0
7994,2375907,20,4167044,20,61,2,0,75,0
805,3084119,20,3951212,20,67,0,0,34,0
6800,3253311,20,2099770,20,52,1,0,42,0
9913,3304408,20,2823735,20,53,2,0,68,0
15779,3348255,20,3110139,20,61,3,0,51,0
2978,2543190,20,2792099,20,51,0,0,56,0
2504,1922237,20,2947539,20,38,0,0,48,0
11603,3469202,20,2987436,20,71,0,0,79,0
2449,2839787,20,3464203,20,76,0,0,53,0
1351,3473425,20,2710834,20,49,1,0,26,0
12886,3734302,20,2991614,20,34,3,0,79,0
1120,4019118,20,3427049,20,81,0,0,80,0
516,4572919,20,2430645,20,44,0,0,65,0
14968,3454218,20,3765059,20,39,3,0,59,0
1702,1960908,20,3319523,20,58,0,0,53,0
3030,3275954,20,3283711,20,51,0,0,75,0
1140,2127782,20,2402426,20,101,0,0,65,0
20758,2345125,20,4123841,20,86,3,0,84,0
38995,3014481,20,3912649,20,59,12,0,64,0
20422,2159231,20,3714781,20,35,3,0,51,0
3078,2521708,20,3738022,20,83,0,0,49,0
28013,3225558,20,2694221,20,80,0,0,75,0
994,3319039,20,3871866,20,44,0,0,26,0
11096,1603461,20,3563700,20,45,4,0,73,0
1871,4059548,20,3196219,20,48,1,0,80,0
3570,2552002,20,2456738,20,67,3,0,63,0
7331,3737680,20,2749015,20,43,2,0,72,0
16508,2681713,20,3694004,20,76,1,0,65,0
21921,3019892,20,3274007,20,35,6,0,45,0
9394,4116281,20,2405010,20,54,0,0,75,0
471,1755803,20,1884561,20,70,0,0,36,0
4645,5097039,20,3032230,20,52,2,0,47,0
1051,4511574,20,3401819,20,70,0,0,45,0
49612,4871573,20,2254581,20,35,1,0,90,0
12737,3644176,20,2204383,20,62,0,0,30,0
13445,4265027,20,2289896,20,54,0,0,75,0
740,2674613,20,3447327,20,100,0,0,48,0
30930,5108150,20,2707924,20,45,7,0,112,0
5425,4586247,20,2626400,20,46,3,0,67,0
36578,3173230,20,3708588,20,62,1,0,70,0
1591,4117118,20,2641841,20,102,0,0,67,0
1380,4079683,20,2821300,20,40,1,0,64,0
4581,4638823,20,3672833,20,78,0,0,51,0
3185,2708655,20,3893181,20,38,0,0,58,0
1376,3400220,20,3167754,20,123,0,0,53,0
7210,2716743,20,3607643,20,74,0,0,57,0
10552,3322319,20,2341911,20,66,0,0,42,0
8657,2759952,20,3969958,20,73,2,0,50,0
678,3321622,20,3181656,20,36,0,0,46,0
21800,4184765,20,3264286,20,37,0,0,33,0
2217,2396799,20,3230952,20,23,0,0,62,0
15114,3561359,20,3399021,20,69,0,0,78,0
11129,3100805,20,2221891,20,67,4,0,50,0
7986,3797999,20,3644511,20,37,0,0,59,0
16861,3283148,20,3250544,20,48,1,0,66,0
4656,3582002,20,2852235,20,104,1,0,36,0
631,4676710,20,3146411,20,35,0,0,76,0
9048,3103153,20,3608590,20,49,2,0,36,0
1874,2088799,20,2396232,20,69,0,0,54,0
4453,3320865,20,4158606,20,32,2,0,38,0
2635,2565939,20,3292730,20,57,0,0,69,0
978,1941502,20,3149240,20,56,1,0,56,0
13535,4529322,20,2383308,20,63,1,0,48,0
9572,3969682,20,3625284,20,80,0,0,65,0
11730,3144903,20,3106368,20,52,0,0,51,0
822,3148249,20,2209523,20,91,1,0,48,0
930,2759935,20,3779557,20,67,0,0,66,0
3459,3251342,20,4247106,20,26,0,0,53,0
30100,4436722,20,2881259,20,78,2,0,44,0
7013,2413838,20,3766198,20,49,0,0,82,0
947,3130687,20,3733282,20,50,0,0,60,0
13446,2933768,20,2500602,20,42,3,0,31,0
13592,4778230,20,3192743,20,50,1,0,86,0
1459,3260190,20,2578073,20,46,1,0,53,0
5087,2090932,20,5039141,20,68,0,0,40,0
12713,2995356,20,3981453,20,86,0,0,94,0
12387,3468684,20,3187586,20,67,2,0,40,0
4681,3961784,20,3684524,20,45,0,0,64,0
2436,3352959,20,2588821,20,66,0,0,50,0
8028,2316703,20,4030516,20,93,1,0,90,0
2697,2262199,20,2599344,20,66,0,0,83,0
6447,1825947,20,2350409,20,45,0,0,66,0
15595,3331129,20,2554773,20,121,0,0,68,0
9752,3012442,20,3152260,20,89,2,0,54,0
3527,2284179,20,2124946,20,45,0,0,62,0
15986,2319958,20,2736765,20,32,3,0,55,0
33147,2981250,20,4460819,20,71,5,0,103,0
621,2921840,20,3145334,20,41,1,0,35,0
13874,2641550,20,4315060,20,60,1,0,68,0
1273,4145278,20,2317278,20,47,0,0,80,0
1768,2857362,20,4101331,20,40,0,0,45,0
43844,4374643,20,3217017,20,85,0,0,99,0
653,3623542,20,3836476,20,96,0,0,72,0
822,4276222,20,3216651,20,81,0,0,47,0
29298,3478851,20,3203113,20,63,2,0,56,0
15303,4689928,20,3010418,20,46,2,0,70,0
2829,3628458,20,3607842,20,44,0,0,72,0
3453,2847916,20,4470493,20,23,0,0,48,0
4332,2278616,20,3017671,20,38,0,0,48,0
2085,2085420,20,3674501,20,45,0,0,58,0
6755,4772956,20,3180580,20,74,2,0,59,0
8973,2308370,20,2469082,20,51,0,0,30,0
1260,3776679,20,2954461,20,70,1,0,78,0
1923,2603174,20,4248809,20,85,0,0,60,0
2621,3005045,20,2849602,20,50,0,0,57,0
1552,4941493,20,3430956,20,58,0,0,50,0
5133,5761844,20,2520544,20,51,0,0,52,0
3428,3063922,20,2213242,20,54,0,0,68,0
6909,3012497,20,2502296,20,28,1,0,34,0
14777,2661295,20,2985621,20,52,0,0,56,0
6125,4485376,20,3383534,20,66,0,0,57,0
922,3113044,20,3498206,20,46,0,0,58,0
1297,1760644,20,3089242,20,87,0,0,37,0
12476,2910987,20,3085139,20,33,0,0,39,0
12413,1880010,20,3522721,20,58,0,0,72,0
2608,1764495,20,4050737,20,34,0,0,46,0
10398,4533848,20,1620809,20,58,0,0,78,0
2685,2919143,20,3444866,20,36,0,0,80,0
6688,3343946,20,3580069,20,57,0,0,69,0
13619,4019650,20,2254504,20,60,1,0,64,0
6366,2979876,20,4155386,20,65,1,0,92,0
1769,2066287,20,4385654,20,56,0,0,44,0
20620,2026261,20,2987455,20,44,1,0,71,0
774,3405920,20,3029022,20,56,0,0,65,0
18902,2458907,20,4070074,20,59,0,0,71,0
18566,2625989,20,3640264,20,43,1,0,62,0
19812,2744511,20,2289703,20,47,0,0,66,0
37268,2189238,20,4490357,20,28,5,0,64,0
3294,2456824,20,2474267,20,40,0,0,34,0
5587,2703365,20,2627159,20,36,0,0,86,0
7902,4255389,20,3320475,20,64,2,0,80,0
27192,2980992,20,4759117,20,62,4,0,48,0
1626,3625387,20,2968384,20,43,1,0,69,0
9550,2627127,20,2036389,20,84,0,0,58,0
4071,3392448,20,5994823,20,55,0,0,49,0
32233,2969352,20,4130485,20,37,5,0,70,0
3470,4356390,20,3189931,20,50,0,0,60,0
12028,4555607,20,2952449,20,85,1,0,80,0
37744,2931263,20,3256859,20,87,7,0,78,0
1552,2204846,20,2094098,20,72,0,0,67,0
722,2137453,20,2972342,20,52,0,0,68,0
14068,2869815,20,3785398,20,67,5,0,81,0
2049,3270298,20,2336960,20,49,0,0,74,0
9149,2111189,20,4229841,20,50,3,0,98,0
6293,3254442,20,2830216,20,61,1,0,44,0
1363,3125052,20,2832992,20,69,0,0,44,0
17870,2894270,20,3358847,20,43,0,0,42,0
1549,5084064,20,2003945,20,46,0,0,45,0
6091,3158361,20,3681740,20,42,3,0,57,0
3951,1973605,20,3474993,20,55,0,0,53,0
13557,4164525,20,2759881,20,54,0,0,53,0
1741,2924316,20,3195132,20,55,0,0,83,0
27768,2127431,20,2754379,20,130,6,0,54,0
3329,3594777,20,2996183,20,68,1,0,48,0
2846,2941949,20,2982414,20,33,0,0,93,0
553,4393230,20,3645273,20,94,0,0,68,0
2646,3238362,20,2497538,20,66,0,0,47,0
967,2469987,20,1937656,20,79,1,0,66,0
2108,3754932,20,2764515,20,69,0,0,91,0
2234,3073491,20,5655710,20,44,1,0,58,0
4014,3786277,20,2493306,20,91,2,0,65,0
16570,3346740,20,2246075,20,90,0,0,35,0
696,3356160,20,2880128,20,50,0,0,52,0
923,1790565,20,2318055,20,71,0,0,47,0
3294,2186616,20,3320887,20,58,0,0,55,0
7585,2951032,20,3516293,20,46,0,0,48,0
12062,3632237,20,2392571,20,62,1,0,111,0
12062,3120373,20,3176906,20,38,5,0,72,0
10337,3464786,20,2805353,20,81,0,0,93,0
27054,2348787,20,3385668,20,47,0,0,38,0
4144,4180631,20,3552419,20,48,0,0,75,0
5859,4481582,20,4097883,20,89,0,0,68,0
1081,3234778,20,2533380,20,59,2,0,53,0
10478,3016412,20,4361828,20,59,1,0,51,0
6524,4743940,20,3436204,20,42,0,0,135,0
1755,3807699,20,1934901,20,78,0,0,64,0
5230,4064349,20,2964605,20,49,1,0,73,0
15152,2912789,20,3435665,20,45,0,0,35,0
12763,2730411,20,4296802,20,69,2,0,52,0
3225,2798354,20,2466960,20,33,0,0,71,0
14708,2757518,20,2824846,20,80,1,0,69,0
1549,3256781,20,3866070,20,42,3,0,80,0
5861,4270594,20,2998489,20,61,0,0,65,0
3923,2002721,20,2496678,20,43,4,0,53,0
23862,3075361,20,3500067,20,62,0,0,58,0
2108,3247476,20,2701352,20,40,0,0,84,0
4016,3228250,20,4327968,20,45,0,0,63,0
10665,3554370,20,3430688,20,108,1,0,75,0
1768,3036458,20,2532059,20,63,0,0,56,0
2017,3233457,20,2692263,20,54,1,0,27,0
9014,3771796,20,2347476,20,53,0,0,70,0
1373,3894008,20,2695934,20,78,2,0,34,0
11996,4297004,20,3699413,20,56,0,0,43,0
13664,3219812,20,4674748,20,60,1,0,70,0
5352,3274769,20,2460685,20,85,1,0,75,0
18307,3377892,20,3713991,20,53,7,0,55,0
1317,2383749,20,2673340,20,52,1,0,68,0
10122,2755625,20,3600477,20,65,2,0,57,0
53062,4016646,20,4074608,20,32,5,0,44,0
21608,3351554,20,2739799,20,54,1,0,69,0
4316,3703224,20,2043353,20,33,1,0,44,0
3759,3244532,20,4580900,20,69,1,0,50,0
7112,2383817,20,3369347,20,72,2,0,42,0
2641,3110429,20,2997169,20,52,0,0,45,0
17612,4073188,20,4291001,20,45,1,0,98,0
1311,3415166,20,2530885,20,53,0,0,44,0
757,4258063,20,5047557,20,43,0,0,38,0
1077,2386695,20,2460759,20,34,0,0,76,0
9726,2445004,20,2409705,20,38,0,0,85,0
29419,4633332,20,2717964,20,65,1,0,78,0
2712,2913983,20,3996911,20,59,0,0,70,0
17669,3322853,20,1987263,20,52,0,0,64,0
5215,3196619,20,3415715,20,25,0,0,93,0
1822,3465741,20,3636061,20,75,1,0,44,0
1740,3431920,20,3441874,20,60,1,0,55,0
11069,3562483,20,2862660,20,59,0,0,37,0
1646,3499016,20,2731271,20,67,0,0,48,0
11434,3370143,20,2997176,20,51,3,0,82,0
8723,1666986,20,1891391,20,59,1,0,32,0
2537,3050822,20,3166281,20,89,0,0,64,0
5691,2734861,20,2105837,20,76,2,0,71,0
11198,3740469,20,4521001,20,52,1,0,71,0
3124,2379161,20,2793053,20,55,2,0,56,0
832,2871047,20,3550921,20,54,0,0,87,0
7570,4080740,20,2919476,20,54,1,0,47,0
1425,3930005,20,2518780,20,80,0,0,63,0
1060,3001624,20,4201732,20,84,0,0,38,0
12755,3152360,20,4158934,20,20,0,0,72,0
1010,3843961,20,4457540,20,77,0,0,94,0
996,3846068,20,3305726,20,51,0,0,79,0
35934,3696580,20,2596771,20,37,2,0,50,0
1161,2627317,20,2389564,20,42,0,0,73,0
8030,2738202,20,4331300,20,53,1,0,62,0
3449,3397516,20,2155927,20,30,0,0,63,0
23825,4275659,20,2748587,20,79,0,0,51,0
10299,3788224,20,4442172,20,46,2,0,75,0
10092,2522698,20,2746832,20,45,0,0,72,0
9889,2677819,20,3182671,20,76,0,0,86,0
3434,2775456,20,3411061,20,73,0,0,58,0
17010,3958514,20,3360004,20,76,1,0,51,0
11409,3866328,20,2920539,20,41,3,0,56,0
805,3679991,20,3374109,20,51,0,0,53,0
2327,2854878,20,1984902,20,50,1,0,62,0
1512,3323540,20,3695852,20,94,1,0,115,0
1096,2844897,20,2010946,20,68,0,0,41,0
4606,2276844,20,2928127,20,53,1,0,79,0
28103,4123398,20,4700405,20,57,0,0,74,0
10344,3256300,20,5023934,20,49,1,0,97,0
2298,4241446,20,2876261,20,76,0,0,24,0
4043,3121898,20,4228775,20,68,0,0,71,0
18124,3024226,20,2449612,20,69,0,0,97,0
20361,3782604,20,4381866,20,129,2,0,53,0
15535,2331446,20,5359838,20,74,1,0,42,0
3826,2826141,20,3192340,20,53,0,0,91,0
1404,3485548,20,3467151,20,19,0,0,72,0
24052,3590010,20,3086302,20,62,1,0,81,0
7269,5007721,20,3846956,20,77,0,0,56,0
8958,1997395,20,4351379,20,94,1,0,32,0
28933,4304978,20,2643350,20,73,2,0,69,0
4541,3391364,20,2905467,20,78,0,0,43,0
11372,3232004,20,2376461,20,53,5,0,117,0
4874,2882625,20,2507333,20,35,0,0,56,0
22702,3381806,20,3034751,20,55,0,0,75,0
4142,3128675,20,3263955,20,49,2,0,77,0
9709,2846645,20,2470825,20,51,0,0,63,0
14467,3034812,20,2178262,20,54,3,0,63,0
7378,3030065,20,1556113,20,60,0,0,44,0
27702,4734755,20,3671515,20,98,2,0,57,0
913,3933942,20,2804213,20,55,4,0,62,0
42393,4734854,20,3503016,20,56,7,0,61,0
13126,3412816,20,2856922,20,56,1,0,55,0
2098,2969083,20,2395329,20,59,1,0,44,0
1165,4788793,20,4489417,20,108,0,0,57,0
1072,3562525,20,2386896,20,33,0,0,48,0
6350,4812631,20,3998551,20,88,0,0,36,0
26906,2349724,20,3010492,20,53,4,0,63,0
14684,2770472,20,2899887,20,41,1,0,34,0
50815,3768686,20,2594515,20,69,4,0,57,0
13883,3636831,20,2691691,20,76,1,0,62,0
18702,4215311,20,4515101,20,45,2,0,73,0
9928,3106271,20,2613623,20,35,0,0,55,0
11616,2652374,20,2694225,20,32,0,0,42,0
8110,2533924,20,2963943,20,65,0,0,73,0
869,2189604,20,2242265,20,61,0,0,44,0
42629,4785995,20,2987695,20,45,0,0,99,0
911,2142559,20,2754908,20,48,0,0,44,0
16191,3997495,20,2975954,20,47,0,0,52,0
1961,3496285,20,2447210,20,45,0,0,37,0
11057,3080808,20,2807921,20,63,0,0,55,0
3700,4141432,20,2284485,20,51,0,0,35,0
16096,4263692,20,3701713,20,78,0,0,44,0
1232,2045147,20,3115477,20,60,0,0,25,0
13826,2869266,20,2517621,20,75,0,0,54,0
724,1663582,20,3372154,20,43,3,0,82,0
25697,3812568,20,3663866,20,68,1,0,106,0
16731,2731352,20,3995423,20,41,1,0,68,0
2140,1754453,20,3203050,20,93,0,0,50,0
15757,2855985,20,4615585,20,52,1,0,36,0
11549,2495909,20,4417462,20,63,5,0,71,0
4939,2944857,20,3695893,20,38,0,0,64,0
24293,3104084,20,3086095,20,50,0,0,59,0
2097,3326084,20,3048206,20,30,0,0,92,0
7075,2709509,20,2842463,20,68,1,0,52,0
10418,3282335,20,3398165,20,54,1,0,40,0
2288,3003067,20,4781845,20,46,3,0,58,0
33557,5199127,20,3201934,20,69,0,0,63,0
8830,3006209,20,2989324,20,44,2,0,113,0
8438,2980623,20,4759089,20,68,0,0,37,0
2440,2085814,20,2446465,20,67,1,0,40,0
2021,3402126,20,3966944,20,54,0,0,52,0
2513,2105093,20,3419657,20,75,1,0,37,0
1800,3435529,20,2862994,20,66,0,0,56,0
19412,2685047,20,3819295,20,60,0,0,79,0
1314,2953500,20,2338504,20,35,1,0,57,0
2367,2299988,20,1401547,20,46,0,0,29,0
6085,1791062,20,3368554,20,30,0,0,51,0
52765,5491310,20,2975063,20,43,5,0,54,0
8034,1495210,20,3119028,20,86,6,0,45,0
33346,4272665,20,3369200,20,52,0,0,71,0
6806,3765974,20,2733166,20,61,0,0,66,0
5134,3116817,20,3771861,20,62,0,0,49,0
10704,3143218,20,3089109,20,72,0,0,78,0
6448,4322452,20,3619957,20,56,0,0,119,0
4184,2310272,20,3719097,20,81,3,0,51,0
12861,4591034,20,2276201,20,75,0,0,80,0
23224,2250351,20,5000021,20,62,4,0,93,0
5611,2561365,20,4174766,20,70,0,0,49,0
28709,3349625,20,1995084,20,39,1,0,46,0
3977,3245327,20,2652829,20,36,0,0,130,0
3352,2672992,20,3773081,20,57,1,0,127,0
3314,3445200,20,2910831,20,38,0,0,46,0
9673,3295255,20,2271991,20,68,0,0,64,0
20826,2809080,20,3503736,20,45,2,0,50,0
4610,2791630,20,2563090,20,56,0,0,46,0
7148,3492094,20,3922894,20,115,1,0,71,0
26093,4052177,20,3381825,20,71,8,0,78,0
12451,1714338,20,3381210,20,80,0,0,54,0
2494,4007733,20,2865341,20,67,1,0,99,0
1339,4580883,20,3943891,20,46,1,0,76,0
21980,3369587,20,2567797,20,51,0,0,77,0
14439,3318393,20,3364155,20,72,2,0,66,0
10734,2652213,20,2681614,20,41,0,0,39,0
13701,2422406,20,2816294,20,52,2,0,66,0
11349,3914503,20,3374608,20,46,0,0,54,0
1213,3211690,20,2704010,20,44,0,0,56,0
1659,3432498,20,2361806,20,33,0,0,30,0
11059,4125498,20,4627414,20,87,1,0,48,0
3916,2350881,20,3757402,20,94,2,0,40,0
15099,3189346,20,3187910,20,75,0,0,92,0
2872,3540515,20,3221753,20,48,0,0,90,0
12819,3338235,20,3366904,20,73,1,0,64,0
2647,2749502,20,4092198,20,68,0,0,104,0
1363,3388960,20,2381511,20,47,0,0,87,0
747,3801586,20,1988944,20,100,0,0,41,0
24249,4551917,20,3052868,20,64,0,0,67,0
15048,3446951,20,2879546,20,85,2,0,39,0
9974,2646726,20,4290635,20,76,0,0,40,0
3897,4121942,20,4161091,20,53,0,0,46,0
4244,2884075,20,2856965,20,90,0,0,71,0
5962,3336995,20,3566269,20,57,0,0,102,0
3492,2844537,20,3681328,20,45,0,0,52,0
1290,3030958,20,4494691,20,67,0,0,65,0
16322,3943537,20,2370873,20,59,6,0,87,0
576,3027956,20,3820199,20,45,1,0,88,0
3990,2409457,20,1981788,20,105,3,0,53,0
1114,2328263,20,3069700,20,85,0,0,71,0
5089,2056095,20,2250743,20,44,1,0,54,0
1911,3730839,20,4034488,20,61,1,0,34,0
9562,2523728,20,3534352,20,46,0,0,74,0
6006,2674925,20,3287439,20,31,1,0,58,0
7603,2689972,20,3975458,20,47,0,0,78,0
1071,3486579,20,3775302,20,63,0,0,43,0
945,4102400,20,4433616,20,91,0,0,94,0
20887,2844035,20,2880220,20,28,0,0,83,0
25610,2782226,20,2858434,20,43,1,0,118,0
3844,2101987,20,3410949,20,48,0,0,92,0
18942,2284271,20,3156654,20,87,1,0,53,0
31111,2880693,20,2277840,20,69,3,0,66,0
3326,3818299,20,3485957,20,69,0,0,81,0
1600,2303523,20,2754789,20,64,0,0,50,0
7214,3733685,20,3801851,20,45,2,0,35,0
4717,2360169,20,3480582,20,43,0,0,54,0
9296,2298447,20,2529710,20,84,1,0,115,0
8147,2276679,20,3492674,20,68,1,0,38,0
24311,2910417,20,4181494,20,79,8,0,74,0
4855,3704388,20,3596252,20,48,0,0,86,0
4088,3743701,20,3638152,20,54,0,0,68,0
937,3334687,20,1858524,20,46,1,0,70,0
2346,3459576,20,2598546,20,59,1,0,68,0
8164,2957234,20,3679668,20,45,3,0,92,0
2350,3241046,20,2627517,20,39,0,0,45,0
4616,3122291,20,2833590,20,37,1,0,35,0
927,2885267,20,4267963,20,49,0,0,42,0
26456,3911231,20,3128887,20,86,3,0,108,0
18867,3406960,20,2350903,20,56,4,0,105,0
4571,4098896,20,4098784,20,43,0,0,72,0
9315,2623265,20,2331952,20,53,2,0,71,0
1434,2680445,20,2896796,20,31,1,0,51,0
13123,3333900,20,2143383,20,48,2,0,53,0
10003,3950661,20,3251995,20,46,4,0,97,0
1031,2590980,20,2975544,20,66,0,0,43,0
3189,2865945,20,2597715,20,77,0,0,43,0
15143,3334176,20,5401041,20,30,2,0,54,0
3000,3283074,20,2485469,20,54,0,0,60,0
7645,3685519,20,3358963,20,69,1,0,101,0
3894,2300998,20,4432075,20,50,0,0,33,0
27897,3304066,20,3249351,20,59,1,0,61,0
27925,4470671,20,4270048,20,51,3,0,39,0
9740,2195499,20,2770137,20,53,1,0,69,0
20355,2879706,20,3525541,20,26,0,0,20,0
2497,2528912,20,1814796,20,66,0,0,71,0
16529,3545356,20,3519660,20,33,2,0,50,0
6656,3001807,20,3701264,20,83,0,0,33,0
2030,4156769,20,2870225,20,67,0,0,31,0
3086,2635457,20,2310390,20,62,0,0,60,0
26748,3490170,20,4708006,20,51,4,0,36,0
1687,3139227,20,4990069,20,79,0,0,75,0
3586,3005218,20,2239518,20,47,0,0,94,0
32429,6562745,20,2736264,20,60,0,0,47,0
6165,4316665,20,2083247,20,53,0,0,55,0
3368,5139297,20,2117432,20,46,0,0,41,0
5661,3086808,20,3443590,20,39,0,0,61,0
2575,4656900,20,4197043,20,75,0,0,64,0
9816,3059333,20,3156967,20,60,2,0,45,0
2003,3238842,20,2791330,20,43,1,0,85,0
15204,2982137,20,3004322,20,57,0,0,71,0
3234,2417296,20,2238635,20,65,2,0,76,0
9822,1796945,20,3350966,20,85,3,0,100,0
17472,2901052,20,2825945,20,80,2,0,38,0
2784,2243384,20,3092054,20,65,0,0,44,0
26322,4210746,20,2660834,20,68,0,0,38,0
3364,2752163,20,3856217,20,45,0,0,64,0
32948,3740386,20,4845230,20,47,0,0,83,0
11215,2661003,20,2944254,20,68,0,0,53,0
59638,5581133,20,4110927,20,72,1,0,76,0
8490,3052062,20,4275941,20,85,1,0,67,0
6026,3320694,20,4297975,20,52,1,0,82,0
5421,1944915,20,1973393,20,47,0,0,62,0
10660,3986448,20,3151624,20,41,2,0,25,0
5821,3855936,20,1749648,20,49,0,0,57,0
1193,3691743,20,3642273,20,76,0,0,48,0
3377,3259295,20,3405732,20,63,0,0,69,0
2828,4320522,20,4328320,20,53,1,0,35,0
4120,3396680,20,2319179,20,66,0,0,54,0
8644,3770557,20,2566243,20,48,0,0,50,0
3447,3220091,20,5416258,20,86,0,0,66,0
7803,4396431,20,2944518,20,59,1,0,67,0
22002,4044924,20,3169111,20,67,5,0,39,0
13869,3179617,20,3977035,20,62,4,0,117,0
1367,2278850,20,4338778,20,40,3,0,80,0
2233,2413680,20,2182055,20,53,0,0,53,0
21117,3716687,20,2918155,20,60,0,0,37,0
1440,3022634,20,3091446,20,59,0,0,69,0
3618,3615600,20,3304346,20,102,1,0,52,0
4638,4338395,20,2939538,20,81,1,0,53,0
11828,2757485,20,3788457,20,46,0,0,93,0
1752,3093614,20,2100992,20,55,1,0,77,0
2370,3068211,20,2631135,20,56,0,0,49,0
1810,2902427,20,2194123,20,30,0,0,29,0
8596,3286776,20,3635259,20,71,0,0,43,0
1689,4246112,20,3303223,20,58,0,0,41,0
13487,3161465,20,4231065,20,55,3,0,75,0
24131,2516072,20,2154105,20,43,3,0,65,0
3244,3514312,20,2702786,20,69,0,0,54,0
1695,4500604,20,2596296,20,56,1,0,57,0
1184,2955858,20,2068474,20,36,0,0,41,0
26316,2152482,20,2697427,20,77,3,0,65,0
14028,2976997,20,4589130,20,62,1,0,49,0
1836,2052160,20,2134937,20,61,0,0,55,0
1048,4021490,20,2388458,20,74,0,0,60,0
27499,2884126,20,4131835,20,81,0,0,63,0
663,3672712,20,3526972,20,52,2,0,51,0
9319,2919003,20,2681646,20,56,0,0,65,0
11065,3350950,20,2960394,20,74,0,0,43,0
1361,2596826,20,2319948,20,77,0,0,83,0
22323,2800775,20,3187685,20,85,8,0,76,0
1514,3580396,20,3365795,20,65,0,0,53,0
3335,3711915,20,2796243,20,63,0,0,43,0
2654,2570980,20,2795241,20,59,0,0,51,0
9168,3025239,20,1783398,20,46,3,0,111,0
10386,3497369,20,3466656,20,80,1,0,77,0
1079,3909605,20,3371359,20,53,1,0,73,0
5401,3686804,20,2384676,20,53,0,0,54,0
505,2333387,20,2724159,20,76,0,0,64,0
10668,3784420,20,2350771,20,53,1,0,69,0
3941,3126255,20,2482363,20,48,0,0,53,0
11156,4403796,20,3412191,20,47,0,0,67,0
2180,2120929,20,3963823,20,55,0,0,40,0
9390,2833800,20,2089165,20,84,1,0,56,0
1265,4037463,20,3333583,20,27,0,0,48,0
15913,2511696,20,2391784,20,56,0,0,62,0
2010,3928895,20,4119018,20,36,0,0,71,0
12255,3261762,20,2195345,20,37,0,0,64,0
19034,2346856,20,3746788,20,46,0,0,117,0
2000,3850618,20,4134611,20,72,1,0,40,0
6080,6098017,20,3721268,20,45,0,0,64,0
10118,3474111,20,2377276,20,67,2,0,43,0
4678,2586538,20,3698305,20,49,0,0,37,0
23903,3406959,20,2813166,20,38,4,0,42,0
11881,3977341,20,4271167,20,89,0,0,69,0
5608,2494061,20,3049412,20,80,1,0,44,0
5581,2550895,20,4413071,20,79,3,0,30,0
8552,5014379,20,2101758,20,40,0,0,82,0
10079,3472034,20,1807579,20,62,0,0,59,0
1049,2563059,20,2798785,20,45,1,0,70,0
1705,2028650,20,2974673,20,35,0,0,91,0
2006,2542643,20,3976407,20,46,0,0,65,0
24179,3443984,20,3413765,20,64,4,0,52,0
1001,2505664,20,2979577,20,75,0,0,72,0
31335,2235507,20,5571099,20,75,9,0,57,0
20163,3200983,20,3166266,20,58,0,0,78,0
11302,2738890,20,2578607,20,94,0,0,75,0
6122,1804401,20,3196582,20,39,1,0,51,0
7960,2545873,20,4023679,20,41,1,0,61,0
5608,3061038,20,3240415,20,56,0,0,44,0
16329,3153943,20,5013051,20,28,0,0,58,0
362,3669557,20,2827946,20,53,0,0,46,0
24480,3223018,20,4051533,20,91,4,0,36,0
21453,3682255,20,3472495,20,78,0,0,53,0
3278,3391970,20,3894030,20,38,0,0,45,0
1004,3521198,20,1921621,20,58,0,0,83,0
3194,3026390,20,3883459,20,45,1,0,56,0
3231,4650403,20,3373959,20,51,1,0,93,0
5696,2368237,20,3861507,20,43,0,0,49,0
35099,3079420,20,4125605,20,43,1,0,44,0
1498,2468345,20,3059612,20,86,1,0,52,0
3693,3304374,20,4830556,20,54,0,0,97,0
14859,2987411,20,2886799,20,72,5,0,80,0
4025,2712767,20,2222620,20,36,1,0,67,0
24931,3926894,20,2369535,20,76,2,0,53,0
503,2480036,20,2506866,20,76,0,0,51,0
4469,2448765,20,3105365,20,77,1,0,27,0
2325,2423589,20,3731587,20,94,0,0,33,0
37074,2931262,20,3232006,20,49,0,0,50,0
1487,3601315,20,3228517,20,93,0,0,51,0
6912,1932418,20,2140254,20,46,0,0,58,0
1368,3291733,20,3393564,20,64,0,0,45,0
18439,3103157,20,2126803,20,47,2,0,58,0
721,3732879,20,3580282,20,54,0,0,26,0
4586,2784368,20,1453554,20,64,0,0,65,0
2522,2960571,20,3257878,20,47,2,0,47,0
11074,3771394,20,2765888,20,101,1,0,106,0
2504,3028514,20,2927674,20,46,1,0,104,0
47620,3163647,20,3509782,20,75,5,0,58,0
15234,4882921,20,3471168,20,99,0,0,52,0
3760,3721793,20,5740282,20,48,0,0,76,0
14967,1788875,20,2799472,20,90,0,0,97,0
18602,5366256,20,2657922,20,34,1,0,81,0
587,3559126,20,2155715,20,53,0,0,47,0
26097,4348658,20,4005559,20,44,0,0,45,0
1933,2929038,20,2732257,20,46,3,0,32,0
1378,5162262,20,2173271,20,46,0,0,34,0
20653,4070654,20,2341992,20,53,2,0,58,0
2250,4432595,20,3413897,20,52,0,0,80,0
3315,2330876,20,3563986,20,47,0,0,56,0
6328,2125044,20,2860505,20,52,0,0,64,0
9515,2481748,20,4424007,20,45,0,0,83,0
8955,4610088,20,3830539,20,65,0,0,63,0
22259,4491958,20,2218624,20,69,3,0,37,0
4908,3869849,20,1974336,20,86,1,0,61,0
909,2771196,20,1778645,20,50,1,0,49,0
28382,5107378,20,4184733,20,103,1,0,35,0
1406,3344894,20,2672417,20,57,0,0,45,0
19114,4128340,20,3582421,20,61,1,0,93,0
5243,3177115,20,4703251,20,43,2,0,80,0
20998,3521587,20,3050160,20,53,6,0,86,0
10358,3800058,20,3422277,20,30,3,0,58,0
11563,2622840,20,3004337,20,58,1,0,60,0
4134,2514450,20,3615368,20,51,1,0,38,0
18358,2572941,20,3612458,20,89,5,0,46,0
15941,5283259,20,3152231,20,34,0,0,85,0
5532,4554300,20,4097042,20,48,0,0,60,0
12434,4984269,20,2524151,20,71,6,0,39,0
1681,3393243,20,4695608,20,81,2,0,34,0
1988,2543094,20,2930126,20,49,0,0,58,0
25564,3843180,20,4214884,20,86,2,0,83,0
4948,3671657,20,2385404,20,54,0,0,69,0
3376,4210021,20,2413043,20,59,0,0,54,0
975,2586384,20,4417401,20,47,0,0,48,0
15589,3901239,20,4084969,20,49,2,0,101,0
3105,3529910,20,2693555,20,23,0,0,27,0
23555,3728455,20,2745995,20,88,4,0,123,0
2502,3146774,20,2410878,20,83,1,0,64,0
2303,2826181,20,4319814,20,30,0,0,51,0
4028,4265342,20,2899164,20,67,2,0,52,0
1031,4104807,20,3116888,20,33,0,0,62,0
1538,3693103,20,3112539,20,41,0,0,61,0
1560,3858547,20,3688385,20,26,0,0,50,0
15217,2871924,20,4275976,20,51,0,0,84,0
10141,4377078,20,2447258,20,51,0,0,58,0
68556,4049271,20,3235175,20,49,1,0,61,0
3062,3463878,20,2797201,20,32,0,0,71,0
2050,4273210,20,1997937,20,52,1,0,69,0
2736,2651817,20,3612149,20,56,0,0,75,0
1325,2260966,20,3409029,20,63,0,0,53,0
3247,2584524,20,3123753,20,44,3,0,60,0
23194,3837726,20,4369211,20,69,3,0,56,0
790,3190515,20,4419769,20,57,0,0,46,0
1002,2282463,20,2342987,20,88,1,0,61,0
12903,2410771,20,4141144,20,85,2,0,52,0
30429,3543534,20,3863946,20,58,5,0,131,0
14785,3844176,20,2992982,20,54,0,0,59,0
27909,3651781,20,2943885,20,50,4,0,70,0
9134,4138782,20,2583212,20,69,2,0,53,0
15072,3327239,20,2719004,20,100,4,0,46,0
9026,3038522,20,3443201,20,48,4,0,99,0
21605,2943323,20,3782916,20,70,1,0,41,0
1102,1834062,20,2450013,20,61,0,0,25,0
419,3648902,20,3315866,20,65,0,0,55,0
808,2292968,20,2272750,20,65,0,0,35,0
29889,2507143,20,3937037,20,52,4,0,42,0
28573,3203757,20,3539156,20,38,0,0,47,0
58677,4466920,20,3887741,20,34,6,0,73,0
881,2871836,20,3908009,20,96,0,0,58,0
6037,2849179,20,3395264,20,38,0,0,74,0
12683,3035903,20,4470859,20,53,4,0,92,0
3358,3529901,20,2731336,20,21,0,0,47,0
11570,4323138,20,2599305,20,42,0,0,56,0
24372,3226376,20,2666578,20,57,1,0,47,0
10018,2949239,20,4054398,20,79,0,0,62,0
8369,3853046,20,2946890,20,58,0,0,67,0
15502,3400686,20,4893012,20,108,2,0,71,0
8120,2231456,20,2619232,20,32,0,0,51,0
13766,3455412,20,2739978,20,31,2,0,33,0
5002,3108100,20,3945379,20,94,0,0,67,0
18346,3140065,20,4418080,20,46,6,0,65,0
14004,4342069,20,2621915,20,36,1,0,86,0
11164,2214811,20,3389010,20,81,2,0,50,0
1523,2632701,20,1931686,20,53,0,0,47,0
2276,3277111,20,2246616,20,67,0,0,34,0
16620,3024752,20,4191724,20,59,2,0,94,0
9523,3851245,20,2919781,20,55,0,0,55,0
45939,5163004,20,3903679,20,44,0,0,51,0
9252,2777972,20,2639025,20,74,1,0,66,0
13384,3613557,20,2179286,20,86,1,0,97,0
25122,4011874,20,2293376,20,35,1,0,97,0
4469,3172420,20,3902964,20,57,2,0,41,0
8478,4008191,20,3128015,20,65,0,0,41,0
9036,2397549,20,4747365,20,53,0,0,33,0
7938,3353005,20,3782358,20,51,1,0,72,0
17789,3403742,20,2404562,20,48,0,0,75,0
1334,2851599,20,2531843,20,41,0,0,69,0
3821,4249205,20,3484429,20,41,1,0,38,0
4754,2786656,20,2997842,20,61,0,0,71,0
2741,2850629,20,3056463,20,122,0,0,47,0
20710,4457950,20,2337659,20,62,4,0,57,0
2920,2790493,20,2753031,20,70,1,0,59,0
13138,3902161,20,3824859,20,50,1,0,66,0
18583,2682333,20,2718180,20,53,3,0,87,0
2892,2825996,20,3714386,20,46,0,0,49,0
6950,3823586,20,3527204,20,58,0,0,63,0
1577,3339221,20,2750484,20,30,0,0,59,0
10097,3775874,20,2770001,20,59,1,0,26,0
8149,2430641,20,3112407,20,44,2,0,67,0
12763,3754717,20,2688889,20,40,4,0,113,0
2220,2227435,20,2660223,20,75,0,0,57,0
2931,4417985,20,2667385,20,105,0,0,40,0
1818,1841693,20,2841948,20,37,0,0,55,0
10851,3152027,20,3632831,20,84,0,0,87,0
3215,5834840,20,2624232,20,43,1,0,54,0
2224,2887647,20,3102507,20,35,0,0,87,0
2249,2976790,20,1917170,20,25,0,0,42,0
3362,3555829,20,2901517,20,50,0,0,45,0
7023,4421893,20,3306959,20,48,2,0,60,0
28608,3131170,20,3275033,20,74,2,0,97,0
1430,2685457,20,4023954,20,71,0,0,58,0
11459,3273376,20,2717436,20,55,0,0,50,0
7868,3465966,20,2791445,20,46,0,0,80,0
19788,3009309,20,2171960,20,41,2,0,64,0
24930,2925808,20,3068794,20,57,1,0,51,0
71498,2853195,20,5304573,20,82,8,0,32,0
45725,3121794,20,2639508,20,45,4,0,54,0
30898,3388066,20,2934221,20,84,0,0,50,0
14654,4494021,20,4368813,20,69,0,0,51,0
3483,2016152,20,2571351,20,62,0,0,46,0
10713,2143163,20,3128905,20,51,6,0,52,0
469,3571402,20,3261196,20,76,0,0,58,0
8560,3465891,20,4021680,20,60,0,0,43,0
3095,3252894,20,3832728,20,78,0,0,44,0
1548,4578992,20,3768906,20,33,0,0,44,0
11875,3305214,20,3357873,20,88,3,0,28,0
7287,4106967,20,2191285,20,70,0,0,69,0
1653,2678214,20,2703096,20,71,0,0,86,0
1634,2736690,20,4221389,20,46,0,0,39,0
2378,1722870,20,2568398,20,89,0,0,31,0
15708,1793719,20,2961556,20,50,3,0,47,0
7087,3078543,20,2997200,20,27,0,0,95,0
14219,3711360,20,1938974,20,78,0,0,60,0
13774,3808800,20,3549584,20,71,6,0,42,0
3356,3329052,20,4339271,20,57,0,0,46,0
2497,3145514,20,3973039,20,38,0,0,43,0
17660,3694098,20,3721271,20,76,0,0,35,0
28547,3236764,20,3334892,20,96,0,0,75,0
18974,2419748,20,3065007,20,49,0,0,59,0
3428,2835875,20,4178808,20,103,0,0,68,0
15866,2969572,20,3916378,20,67,1,0,53,0
11080,3762333,20,3318435,20,39,2,0,37,0
4704,2077486,20,3222579,20,62,0,0,60,0
11105,2295272,20,3383419,20,94,2,0,102,0
15768,4229784,20,3702348,20,73,0,0,28,0
10486,2657822,20,3359770,20,55,0,0,52,0
12449,3701829,20,3768273,20,50,0,0,52,0
24352,2013653,20,3664570,20,91,0,0,65,0
10499,2990532,20,4465078,20,28,2,0,36,0
1526,2562071,20,3303780,20,55,0,0,80,0
1866,2585925,20,3239536,20,64,1,0,120,0
2423,2114856,20,3229473,20,87,0,0,66,0
7475,4405395,20,3187746,20,64,0,0,44,0
948,4152759,20,1837993,20,65,3,0,106,0
5479,2001062,20,2595202,20,72,3,0,50,0
13223,5102412,20,4645149,20,79,2,0,56,0
1531,2834034,20,2865218,20,48,0,0,42,0
22654,3921550,20,1805608,20,55,0,0,89,0
12949,4916719,20,4534665,20,58,1,0,41,0
54969,4349894,20,2991191,20,75,8,0,73,0
7942,3381541,20,3612845,20,63,1,0,92,0
7143,3747264,20,3014155,20,66,0,0,60,0
7260,3418088,20,4596306,20,87,0,0,71,0
