20111,74091758,20,119502994,20,72,0,0,82,0
125251,96756599,20,134442727,20,23,0,0,81,0
369545,102771218,20,90365827,20,58,2,0,105,0
326219,110863138,20,118068208,20,55,0,0,124,0
1058551,102182617,20,106320217,20,64,0,0,58,0
672394,96517644,20,114417801,20,90,6,0,64,0
586053,74362086,20,137958277,20,97,3,0,117,0
63386,132152026,20,130090772,20,69,0,0,122,0
628759,112027026,20,145006626,20,113,0,0,98,0
363885,81927955,20,110009538,20,86,0,0,76,0
186075,76780546,20,143122011,20,106,1,0,74,0
141452,91932116,20,89643868,20,81,0,0,56,0
309633,99968486,20,117275458,20,71,2,0,68,0
383264,61460574,20,120147892,20,71,0,0,76,0
537331,152552010,20,123457057,20,82,4,0,103,0
376663,96261330,20,110975191,20,95,0,0,58,0
113080,112264575,20,111556063,20,67,0,0,53,0
272021,107790594,20,125812745,20,84,1,0,99,0
84355,84420180,20,96862937,20,73,1,0,89,0
1325613,104834330,20,121876485,20,95,0,0,82,0
26496,100387078,20,125057211,20,60,0,0,107,0
663100,87434301,20,100335244,20,110,5,0,57,0
411933,92312591,20,139584818,20,102,0,0,106,0
140337,139586344,20,81093479,20,40,0,0,111,0
135313,122371327,20,110598074,20,80,0,0,93,0
442706,101974530,20,84051837,20,40,0,0,81,0
584570,101329942,20,166877719,20,89,3,0,131,0
590115,68269858,20,134421344,20,55,2,0,91,0
23857,101513219,20,71344681,20,86,0,0,62,0
403544,97116049,20,105088911,20,75,4,0,87,0
382605,108084974,20,111826101,20,92,2,0,112,0
733961,135539400,20,107592529,20,54,10,0,80,0
698914,107136107,20,129477617,20,82,4,0,91,0
259185,128856828,20,106208632,20,77,0,0,72,0
364576,120089580,20,99972795,20,66,0,0,75,0
973134,125733914,20,111666656,20,38,11,0,56,0
178348,75675247,20,97756691,20,94,0,0,114,0
204749,115328194,20,122700374,20,64,1,0,111,0
722111,144044128,20,126989911,20,112,3,0,65,0
861742,97928232,20,95285612,20,49,2,0,99,0
343460,95997126,20,103220310,20,109,0,0,85,0
332290,82265419,20,93981500,20,103,1,0,110,0
641718,101593392,20,195635745,20,97,7,0,124,0
105300,130182884,20,79295735,20,85,0,0,69,0
216501,75252651,20,123716946,20,71,0,0,79,0
13671,125391095,20,80715291,20,71,0,0,143,0
17913,111673634,20,132158670,20,59,0,0,46,0
1035127,173048397,20,124822499,20,56,5,0,137,0
878030,89906576,20,91765325,20,110,1,0,107,0
174367,99118502,20,96377094,20,86,0,0,59,0
295096,140605289,20,127829546,20,65,2,0,59,0
569298,105868138,20,112020901,20,57,1,0,85,0
665736,116426612,20,86690538,20,99,1,0,124,0
85596,93847959,20,76688140,20,106,2,0,49,0
329669,73096988,20,103630692,20,132,1,0,117,0
428028,121424984,20,81847598,20,74,1,0,66,0
12759,104208485,20,122108213,20,61,1,0,101,0
1107716,99432096,20,80921720,20,104,11,0,74,0
339532,136861089,20,66075096,20,91,0,0,82,0
743416,94285636,20,146338130,20,117,6,0,129,0
341360,123590462,20,118371752,20,96,7,0,58,0
678797,93964486,20,109161225,20,99,0,0,54,0
1045884,121455117,20,119564536,20,62,5,0,90,0
277458,131344238,20,70603422,20,113,0,0,102,0
163672,131387651,20,111163428,20,91,2,0,64,0
491467,145291674,20,95099830,20,49,2,0,101,0
564598,108696277,20,88482333,20,66,0,0,61,0
230417,133965132,20,127539951,20,105,1,0,81,0
728419,90856201,20,144528499,20,87,2,0,92,0
1667094,103863174,20,132801203,20,83,8,0,103,0
587193,150369286,20,101250730,20,59,1,0,146,0
188826,86188182,20,117594710,20,84,0,0,79,0
408087,91002289,20,120370541,20,49,1,0,97,0
522572,89697548,20,143037164,20,60,1,0,44,0
880110,119874248,20,165442978,20,64,1,0,118,0
279343,96036824,20,78797434,20,99,2,0,91,0
268557,134538808,20,89540226,20,52,0,0,70,0
643088,113228134,20,126304711,20,137,1,0,74,0
232567,94135402,20,109970639,20,146,0,0,37,0
501707,96043464,20,121140610,20,105,0,0,90,0
123017,79644197,20,108588212,20,146,2,0,57,0
228944,83986943,20,109179190,20,98,1,0,104,0
212301,98806597,20,119934195,20,77,0,0,101,0
713291,133139040,20,118575403,20,61,4,0,101,0
836950,94477269,20,98580289,20,65,8,0,109,0
314645,88848115,20,135662234,20,45,1,0,91,0
321912,122879764,20,89147312,20,80,0,0,47,0
519685,106728293,20,149962861,20,123,3,0,67,0
9743,103683099,20,90635477,20,81,0,0,67,0
258334,97621700,20,94570131,20,80,2,0,90,0
225397,120121476,20,146792665,20,111,2,0,66,0
209947,118797281,20,91698362,20,93,0,0,107,0
258062,65485969,20,89210105,20,120,0,0,68,0
138932,75626741,20,156594491,20,100,1,0,89,0
45697,108083033,20,98155983,20,78,0,0,107,0
342250,89532807,20,118319889,20,80,2,0,83,0
598809,125951551,20,105948009,20,89,8,0,104,0
231702,103348593,20,124368729,20,76,0,0,74,0
200364,87836897,20,110873644,20,47,2,0,64,0
283017,111374665,20,106807389,20,88,2,0,73,0
862185,110318365,20,131225283,20,74,1,0,103,0
283602,115862233,20,105415951,20,66,3,0,86,0
112669,87774170,20,93325980,20,114,0,0,102,0
31791,117563349,20,80877300,20,61,0,0,114,0
348821,91129290,20,107162625,20,118,0,0,86,0
155238,85038025,20,136110974,20,75,1,0,123,0
142607,109287861,20,86515831,20,101,1,0,63,0
27536,109682291,20,74731329,20,105,0,0,100,0
327353,121827377,20,101132611,20,111,1,0,68,0
252101,114554902,20,66851613,20,125,1,0,112,0
312813,87378354,20,136937699,20,53,3,0,95,0
231759,80347643,20,157816534,20,96,0,0,83,0
160647,111661500,20,115708312,20,67,0,0,124,0
411323,117867264,20,109618092,20,119,2,0,94,0
240980,95477144,20,107146058,20,50,0,0,91,0
456637,142342642,20,101188446,20,62,7,0,143,0
314013,98875387,20,99659120,20,134,1,0,60,0
382476,93945204,20,95828962,20,113,1,0,60,0
433317,113423384,20,111162786,20,65,0,0,42,0
1388575,100793154,20,96707784,20,65,2,0,85,0
446205,85791804,20,158175192,20,61,0,0,111,0
68719,107852354,20,121003076,20,93,0,0,83,0
112826,114452709,20,79252922,20,96,0,0,150,0
180041,95838302,20,106943624,20,45,0,0,80,0
466779,115440188,20,65397515,20,135,2,0,102,0
96181,109709850,20,108417482,20,82,0,0,61,0
126619,93736354,20,142395356,20,81,2,0,112,0
78628,92282730,20,103220137,20,87,0,0,86,0
1089240,89778673,20,127380361,20,86,10,0,104,0
32716,60608319,20,103746627,20,66,0,0,93,0
92603,138662802,20,111942629,20,172,0,0,49,0
249477,102650633,20,93263147,20,102,0,0,87,0
384230,111973708,20,116637200,20,106,1,0,74,0
738793,125168281,20,125408184,20,83,4,0,56,0
178437,112723683,20,79346838,20,81,1,0,101,0
321166,113030470,20,106308556,20,90,2,0,68,0
574458,156177974,20,81503603,20,79,0,0,73,0
36630,87951580,20,83021469,20,56,1,0,77,0
398993,109780307,20,113337381,20,137,0,0,105,0
1321627,73520671,20,70596678,20,90,1,0,91,0
236954,115739691,20,134334271,20,80,4,0,74,0
394336,87460710,20,91679204,20,84,1,0,111,0
399894,111027118,20,87615301,20,64,0,0,91,0
213208,114316416,20,134320024,20,94,0,0,84,0
424200,103005511,20,76716146,20,136,3,0,59,0
221384,110858480,20,120417176,20,155,1,0,79,0
864659,91335546,20,118480531,20,98,10,0,92,0
533873,130880488,20,136225948,20,112,4,0,111,0
486527,102472416,20,85492335,20,84,0,0,109,0
145653,95370377,20,183644343,20,113,0,0,41,0
199176,93635602,20,113746992,20,83,0,0,121,0
207384,132201765,20,108560214,20,84,0,0,59,0
433586,102470645,20,98746463,20,91,4,0,117,0
158340,97193011,20,117084010,20,82,2,0,72,0
186628,83970297,20,135653292,20,86,1,0,41,0
197586,126189670,20,92538828,20,83,2,0,88,0
71322,110895904,20,78760815,20,93,0,0,68,0
508986,116501792,20,103111466,20,68,2,0,154,0
1417598,127348019,20,94823200,20,83,0,0,64,0
292770,100058636,20,87854009,20,190,3,0,96,0
518825,116720005,20,83255391,20,60,2,0,68,0
168883,160540946,20,128937546,20,50,0,0,133,0
443256,104734038,20,100658941,20,71,0,0,160,0
508641,122053185,20,90869733,20,69,3,0,48,0
393655,83118575,20,146836721,20,37,7,0,88,0
371913,113913949,20,87350721,20,57,1,0,60,0
72262,92317146,20,72159262,20,95,0,0,120,0
467659,114534540,20,62280802,20,83,1,0,81,0
12634,99787142,20,128430837,20,115,0,0,46,0
866852,98642475,20,94450294,20,77,6,0,145,0
307907,86034856,20,78944174,20,102,0,0,86,0
720730,94604516,20,74647084,20,80,5,0,134,0
186026,116917959,20,111069280,20,68,4,0,86,0
70743,88084161,20,63742897,20,40,1,0,96,0
277779,123652540,20,102791380,20,61,0,0,103,0
851222,89698594,20,102394171,20,74,2,0,69,0
226169,106473794,20,95749392,20,95,0,0,100,0
539226,123401101,20,69905565,20,79,0,0,64,0
175193,121952139,20,69384901,20,158,1,0,81,0
100059,128566982,20,179840601,20,64,2,0,124,0
366069,74495268,20,119388776,20,62,3,0,66,0
173046,92574620,20,92487032,20,55,0,0,51,0
655058,103044338,20,101295133,20,79,1,0,152,0
343945,132447564,20,98857769,20,78,5,0,86,0
922768,88126575,20,110065019,20,143,0,0,98,0
125546,127934289,20,111971802,20,124,1,0,114,0
351738,100579806,20,93169246,20,78,0,0,121,0
502362,82492999,20,110232077,20,61,0,0,61,0
729597,139081076,20,117068915,20,40,3,0,68,0
338509,86204681,20,95775617,20,94,0,0,72,0
589486,157630358,20,114009635,20,144,1,0,35,0
117972,96260039,20,56207720,20,75,0,0,77,0
678456,113884654,20,108057929,20,97,2,0,98,0
6103,73049644,20,98511150,20,66,0,0,128,0
274175,101525194,20,135214644,20,56,2,0,97,0
136779,90511653,20,103236796,20,90,1,0,67,0
144476,94768178,20,109128750,20,63,0,0,65,0
563602,112418010,20,125016463,20,137,0,0,68,0
1014447,160094799,20,102861692,20,103,1,0,85,0
158533,109961880,20,91509689,20,88,0,0,86,0
41772,85408943,20,103742852,20,82,1,0,107,0
100767,110596326,20,80081526,20,100,0,0,86,0
310735,139600744,20,135979902,20,63,1,0,115,0
608523,133615851,20,142229702,20,161,4,0,115,0
1327479,159833811,20,107103215,20,76,0,0,105,0
703992,109674557,20,137906542,20,90,0,0,54,0
449704,116764725,20,84466131,20,85,1,0,93,0
1222586,158439192,20,93214942,20,49,2,0,87,0
227589,101760220,20,117360198,20,99,0,0,115,0
381913,89198730,20,87397808,20,74,0,0,63,0
996691,136085004,20,163899987,20,69,2,0,86,0
215065,101503988,20,98406450,20,119,2,0,73,0
379752,96492808,20,98050268,20,48,0,0,109,0
418626,120411323,20,125944605,20,136,5,0,70,0
485669,92646165,20,109947450,20,65,0,0,63,0
211215,119113655,20,64364011,20,74,1,0,82,0
1066292,109032063,20,93675712,20,130,3,0,114,0
300071,103169807,20,108367974,20,97,0,0,95,0
1317270,113576467,20,122780858,20,134,2,0,105,0
230900,167642334,20,97608948,20,51,1,0,78,0
109347,110021546,20,117361252,20,83,0,0,64,0
1158577,151439835,20,77421961,20,66,5,0,82,0
219695,140969562,20,134722001,20,65,0,0,85,0
486622,99094574,20,118173435,20,66,4,0,85,0
231580,79573958,20,118906353,20,80,4,0,57,0
660583,128060459,20,78449026,20,48,1,0,96,0
723752,117898409,20,71995887,20,49,1,0,34,0
898581,117204117,20,132041731,20,67,7,0,98,0
820771,109933692,20,94118502,20,129,2,0,109,0
767588,112095234,20,157787891,20,86,4,0,114,0
217694,87503955,20,101187736,20,110,0,0,65,0
18017,71936692,20,87746448,20,106,1,0,94,0
790219,101553427,20,101532828,20,78,4,0,149,0
17779,84542585,20,92625119,20,56,0,0,99,0
206416,99938553,20,114050530,20,46,0,0,66,0
951607,110153265,20,88316230,20,141,10,0,67,0
443396,139083488,20,128569490,20,107,0,0,48,0
109579,61004345,20,83867043,20,126,1,0,63,0
211273,120350534,20,167512847,20,116,0,0,125,0
219386,81736946,20,161983690,20,70,1,0,71,0
107400,77011195,20,89439634,20,101,0,0,100,0
206251,108424780,20,73056681,20,86,0,0,82,0
396457,90952458,20,58756541,20,72,1,0,110,0
465488,133262618,20,102323107,20,75,2,0,57,0
628522,88795882,20,87338435,20,86,3,0,81,0
50052,102937017,20,86043305,20,108,0,0,81,0
639974,92817261,20,89095592,20,124,5,0,104,0
634280,94554486,20,73224173,20,84,8,0,39,0
131159,108521068,20,69257171,20,97,1,0,83,0
115091,109910095,20,129370003,20,55,0,0,50,0
574314,113113264,20,89847126,20,40,1,0,60,0
678047,91475290,20,100773824,20,97,0,0,68,0
299510,126560265,20,143194192,20,103,1,0,76,0
413698,72070543,20,107094192,20,79,4,0,67,0
126663,103055103,20,105292087,20,102,0,0,90,0
186719,117988079,20,75185641,20,78,2,0,92,0
821738,84060177,20,92179960,20,94,2,0,91,0
296910,109415874,20,85327422,20,47,0,0,94,0
146592,113243750,20,93811145,20,84,2,0,102,0
703266,127292057,20,151736592,20,91,9,0,48,0
692114,92547127,20,163214562,20,116,0,0,75,0
475704,113811820,20,91919941,20,72,0,0,68,0
89431,74427293,20,137277272,20,92,2,0,67,0
460777,84928410,20,124389789,20,81,0,0,91,0
194208,127231143,20,88165642,20,64,0,0,103,0
60512,70936470,20,165686314,20,74,0,0,42,0
64295,81628666,20,101246310,20,133,0,0,49,0
1011900,79332399,20,120209948,20,40,4,0,63,0
258065,136817494,20,77740381,20,101,0,0,104,0
503020,100423539,20,131678438,20,120,1,0,96,0
198122,74138668,20,69676713,20,134,1,0,46,0
969054,74109490,20,91358441,20,105,1,0,48,0
177885,95038622,20,66539546,20,76,0,0,54,0
43179,135256558,20,83102064,20,60,0,0,110,0
391841,103401201,20,74843280,20,101,1,0,58,0
517245,99319880,20,101125735,20,83,1,0,79,0
500333,122325770,20,106838780,20,76,0,0,108,0
222434,126736254,20,114388376,20,46,1,0,75,0
128660,93885817,20,95852061,20,99,0,0,160,0
714632,69324619,20,86755242,20,68,2,0,100,0
187308,86514709,20,120710233,20,78,0,0,61,0
662462,95267134,20,71505589,20,43,5,0,117,0
314974,124511346,20,90299783,20,88,0,0,75,0
560105,102655758,20,132525615,20,100,0,0,39,0
384075,130054875,20,102245564,20,60,0,0,126,0
475877,108382135,20,102618357,20,83,1,0,90,0
347636,113759079,20,85507454,20,92,0,0,63,0
378199,87853500,20,103349186,20,91,1,0,93,0
110174,112096521,20,79367374,20,56,0,0,58,0
985424,132146130,20,77463532,20,97,0,0,107,0
732162,153705556,20,148382512,20,124,1,0,100,0
866510,94938029,20,115586133,20,111,3,0,36,0
310820,89279699,20,59965347,20,77,1,0,47,0
17696,98754108,20,79381435,20,73,0,0,109,0
575189,152116031,20,82306092,20,101,2,0,72,0
921478,152331885,20,103537109,20,80,7,0,100,0
561822,113896374,20,112144043,20,63,1,0,112,0
530256,145289139,20,95767151,20,75,0,0,72,0
145103,127161676,20,108524336,20,154,0,0,99,0
272616,137921547,20,116296289,20,66,1,0,120,0
298306,118067147,20,85130012,20,108,1,0,111,0
1135541,104271647,20,84802449,20,94,6,0,142,0
59762,122124923,20,86350087,20,98,0,0,118,0
1977420,107855440,20,108833227,20,111,0,0,139,0
521537,127258852,20,119096451,20,41,1,0,139,0
75239,102696592,20,96976325,20,120,0,0,90,0
208816,109297884,20,58847933,20,97,0,0,62,0
291040,93121192,20,121968871,20,62,2,0,66,0
1367683,93278166,20,102846684,20,95,8,0,102,0
978450,105637381,20,120159615,20,56,4,0,89,0
129703,100133074,20,115082782,20,78,0,0,115,0
191757,82240875,20,100294233,20,76,0,0,82,0
145206,92930088,20,72698049,20,53,2,0,108,0
208233,82174681,20,109668173,20,70,1,0,107,0
59649,110882119,20,76723797,20,66,1,0,79,0
192976,122823838,20,74035374,20,66,0,0,58,0
21021,104688920,20,71322801,20,78,0,0,135,0
862758,98713857,20,131142949,20,98,2,0,69,0
144714,68918565,20,112500767,20,68,0,0,65,0
28564,104304027,20,99688060,20,94,0,0,75,0
98660,81466127,20,74145662,20,82,0,0,131,0
108268,132402670,20,93322583,20,119,1,0,93,0
143154,113947800,20,93359881,20,111,3,0,72,0
28942,134110118,20,113933824,20,63,0,0,104,0
125433,103379091,20,133602413,20,91,0,0,56,0
269074,109991111,20,83056737,20,84,1,0,60,0
712404,111278502,20,101066713,20,59,4,0,62,0
13839,109553065,20,71262911,20,105,0,0,99,0
566572,110792521,20,89636904,20,49,0,0,93,0
90514,112272892,20,120538875,20,108,0,0,58,0
422485,156293791,20,85483260,20,67,0,0,120,0
79292,68125345,20,109139046,20,58,0,0,97,0
48018,110319205,20,104072264,20,74,0,0,52,0
468227,76495427,20,134726729,20,67,3,0,60,0
926776,75173771,20,128139467,20,86,2,0,101,0
149732,80508777,20,99512526,20,71,1,0,44,0
1263092,124587669,20,91045973,20,98,1,0,109,0
307224,98945644,20,66050064,20,57,0,0,98,0
211615,91514591,20,152259211,20,93,0,0,75,0
13321,79413772,20,109458811,20,54,1,0,57,0
702328,103539235,20,121393204,20,88,7,0,71,0
240837,109288600,20,92378957,20,81,0,0,128,0
76858,122177255,20,63280924,20,57,0,0,149,0
1089271,129517984,20,106100294,20,83,0,0,86,0
27575,99341397,20,127075432,20,54,1,0,54,0
492992,102311418,20,108706869,20,41,2,0,92,0
482244,96510885,20,141837627,20,62,4,0,55,0
543573,74690376,20,110739751,20,110,7,0,83,0
625229,111222213,20,105980225,20,89,1,0,77,0
42977,140058694,20,83563964,20,79,0,0,115,0
312394,89477284,20,86929411,20,62,0,0,82,0
627367,94259982,20,123159848,20,57,1,0,56,0
102843,77886977,20,82103841,20,62,2,0,51,0
591298,97375379,20,125865767,20,52,1,0,99,0
174009,86266017,20,112432876,20,93,1,0,92,0
187580,92923843,20,80933804,20,82,2,0,59,0
109553,65787060,20,90116347,20,99,0,0,31,0
696314,115515193,20,126350358,20,81,4,0,73,0
760336,99412532,20,87076142,20,76,1,0,84,0
699935,142356073,20,79856902,20,84,2,0,136,0
825052,139351665,20,180573013,20,107,2,0,131,0
42802,88354702,20,125153509,20,101,0,0,96,0
106913,108491337,20,100575638,20,47,0,0,70,0
382891,91984549,20,93767203,20,57,4,0,60,0
660506,111352464,20,83563377,20,118,7,0,55,0
226525,118405923,20,88771735,20,46,1,0,96,0
570641,86797256,20,113020945,20,113,1,0,88,0
106324,75591614,20,97425016,20,101,2,0,49,0
18143,135061475,20,112679630,20,30,0,0,103,0
211929,164276269,20,130167694,20,80,0,0,90,0
83402,108365813,20,115694118,20,70,2,0,86,0
299595,145425846,20,127294012,20,57,3,0,52,0
88456,88313547,20,111306259,20,90,1,0,68,0
87261,84337727,20,95236657,20,51,0,0,146,0
1761076,88735708,20,88548362,20,89,3,0,82,0
476949,115186927,20,130652406,20,49,0,0,91,0
863245,77037203,20,114811745,20,73,3,0,135,0
1105212,90206817,20,91343015,20,96,5,0,160,0
60083,119558617,20,117870916,20,73,1,0,52,0
11186,78598080,20,84961464,20,139,0,0,76,0
165603,110704649,20,89126314,20,89,0,0,86,0
793513,98367183,20,103780793,20,40,0,0,73,0
414761,107506099,20,118935010,20,100,1,0,64,0
168064,89789884,20,77632825,20,85,1,0,82,0
601275,76328638,20,99205271,20,54,2,0,47,0
378046,93992268,20,131097950,20,53,5,0,67,0
252624,114714882,20,93004048,20,90,3,0,82,0
492243,97101339,20,167020291,20,97,5,0,102,0
441685,88412333,20,95795893,20,97,3,0,81,0
39288,107407084,20,174610168,20,77,0,0,76,0
37590,72870267,20,124551632,20,131,0,0,60,0
1748216,83211455,20,151470707,20,64,7,0,103,0
393707,77098046,20,128248174,20,113,7,0,65,0
545629,127874694,20,80966766,20,55,0,0,95,0
282094,92735137,20,100866716,20,73,1,0,103,0
224085,73762274,20,87467017,20,106,2,0,86,0
725886,111759505,20,133568184,20,75,3,0,69,0
859826,89124726,20,112784927,20,86,2,0,119,0
280794,99160171,20,128290689,20,124,1,0,55,0
17026,84895465,20,62327931,20,66,0,0,109,0
200912,84421745,20,103994415,20,60,0,0,62,0
1816842,97735184,20,148143629,20,112,18,0,92,0
397958,87082021,20,110536161,20,63,4,0,105,0
676030,83769308,20,76895724,20,80,2,0,98,0
388784,87011348,20,100753668,20,77,0,0,90,0
466575,111261435,20,100327400,20,51,0,0,73,0
244637,89589765,20,109264360,20,58,0,0,113,0
710033,99157366,20,67393112,20,75,2,0,86,0
271968,118032285,20,105350414,20,96,0,0,109,0
146483,98450822,20,110442002,20,47,0,0,60,0
199960,59516779,20,115514984,20,48,1,0,75,0
237021,87130513,20,108022974,20,76,0,0,80,0
186587,124580783,20,83694799,20,66,2,0,42,0
225601,122046636,20,123687249,20,83,0,0,67,0
622748,91012460,20,111671174,20,77,1,0,99,0
1021783,95494933,20,99665607,20,87,3,0,89,0
1160556,106891053,20,121595678,20,77,8,0,93,0
628408,138286557,20,130504577,20,94,2,0,76,0
343685,132546111,20,108637536,20,44,0,0,84,0
359979,107208846,20,101477291,20,65,1,0,94,0
139344,98407972,20,115487673,20,87,1,0,120,0
594856,99481521,20,128401580,20,82,1,0,140,0
221925,129727470,20,95573877,20,62,1,0,110,0
492968,130277720,20,74114462,20,102,2,0,111,0
2101120,185033061,20,112436657,20,105,4,0,104,0
254839,94527170,20,71025377,20,52,1,0,65,0
1247307,134322664,20,94078919,20,76,2,0,94,0
1046209,115351764,20,109051580,20,60,2,0,79,0
989890,102676156,20,144346140,20,185,1,0,94,0
47556,100089385,20,125998415,20,71,0,0,92,0
585800,125159148,20,104288188,20,73,3,0,93,0
456687,122651910,20,115947419,20,88,1,0,79,0
1301123,123148960,20,83811540,20,124,8,0,113,0
469686,120719558,20,104647985,20,46,0,0,90,0
1076376,118561655,20,74954471,20,79,0,0,94,0
312250,106048851,20,85821838,20,72,3,0,51,0
190971,78969655,20,92751753,20,115,0,0,115,0
182557,142985385,20,147845231,20,48,0,0,73,0
343419,120953184,20,96305360,20,74,1,0,75,0
915054,109725763,20,95627745,20,126,0,0,123,0
61214,121517497,20,74954208,20,75,0,0,93,0
669526,96126025,20,117636616,20,49,3,0,91,0
533377,72989449,20,100443468,20,104,1,0,80,0
468791,67768540,20,82630061,20,49,1,0,121,0
370270,111611450,20,125665465,20,100,0,0,109,0
77599,87037357,20,101613456,20,95,0,0,63,0
98354,64493431,20,133245071,20,85,0,0,59,0
416661,117337374,20,95741230,20,118,2,0,108,0
23935,122005961,20,110155808,20,95,0,0,70,0
1785844,87481561,20,125939541,20,74,8,0,76,0
1037648,64955174,20,98282519,20,70,2,0,134,0
197722,108705154,20,84305253,20,119,0,0,56,0
619973,143977956,20,63163906,20,31,2,0,45,0
1069224,93491643,20,76280186,20,43,4,0,117,0
254846,82070117,20,97639954,20,67,3,0,70,0
30120,62219510,20,107965984,20,63,0,0,79,0
362323,87224047,20,87624791,20,74,2,0,80,0
205745,105531778,20,113902006,20,94,0,0,124,0
93215,99704197,20,114901118,20,98,0,0,119,0
232651,116029273,20,71179616,20,61,0,0,140,0
690141,132443667,20,84850891,20,98,1,0,119,0
188513,149385465,20,147555781,20,53,0,0,40,0
122905,99774022,20,92048373,20,85,0,0,47,0
497619,107670963,20,116804447,20,77,0,0,84,0
399678,107093910,20,74094427,20,72,2,0,89,0
139336,116751057,20,130783249,20,126,0,0,94,0
968094,93515639,20,105067034,20,105,5,0,142,0
219336,122492851,20,79932882,20,87,0,0,49,0
301215,106882902,20,84349743,20,53,4,0,138,0
658737,114661952,20,74779332,20,53,1,0,94,0
647218,139380925,20,95049380,20,50,0,0,107,0
529311,103026462,20,115660769,20,54,0,0,110,0
978974,134944952,20,114826286,20,81,5,0,74,0
445720,72381937,20,109184396,20,71,5,0,98,0
240035,85611291,20,118576305,20,69,0,0,56,0
403009,119244602,20,75425563,20,83,1,0,95,0
191932,151422727,20,65885512,20,57,1,0,92,0
193682,93161194,20,86908724,20,80,3,0,145,0
1463050,111789618,20,130282645,20,75,5,0,98,0
501740,104343872,20,138798728,20,36,2,0,86,0
185423,164443350,20,46913854,20,42,0,0,99,0
10718,124493697,20,89434839,20,75,0,0,71,0
506965,88997040,20,114342413,20,111,2,0,80,0
686186,151334150,20,98824926,20,48,0,0,68,0
701061,93202075,20,95309314,20,85,0,0,85,0
1034162,95304072,20,126138312,20,150,1,0,77,0
216458,91424978,20,103795088,20,162,1,0,69,0
181761,125459638,20,91246231,20,105,0,0,50,0
163667,45481135,20,90124173,20,66,1,0,105,0
441446,77839976,20,84836001,20,67,3,0,85,0
222217,136099105,20,79622132,20,62,2,0,70,0
406431,104629726,20,88109347,20,131,2,0,55,0
35314,98507449,20,111151983,20,96,1,0,64,0
239435,88233939,20,69615848,20,113,3,0,59,0
100930,124596699,20,99566052,20,67,0,0,80,0
35756,110375406,20,107058280,20,53,0,0,74,0
898972,139011052,20,100507592,20,83,5,0,133,0
58146,91319472,20,77181959,20,51,0,0,58,0
543081,90443010,20,100239627,20,175,3,0,91,0
338471,143540649,20,102962578,20,94,2,0,67,0
383254,128251263,20,148601843,20,85,2,0,91,0
625052,95055417,20,162370143,20,68,4,0,117,0
1339468,128246339,20,144144120,20,78,3,0,100,0
210955,95520378,20,103861725,20,73,0,0,59,0
384010,108855613,20,116589843,20,135,0,0,47,0
535414,112694547,20,147454240,20,77,1,0,100,0
131278,69046371,20,69009700,20,83,0,0,77,0
624430,87090294,20,143463877,20,113,4,0,49,0
469223,101981242,20,73163621,20,64,3,0,51,0
681660,116182645,20,164745320,20,92,0,0,57,0
1005537,99894976,20,120019826,20,97,3,0,86,0
135681,73862328,20,79985122,20,115,2,0,90,0
293628,78193637,20,101158662,20,48,4,0,60,0
226412,81348687,20,113239719,20,98,0,0,113,0
1024525,122157933,20,110901443,20,60,4,0,75,0
484860,76961316,20,99931733,20,92,2,0,104,0
484945,101516734,20,105964296,20,122,1,0,107,0
173935,78256834,20,124467251,20,109,1,0,113,0
330431,145459677,20,78738885,20,110,2,0,49,0
57814,92961062,20,93003797,20,127,0,0,44,0
1624662,96593416,20,112694124,20,83,5,0,100,0
199354,107771561,20,94812934,20,81,1,0,104,0
932891,107432945,20,101475680,20,104,7,0,72,0
454566,109029760,20,92342741,20,80,0,0,69,0
1465772,94120855,20,150790547,20,136,7,0,102,0
259277,109384549,20,104512051,20,55,0,0,139,0
291214,100611659,20,92703020,20,70,0,0,93,0
728467,103730396,20,95453321,20,67,2,0,42,0
785915,87399838,20,85567307,20,79,1,0,70,0
549799,116037291,20,95025822,20,79,0,0,84,0
271590,66641075,20,64631882,20,72,2,0,46,0
836873,125518947,20,106836558,20,79,3,0,62,0
287835,123813521,20,85247900,20,169,5,0,83,0
319899,84880778,20,104170936,20,66,0,0,103,0
1483511,73862642,20,125185128,20,86,2,0,137,0
86693,106532094,20,113496768,20,77,0,0,56,0
640903,133141161,20,50081919,20,53,1,0,75,0
467052,124341621,20,112764094,20,118,2,0,40,0
272089,68034010,20,103749821,20,116,0,0,62,0
428891,117015717,20,88146968,20,106,0,0,94,0
670301,132287225,20,90100301,20,90,0,0,70,0
338167,95798559,20,79521502,20,94,1,0,77,0
221626,116122561,20,124339941,20,77,0,0,82,0
1242226,95806812,20,91700796,20,98,5,0,99,0
185803,94549083,20,88091628,20,91,0,0,64,0
396014,124663625,20,112247213,20,79,3,0,92,0
504818,55497169,20,113526386,20,63,0,0,102,0
45756,84457039,20,96601494,20,69,0,0,56,0
381685,131196903,20,111877757,20,72,0,0,85,0
393211,89351891,20,144752945,20,74,4,0,91,0
183870,85589140,20,105596068,20,90,0,0,64,0
1425708,109693887,20,111847712,20,100,8,0,92,0
366761,98664988,20,88096934,20,61,9,0,90,0
352403,88569838,20,100162480,20,113,0,0,64,0
37805,85697305,20,103077892,20,89,0,0,63,0
487064,94274555,20,67980818,20,72,3,0,76,0
255526,90422343,20,106709674,20,141,2,0,81,0
558130,130780888,20,100190873,20,123,0,0,85,0
305300,89887795,20,150595358,20,95,0,0,101,0
85102,85862403,20,95867150,20,82,1,0,55,0
1214907,77561735,20,129559029,20,72,5,0,88,0
195688,114876663,20,92002303,20,57,0,0,62,0
167660,79714280,20,123807126,20,70,1,0,83,0
193961,104613852,20,55658205,20,93,1,0,73,0
350198,136846593,20,105283815,20,34,1,0,103,0
262819,96331667,20,128943990,20,70,1,0,62,0
43188,63229378,20,101926341,20,86,0,0,87,0
68168,134887859,20,84435480,20,54,1,0,84,0
249234,78096709,20,117262620,20,137,1,0,87,0
902079,81461294,20,117481819,20,57,3,0,117,0
141910,86534792,20,78822576,20,93,0,0,58,0
660730,71542059,20,107662208,20,95,0,0,87,0
286303,100975849,20,136518512,20,113,0,0,108,0
1116619,105108022,20,85800499,20,113,0,0,90,0
616888,136302494,20,131483104,20,130,1,0,68,0
633766,95201293,20,150270487,20,129,4,0,58,0
674479,89244856,20,93272564,20,74,2,0,97,0
1076455,82236422,20,92235385,20,88,6,0,80,0
463313,163506552,20,158677450,20,112,0,0,102,0
479838,107061442,20,147277782,20,53,5,0,119,0
419410,101126334,20,77685237,20,58,0,0,71,0
512373,99816249,20,110264639,20,54,4,0,91,0
78196,89649397,20,106205378,20,99,0,0,104,0
121389,77853131,20,99538433,20,136,0,0,80,0
174888,101097767,20,61802925,20,84,1,0,115,0
462964,116399709,20,129217776,20,81,0,0,99,0
232378,125166853,20,103253501,20,124,1,0,61,0
188946,82640728,20,108389047,20,83,0,0,53,0
497143,104828538,20,72609313,20,73,0,0,85,0
29506,77091199,20,95149190,20,63,0,0,97,0
1254246,110287864,20,143214071,20,89,8,0,124,0
300494,115644095,20,117100636,20,92,0,0,40,0
375054,122130456,20,114391324,20,46,3,0,50,0
206901,95111940,20,98803037,20,94,1,0,86,0
659001,98315226,20,79017444,20,157,4,0,99,0
261751,169149412,20,83434992,20,85,5,0,75,0
462549,94903919,20,82947956,20,102,0,0,74,0
77030,105828460,20,75683675,20,88,0,0,69,0
677958,96546701,20,90830278,20,99,1,0,81,0
347618,106069389,20,100505664,20,89,1,0,51,0
171481,84358416,20,108833971,20,65,0,0,111,0
452135,106365220,20,117445119,20,38,5,0,60,0
734925,86671747,20,76950778,20,99,2,0,58,0
168536,96354608,20,85010095,20,82,1,0,85,0
176981,86840779,20,120401230,20,65,0,0,78,0
190102,113100748,20,67599923,20,89,0,0,64,0
431561,96859263,20,82561433,20,105,1,0,116,0
602143,121286467,20,140537105,20,118,0,0,81,0
35070,93736361,20,109185263,20,95,0,0,126,0
381023,104770985,20,106259203,20,75,0,0,65,0
930800,73867238,20,119857066,20,132,1,0,56,0
306205,145963586,20,80815201,20,42,2,0,104,0
120822,73593055,20,134405936,20,73,0,0,82,0
762647,113633428,20,159002748,20,87,2,0,84,0
281870,99140794,20,150426617,20,128,1,0,85,0
802494,142841157,20,90633091,20,123,1,0,68,0
446833,102382131,20,113706195,20,88,0,0,80,0
1238194,101724432,20,127841200,20,103,1,0,89,0
455435,63840801,20,83584632,20,105,1,0,58,0
359577,80880228,20,78054113,20,62,1,0,85,0
768616,112974300,20,90028305,20,121,1,0,77,0
84101,88217483,20,112508916,20,70,0,0,91,0
31353,120357669,20,131877620,20,76,0,0,71,0
126046,188289430,20,126377558,20,55,2,0,34,0
659366,117508085,20,131966190,20,66,3,0,114,0
42878,154029151,20,99123135,20,70,0,0,133,0
889522,136242094,20,89776524,20,92,3,0,102,0
1022656,99558641,20,102008092,20,90,7,0,86,0
618235,73213644,20,124864444,20,89,7,0,86,0
481256,91364200,20,96376062,20,57,1,0,125,0
276521,112591676,20,87916857,20,39,1,0,75,0
1421858,98203280,20,180558114,20,135,8,0,100,0
1051403,122124337,20,93649489,20,95,6,0,101,0
627082,141983342,20,107990122,20,92,5,0,103,0
875122,89293816,20,98424019,20,78,2,0,81,0
83210,103788187,20,60435567,20,121,0,0,64,0
888222,96627092,20,122862178,20,101,2,0,90,0
337825,133476311,20,97976006,20,48,3,0,76,0
546441,66821657,20,107938326,20,43,1,0,73,0
24658,137001809,20,120617509,20,101,0,0,112,0
10619,76505492,20,75024458,20,76,0,0,97,0
63232,103611793,20,94125436,20,108,0,0,149,0
1115822,98286441,20,126253287,20,122,4,0,125,0
22971,82791497,20,103566062,20,52,0,0,121,0
988257,182652404,20,117120888,20,88,4,0,50,0
45914,79877430,20,81078763,20,41,0,0,67,0
80546,129286379,20,58588233,20,102,0,0,76,0
618615,113029771,20,94449453,20,76,1,0,65,0
106127,92844403,20,87214832,20,91,0,0,62,0
256792,108720512,20,86242773,20,56,0,0,59,0
807680,83154008,20,130449614,20,82,4,0,59,0
888664,86592321,20,119303479,20,68,0,0,97,0
1100196,102851643,20,80558637,20,107,5,0,70,0
74783,75253652,20,114769342,20,67,0,0,61,0
186531,129262823,20,71220004,20,77,0,0,60,0
278443,95067732,20,102598246,20,62,3,0,82,0
249376,136643640,20,106847136,20,92,5,0,69,0
269956,98898461,20,70361161,20,68,0,0,66,0
1215028,76989572,20,66999609,20,57,0,0,109,0
550478,104541758,20,75025866,20,67,0,0,106,0
828034,86995475,20,125487748,20,88,0,0,120,0
44022,97250195,20,68882700,20,77,0,0,66,0
1099617,123298039,20,83744507,20,66,2,0,88,0
323697,67215536,20,107553579,20,82,0,0,69,0
435865,133037153,20,96498918,20,86,1,0,61,0
20524,103123495,20,119300211,20,33,0,0,126,0
35083,76601571,20,110940036,20,86,0,0,108,0
146417,115505844,20,149870518,20,66,1,0,128,0
1628264,87016815,20,99718701,20,101,9,0,81,0
107697,127578833,20,86465454,20,66,0,0,36,0
618259,130561836,20,112424584,20,72,1,0,73,0
214067,128187065,20,93706432,20,91,1,0,47,0
41425,113369910,20,127459670,20,84,0,0,55,0
623763,128232563,20,91343513,20,110,3,0,72,0
559678,121992105,20,73971273,20,105,2,0,60,0
106014,74936138,20,86227706,20,80,0,0,99,0
718526,141816698,20,81623726,20,88,0,0,72,0
25829,71837800,20,103119463,20,78,0,0,61,0
141361,101993267,20,95160578,20,83,0,0,122,0
516962,109007761,20,105808679,20,46,0,0,51,0
197607,63182654,20,82220168,20,48,0,0,97,0
38472,110528003,20,119846165,20,82,0,0,112,0
1353759,108663425,20,122367129,20,71,7,0,63,0
63165,120073535,20,89893690,20,87,0,0,80,0
72741,89070565,20,105519067,20,55,0,0,69,0
60297,119303021,20,61741956,20,82,1,0,64,0
541972,129457019,20,82899515,20,88,4,0,93,0
916164,126790342,20,103399769,20,89,4,0,53,0
30774,97200050,20,82479111,20,85,0,0,48,0
223449,108535323,20,88806678,20,86,0,0,115,0
768409,116506818,20,145868098,20,52,2,0,80,0
367717,89266450,20,95256727,20,48,0,0,62,0
277778,132599341,20,143830458,20,93,1,0,166,0
539963,70887770,20,95359174,20,90,2,0,82,0
61929,79659830,20,116253296,20,84,0,0,28,0
318249,93398683,20,129782258,20,67,2,0,59,0
36176,92814049,20,50711595,20,32,0,0,109,0
209793,95319173,20,61122758,20,62,2,0,52,0
30534,99284764,20,133549695,20,80,0,0,105,0
913208,140472734,20,123768900,20,66,0,0,78,0
338458,195579205,20,140662076,20,67,0,0,35,0
2432262,201938869,20,125840334,20,79,11,0,88,0
1448397,116325240,20,147132310,20,60,0,0,114,0
644032,123190446,20,159697971,20,61,1,0,91,0
185806,136013426,20,88440730,20,65,1,0,83,0
649980,99004366,20,101189732,20,93,4,0,82,0
1230489,126576345,20,133571404,20,73,6,0,132,0
249073,94280687,20,94196157,20,54,0,0,111,0
237151,62458270,20,110280711,20,97,0,0,98,0
294803,59808587,20,99347426,20,114,0,0,58,0
26255,106369976,20,115710750,20,95,1,0,55,0
434058,118253829,20,126026150,20,100,5,0,47,0
838917,127980892,20,129569035,20,75,5,0,61,0
21237,100221323,20,95635262,20,53,0,0,53,0
311716,79159949,20,74904610,20,68,5,0,74,0
83465,131559521,20,118210935,20,137,0,0,85,0
56979,112058791,20,97236893,20,70,0,0,53,0
35534,116372826,20,60356875,20,78,0,0,117,0
110233,70014840,20,85442666,20,66,0,0,65,0
504285,122525772,20,92863071,20,133,3,0,90,0
624783,98162119,20,138084648,20,71,1,0,131,0
536166,83597076,20,112120047,20,117,0,0,120,0
28777,137762131,20,111156518,20,80,0,0,99,0
30522,77840607,20,109220258,20,95,0,0,65,0
419853,108112562,20,152560665,20,97,0,0,95,0
807197,115429546,20,83665616,20,109,1,0,85,0
229703,76066992,20,112901151,20,58,0,0,97,0
1036682,167500638,20,73884040,20,101,0,0,74,0
296678,90092201,20,94523377,20,93,0,0,103,0
15007,92759040,20,78115231,20,37,0,0,53,0
596773,78956787,20,97288943,20,100,3,0,91,0
40686,113446838,20,111532987,20,60,0,0,53,0
264590,98057159,20,108018431,20,75,0,0,115,0
901336,128356287,20,98783593,20,120,0,0,57,0
441730,108836301,20,126433375,20,63,0,0,75,0
792315,134820980,20,126054167,20,142,4,0,130,0
490896,81721025,20,122537265,20,106,3,0,78,0
539858,102581618,20,106692252,20,103,1,0,62,0
20973,87575311,20,144619537,20,93,0,0,124,0
693546,119156011,20,108650517,20,42,0,0,81,0
349575,139527691,20,103575878,20,67,1,0,97,0
28712,106405750,20,49737636,20,114,1,0,56,0
549008,107152253,20,94028551,20,85,0,0,62,0
66890,102671295,20,72514206,20,68,0,0,121,0
109137,90781430,20,96738377,20,98,0,0,49,0
28058,79730562,20,81635447,20,76,0,0,76,0
161290,78860316,20,106047941,20,107,0,0,106,0
961841,116220305,20,107513107,20,84,2,0,76,0
329208,176252121,20,91251663,20,61,1,0,103,0
363563,145980029,20,107842597,20,125,1,0,72,0
86131,146797853,20,77268690,20,42,0,0,86,0
266773,100600963,20,135851917,20,76,0,0,81,0
502889,133210624,20,109875669,20,126,0,0,101,0
94852,100043103,20,90223595,20,160,0,0,105,0
724521,122798692,20,80748079,20,56,2,0,44,0
645863,89023965,20,128633478,20,147,2,0,58,0
56645,159366926,20,89050238,20,100,0,0,79,0
282790,131961988,20,85248348,20,100,1,0,71,0
1222481,101231062,20,104991707,20,64,3,0,95,0
534901,85715382,20,118239072,20,65,1,0,117,0
614744,122164097,20,61250610,20,96,1,0,86,0
453527,90290140,20,83006404,20,51,2,0,133,0
501577,110824310,20,153713885,20,58,2,0,108,0
205316,95780624,20,67899463,20,57,1,0,64,0
611463,88265277,20,132908860,20,84,0,0,134,0
747866,129999379,20,154512404,20,120,0,0,98,0
380759,122064272,20,97134895,20,74,1,0,92,0
1114707,105970435,20,169592517,20,111,2,0,111,0
471169,136323925,20,85840359,20,86,0,0,108,0
409333,137771650,20,140935563,20,53,2,0,58,0
285726,141692032,20,128177265,20,61,0,0,90,0
402279,91030765,20,110346403,20,67,0,0,70,0
226976,144633975,20,115377168,20,67,1,0,41,0
414458,86857516,20,135979348,20,122,0,0,107,0
184796,76591198,20,62459050,20,53,0,0,76,0
73801,101429807,20,104797526,20,53,0,0,36,0
549242,75614926,20,121234656,20,75,0,0,80,0
21159,124926877,20,99423646,20,103,0,0,87,0
1013451,115064605,20,135583842,20,40,5,0,107,0
359638,116575885,20,105515676,20,39,0,0,104,0
95342,81926223,20,96562543,20,95,1,0,113,0
38425,103106343,20,92124667,20,62,0,0,76,0
1817277,98425233,20,208200943,20,115,16,0,49,0
1210374,70862418,20,92536030,20,80,6,0,87,0
76984,88209664,20,75723443,20,81,0,0,52,0
69791,117530197,20,117637876,20,113,0,0,90,0
569102,94656775,20,76207842,20,51,0,0,114,0
384932,85911505,20,62239934,20,62,0,0,42,0
17632,101744302,20,144798068,20,59,0,0,100,0
227237,122767275,20,119725129,20,99,2,0,34,0
51787,121080358,20,70754273,20,61,0,0,145,0
367984,121399733,20,117653168,20,86,2,0,115,0
671215,117114369,20,132425559,20,59,4,0,78,0
855623,96570548,20,91738078,20,68,0,0,103,0
706797,123159246,20,81254241,20,109,1,0,92,0
604724,77780985,20,123177587,20,101,3,0,78,0
428304,131475106,20,116636545,20,54,3,0,58,0
41650,114265137,20,108303730,20,119,0,0,65,0
758448,100496172,20,78698641,20,114,6,0,74,0
37329,87232597,20,91571446,20,54,1,0,109,0
349610,95974135,20,99189699,20,90,0,0,104,0
452356,77574696,20,134722505,20,85,2,0,55,0
269241,150971442,20,109566810,20,65,3,0,77,0
825137,108627380,20,119762292,20,92,4,0,116,0
451106,99819243,20,114441010,20,134,3,0,72,0
927985,115821022,20,108419133,20,92,2,0,85,0
46021,121440240,20,92733966,20,99,0,0,89,0
7640,92514737,20,66486238,20,85,2,0,105,0
511582,82661291,20,123590784,20,89,1,0,80,0
41919,140866012,20,97602653,20,81,3,0,61,0
356794,130163014,20,92024150,20,81,0,0,57,0
343537,170073336,20,93678366,20,111,0,0,87,0
226813,110201862,20,120959257,20,67,1,0,68,0
500268,124213686,20,108261638,20,108,0,0,84,0
409579,94423579,20,110949706,20,79,1,0,57,0
421549,109446829,20,71469872,20,66,2,0,59,0
945803,97577934,20,82518492,20,119,0,0,113,0
98201,75744277,20,95245606,20,71,0,0,86,0
200143,92765641,20,106101233,20,91,0,0,56,0
341457,117576065,20,145802091,20,31,0,0,111,0
695116,76776954,20,71914224,20,116,3,0,75,0
266091,123809308,20,83141743,20,91,0,0,111,0
44208,139619615,20,98703809,20,53,0,0,119,0
754990,76888980,20,93996390,20,82,6,0,67,0
183516,92363697,20,56270444,20,82,0,0,113,0
24999,146906881,20,132140733,20,62,2,0,51,0
1004629,78470208,20,79949170,20,72,5,0,107,0
199444,111180026,20,90090175,20,117,0,0,75,0
1315607,102100786,20,102447011,20,39,6,0,136,0
334950,71509327,20,115311543,20,88,0,0,76,0
740187,152234516,20,103536377,20,55,1,0,102,0
656956,118259172,20,78991963,20,52,0,0,126,0
26329,106085057,20,99051966,20,51,0,0,156,0
395449,77638653,20,126321234,20,60,0,0,83,0
73491,68496582,20,68434835,20,55,0,0,83,0
83514,83372167,20,69063686,20,72,0,0,85,0
708021,100828177,20,136791119,20,87,0,0,83,0
355896,119042452,20,106738490,20,63,2,0,41,0
671784,108958608,20,89601103,20,43,0,0,143,0
421025,88556287,20,106212838,20,134,3,0,75,0
245710,75787895,20,72523384,20,90,0,0,123,0
47490,99779270,20,110176411,20,147,0,0,70,0
189542,133276566,20,88616637,20,90,0,0,110,0
118530,102508251,20,73832609,20,75,0,0,40,0
301481,91766040,20,91164637,20,67,0,0,69,0
256136,115006514,20,92196108,20,63,1,0,87,0
504281,66347489,20,130003844,20,137,4,0,57,0
282987,74961655,20,152957459,20,94,5,0,70,0
957615,120242752,20,96785575,20,103,1,0,116,0
502325,107590827,20,77867831,20,85,3,0,77,0
234468,130169584,20,96105102,20,84,0,0,112,0
59595,85096067,20,66026902,20,52,0,0,70,0
20261,165552605,20,108322776,20,81,1,0,59,0
481711,80560903,20,138009799,20,133,3,0,91,0
894085,143545888,20,99839934,20,73,3,0,68,0
36750,94605070,20,135968112,20,72,0,0,106,0
156621,70918764,20,97338036,20,81,0,0,73,0
383980,91256144,20,116221911,20,47,2,0,98,0
174082,116046974,20,78308012,20,54,0,0,85,0
115402,98088298,20,76951560,20,57,1,0,92,0
756199,129386498,20,90331221,20,75,2,0,56,0
737676,116176950,20,114658445,20,85,8,0,71,0
97567,110323653,20,113691915,20,98,0,0,62,0
557210,56924577,20,153639467,20,80,2,0,117,0
418898,125177523,20,77348935,20,83,0,0,112,0
1492145,57284821,20,113399372,20,62,6,0,77,0
591124,118801977,20,99114202,20,82,0,0,70,0
31469,150457092,20,119227333,20,126,0,0,57,0
333484,92640739,20,104290638,20,97,0,0,72,0
538131,115432438,20,92450996,20,126,1,0,109,0
371969,96273509,20,125349784,20,133,1,0,74,0
204238,110051780,20,95606586,20,50,0,0,98,0
260918,82302690,20,96235642,20,62,3,0,78,0
1040479,126754992,20,78524650,20,106,0,0,47,0
462016,108758300,20,101545781,20,77,1,0,127,0
18416,131106441,20,73339357,20,79,0,0,56,0
159264,95678996,20,87922628,20,73,0,0,86,0
35710,120102898,20,85149492,20,54,0,0,76,0
119536,78335839,20,134161005,20,50,1,0,95,0
237745,104371801,20,73251618,20,61,0,0,44,0
98985,125752446,20,76385956,20,55,0,0,140,0
549179,105905843,20,90672931,20,70,2,0,76,0
17934,90220303,20,87718412,20,88,0,0,114,0
1011134,100189366,20,141095199,20,90,9,0,74,0
162955,119252704,20,131642584,20,89,0,0,85,0
572657,123889232,20,158676967,20,64,3,0,129,0
400005,114015440,20,140531737,20,77,2,0,75,0
480441,75181251,20,79624994,20,96,1,0,35,0
400161,102296359,20,134057171,20,75,1,0,68,0
1521808,114034845,20,99025526,20,118,5,0,82,0
175881,165102421,20,135149342,20,110,1,0,97,0
452411,64740566,20,125893464,20,102,4,0,78,0
197192,84609777,20,108151311,20,39,0,0,99,0
414284,121915327,20,93558295,20,77,0,0,61,0
320096,130620447,20,124649768,20,70,1,0,49,0
217483,57658548,20,119697485,20,63,2,0,91,0
738722,118964542,20,125223307,20,91,0,0,124,0
580587,114023535,20,119459855,20,64,1,0,77,0
165607,97349761,20,75140660,20,151,1,0,77,0
54975,100327572,20,79593745,20,70,0,0,102,0
1579483,151627255,20,140146517,20,94,5,0,59,0
256876,101157045,20,96310964,20,122,0,0,73,0
602730,69473176,20,134897221,20,64,0,0,105,0
27591,122464759,20,90497261,20,59,0,0,67,0
219382,141287167,20,100476273,20,93,2,0,117,0
194405,138365494,20,115934020,20,67,3,0,91,0
1169815,114717587,20,89590028,20,94,4,0,104,0
641859,130079065,20,94716433,20,96,8,0,53,0
216693,67775895,20,105862168,20,44,0,0,77,0
383726,131441281,20,88059719,20,131,2,0,109,0
247160,85546497,20,112142681,20,69,0,0,75,0
412042,129349943,20,88303570,20,98,0,0,153,0
163142,81070857,20,96510396,20,60,2,0,86,0
327799,130283085,20,64186648,20,87,4,0,112,0
42131,131737070,20,72207402,20,143,0,0,98,0
298538,71156664,20,98048328,20,114,0,0,83,0
584688,108182794,20,115717021,20,123,2,0,97,0
390360,98246544,20,86727537,20,78,3,0,159,0
62872,80129490,20,127550116,20,69,0,0,104,0
113947,99093762,20,118872348,20,144,0,0,70,0
735364,107064337,20,138684868,20,101,1,0,96,0
493045,122626918,20,101828989,20,84,1,0,92,0
54615,94332637,20,112684645,20,102,0,0,47,0
562525,120872437,20,112016471,20,53,0,0,73,0
546810,95560934,20,137252071,20,92,3,0,90,0
581793,99177228,20,137480668,20,88,0,0,108,0
217723,144085142,20,125911612,20,45,0,0,96,0
251441,67995384,20,129478042,20,66,2,0,84,0
495756,100559993,20,117820072,20,48,3,0,53,0
1228786,100138478,20,133352402,20,122,9,0,90,0
24077,74914901,20,96799525,20,74,0,0,116,0
627214,170329298,20,123137948,20,68,4,0,103,0
808060,101096320,20,120073354,20,123,3,0,104,0
286044,144152432,20,88087254,20,146,0,0,85,0
515960,104867742,20,84515457,20,92,3,0,86,0
635722,95979764,20,113853268,20,76,1,0,107,0
612400,99705531,20,121719220,20,64,1,0,91,0
241148,87100514,20,99181937,20,49,1,0,107,0
322996,100807201,20,69788783,20,75,0,0,128,0
661238,57683956,20,134572813,20,87,3,0,54,0
744815,182562695,20,88588949,20,58,1,0,48,0
1047918,121079917,20,159612069,20,62,6,0,82,0
249729,66264566,20,86320613,20,81,3,0,82,0
511070,164513171,20,135539664,20,49,0,0,52,0
801458,80133882,20,76779073,20,59,1,0,69,0
53606,113069696,20,125252738,20,70,0,0,61,0
1208360,76750487,20,116300847,20,52,3,0,77,0
469993,49481245,20,104209787,20,102,3,0,100,0
348070,123593911,20,99913574,20,62,2,0,90,0
373387,88466282,20,110810231,20,74,4,0,45,0
178271,77117299,20,106642271,20,77,0,0,90,0
129879,182825406,20,76001162,20,105,0,0,102,0
499962,98606113,20,55045662,20,64,1,0,54,0
207558,90843611,20,156336895,20,76,0,0,59,0
553246,82748303,20,83248610,20,105,1,0,126,0
169230,91796927,20,82489194,20,62,0,0,76,0
1022070,127853911,20,67498681,20,114,0,0,87,0
442171,89815343,20,82901804,20,120,1,0,64,0
39949,114832936,20,104328588,20,83,0,0,94,0
934956,120046921,20,132451469,20,89,1,0,120,0
266810,87393117,20,102687126,20,34,0,0,100,0
246987,118496389,20,79804252,20,91,3,0,100,0
879567,92011301,20,84666049,20,74,0,0,32,0
164048,96628831,20,82645165,20,48,1,0,65,0
129809,77216682,20,87030177,20,88,0,0,93,0
202464,76233889,20,120692246,20,81,0,0,131,0
523767,98878541,20,106320870,20,105,3,0,80,0
321013,131514280,20,141596556,20,110,2,0,60,0
23351,147518852,20,221119988,20,101,0,0,101,0
1052213,100808786,20,96428983,20,82,4,0,76,0
586230,107400452,20,113959056,20,40,1,0,70,0
998808,124561315,20,118678633,20,156,4,0,109,0
380580,111585006,20,124389771,20,94,0,0,70,0
639470,104055074,20,64261771,20,105,0,0,68,0
1589178,117116368,20,89775050,20,102,4,0,96,0
107255,130334295,20,103068653,20,103,1,0,53,0
518758,139271335,20,78855053,20,111,0,0,73,0
441976,116232599,20,89647589,20,85,2,0,73,0
48280,84301222,20,69908702,20,96,0,0,109,0
1714650,138033992,20,80686288,20,75,2,0,66,0
424539,167114048,20,127784226,20,85,3,0,78,0
519803,123750687,20,112767395,20,74,1,0,123,0
334747,137059672,20,103104829,20,67,0,0,70,0
373843,68198988,20,66957879,20,94,1,0,51,0
140754,101262447,20,108259339,20,56,0,0,89,0
508881,80977689,20,110222414,20,131,2,0,80,0
803732,131089177,20,88334376,20,70,9,0,89,0
1063818,88788398,20,113933018,20,78,5,0,69,0
55397,100397152,20,120036881,20,89,0,0,125,0
192936,123286111,20,108629479,20,116,0,0,111,0
119608,84925550,20,126447385,20,72,1,0,66,0
973329,113544875,20,122625358,20,67,4,0,49,0
592029,117763603,20,136698165,20,137,1,0,76,0
427083,87274132,20,121022021,20,68,1,0,99,0
20145,101182140,20,56903514,20,88,0,0,115,0
548444,81169323,20,88793668,20,59,2,0,95,0
226035,81058447,20,62942022,20,59,1,0,102,0
1243652,103366360,20,119012937,20,87,0,0,41,0
319890,150422463,20,71246353,20,92,2,0,83,0
19523,74356883,20,85902466,20,71,1,0,63,0
