100075,66906157,20,51187206,20,83,0,0,82,0
17592,59105900,20,68083487,20,63,0,0,74,0
241310,62623438,20,41856504,20,100,0,0,85,0
73782,53268941,20,63114597,20,62,0,0,75,0
801375,72063365,20,59031320,20,89,9,0,71,0
65339,59362327,20,70791797,20,39,0,0,63,0
89378,48490072,20,95876500,20,95,0,0,100,0
195967,74745430,20,59572340,20,75,1,0,110,0
416451,77835471,20,56323701,20,45,5,0,93,0
7723,74815390,20,69354206,20,111,0,0,89,0
32738,64260189,20,51545086,20,106,1,0,69,0
200095,55049628,20,70376925,20,51,3,0,93,0
440282,77400808,20,74211513,20,34,0,0,74,0
43741,54146682,20,61523867,20,75,0,0,69,0
136013,37726858,20,45680665,20,103,2,0,152,0
628031,50212854,20,55454673,20,138,2,0,91,0
26204,59237861,20,70587106,20,104,0,0,93,0
500428,78666175,20,59939700,20,108,2,0,65,0
145547,45546518,20,58480923,20,57,3,0,78,0
588511,58866348,20,48064497,20,74,7,0,87,0
412523,60250987,20,57297489,20,96,0,0,42,0
444966,54353959,20,68292875,20,83,6,0,51,0
8253,45345921,20,60995510,20,53,0,0,55,0
47490,51886318,20,52613792,20,90,0,0,91,0
74902,54509229,20,60059995,20,114,0,0,63,0
137164,67492972,20,57868031,20,68,0,0,114,0
149095,45946359,20,54891536,20,88,1,0,52,0
189268,52153422,20,68135638,20,50,0,0,147,0
27462,67830954,20,41189445,20,72,0,0,57,0
182843,63671338,20,57476893,20,95,0,0,60,0
346681,43390742,20,79247807,20,96,4,0,71,0
683908,55837687,20,57465429,20,102,3,0,67,0
818087,51756769,20,71014479,20,91,9,0,71,0
239964,69165906,20,64391899,20,72,3,0,89,0
18297,59278399,20,44392145,20,111,0,0,89,0
9697,71986161,20,75886305,20,80,0,0,121,0
39110,56752442,20,46775651,20,50,0,0,86,0
154177,86159033,20,89222294,20,94,0,0,106,0
376282,66192100,20,57945364,20,87,3,0,89,0
287272,59293366,20,76404867,20,72,0,0,49,0
273542,55514336,20,70066637,20,129,2,0,104,0
205548,81257815,20,51777452,20,53,0,0,98,0
90845,66634349,20,62479569,20,62,2,0,49,0
264355,66496939,20,65435095,20,70,1,0,123,0
204105,84458182,20,50799660,20,73,0,0,94,0
13693,64006134,20,64111817,20,59,0,0,119,0
204470,67342890,20,65127113,20,91,3,0,100,0
17423,38469485,20,60249482,20,64,0,0,99,0
605200,66873096,20,64116107,20,135,1,0,86,0
15142,37206008,20,70197242,20,124,0,0,96,0
261924,78201870,20,50652028,20,65,1,0,93,0
73323,47297755,20,53131711,20,60,0,0,50,0
7367,50648604,20,35702849,20,65,1,0,73,0
86973,68634440,20,38576683,20,116,0,0,89,0
105903,84143588,20,74742316,20,66,1,0,104,0
220943,36174202,20,40812710,20,70,1,0,68,0
111967,59462143,20,56246939,20,76,1,0,90,0
682995,86111683,20,71670512,20,108,4,0,84,0
373688,69493057,20,53192993,20,110,0,0,49,0
544047,70553884,20,81406280,20,76,1,0,61,0
606390,74796108,20,57768184,20,44,1,0,110,0
267735,55708590,20,59826262,20,121,1,0,83,0
264109,102468303,20,54912915,20,76,1,0,95,0
197391,68107993,20,40172281,20,60,4,0,106,0
114218,75050164,20,60145448,20,80,1,0,57,0
110971,46887794,20,44699634,20,59,0,0,94,0
123669,51685206,20,62600628,20,73,1,0,98,0
16115,66304913,20,47335600,20,57,0,0,98,0
210795,82289434,20,47816149,20,107,6,0,74,0
60569,106280882,20,59224027,20,89,0,0,91,0
194134,63704092,20,86580436,20,92,0,0,52,0
125172,55849870,20,65876951,20,103,1,0,63,0
334316,64029422,20,78114673,20,103,2,0,49,0
2562,55608269,20,40624960,20,52,0,0,146,0
106860,57263960,20,32328872,20,61,6,0,85,0
588822,53276295,20,77611265,20,146,2,0,113,0
491345,57483684,20,81814887,20,77,6,0,55,0
12736,59828357,20,45352472,20,85,0,0,53,0
109555,46367843,20,57005716,20,102,2,0,49,0
556954,52666058,20,65109795,20,132,2,0,81,0
232283,70086857,20,66531168,20,78,0,0,67,0
310263,71706831,20,59084668,20,76,1,0,115,0
98876,58462635,20,79675186,20,60,3,0,69,0
655521,60211781,20,62816676,20,107,11,0,110,0
391352,69757159,20,63003353,20,111,1,0,115,0
58076,51539445,20,55618767,20,105,1,0,58,0
111776,65765183,20,56179819,20,86,1,0,87,0
39529,58937835,20,34926529,20,76,0,0,110,0
350384,66574965,20,57618969,20,53,3,0,56,0
27995,71566957,20,47125863,20,50,0,0,106,0
52571,68707080,20,45236549,20,71,1,0,105,0
342190,54705757,20,39544464,20,78,0,0,113,0
264852,52712059,20,54455674,20,114,2,0,104,0
348352,64324722,20,69144592,20,96,2,0,86,0
231557,65175725,20,75330140,20,69,0,0,71,0
651213,50903715,20,61085232,20,80,2,0,134,0
90337,51093802,20,72979977,20,79,0,0,74,0
381766,48670060,20,50027325,20,114,0,0,97,0
428237,62507346,20,70361646,20,105,1,0,69,0
154852,53890513,20,75737145,20,36,1,0,74,0
223133,64715700,20,75621419,20,116,4,0,110,0
71363,81488527,20,52664069,20,79,3,0,92,0
185000,39473223,20,50193126,20,60,1,0,130,0
343990,66648339,20,64487149,20,57,8,0,56,0
10565,60501924,20,58312851,20,89,0,0,119,0
19087,57256910,20,73200753,20,172,0,0,83,0
34358,58918566,20,59633289,20,96,0,0,63,0
324665,98620560,20,60599696,20,124,6,0,112,0
263508,53832847,20,56887638,20,92,0,0,107,0
153153,69161620,20,48851706,20,119,1,0,65,0
90709,72197547,20,58645573,20,88,0,0,55,0
341231,65510139,20,47296096,20,87,1,0,117,0
177802,82256094,20,40274028,20,121,2,0,111,0
328559,55222970,20,66711924,20,81,1,0,67,0
196837,42774016,20,90675985,20,107,1,0,94,0
213387,60688015,20,69527247,20,65,0,0,50,0
132915,57703311,20,81257623,20,70,0,0,92,0
126413,62231401,20,73169136,20,66,0,0,87,0
380851,53358815,20,80438108,20,57,1,0,50,0
136089,34870573,20,69995373,20,75,2,0,203,0
189173,66580709,20,74997576,20,53,0,0,91,0
135127,57000536,20,72417066,20,88,0,0,96,0
297172,82212005,20,57726084,20,59,1,0,76,0
396444,40947987,20,47593679,20,78,3,0,55,0
6148,42960339,20,44035192,20,99,0,0,51,0
26622,67471499,20,55935201,20,53,0,0,125,0
206603,62796034,20,60072864,20,70,0,0,57,0
243738,51251749,20,61748045,20,104,1,0,45,0
206200,73086987,20,67061075,20,90,3,0,73,0
218404,88588191,20,65588630,20,55,3,0,53,0
876365,60477274,20,74539842,20,65,5,0,108,0
97698,57756874,20,34854458,20,40,1,0,69,0
146023,46974431,20,67256838,20,81,1,0,78,0
310240,63765896,20,78691696,20,89,0,0,97,0
93517,76379350,20,51279236,20,80,0,0,88,0
343138,61641063,20,50394896,20,96,3,0,88,0
94653,57419501,20,65707865,20,61,0,0,115,0
550061,68767051,20,60776363,20,88,1,0,52,0
117577,54391385,20,62459122,20,60,0,0,104,0
594228,42280633,20,76564607,20,61,4,0,125,0
395329,41302145,20,62511075,20,95,10,0,65,0
15666,43373177,20,64610402,20,61,1,0,131,0
252804,100567248,20,52816238,20,85,0,0,51,0
4461,58016060,20,68798184,20,63,0,0,64,0
24376,68936835,20,54261024,20,118,0,0,72,0
62274,71142959,20,67765551,20,144,0,0,103,0
110225,66274457,20,65437352,20,64,0,0,94,0
79310,57229411,20,41046290,20,100,1,0,80,0
421591,67053801,20,71838100,20,75,3,0,63,0
58323,39027296,20,65885249,20,64,0,0,118,0
602879,60021034,20,48917820,20,88,2,0,61,0
94381,69348563,20,70557773,20,72,1,0,63,0
14430,50551622,20,60618356,20,129,0,0,115,0
226653,58927468,20,66464103,20,75,1,0,141,0
315506,57948806,20,69666985,20,80,0,0,129,0
479719,61173005,20,58090741,20,97,1,0,93,0
154439,56945510,20,79088384,20,51,0,0,38,0
418664,55381825,20,65305192,20,67,2,0,63,0
81291,72266134,20,90988802,20,117,0,0,120,0
621721,63505510,20,85816964,20,65,3,0,67,0
367849,42468827,20,45492751,20,67,1,0,127,0
173402,48512569,20,75920006,20,78,1,0,96,0
66932,66552949,20,50699778,20,128,1,0,62,0
27313,47039112,20,65213433,20,85,0,0,75,0
115697,43022674,20,58465971,20,60,0,0,79,0
1026998,67091132,20,85550370,20,86,6,0,78,0
469012,69977397,20,92229112,20,70,1,0,77,0
175285,56924328,20,48433428,20,103,0,0,55,0
194953,50126609,20,46488140,20,41,0,0,94,0
44257,63759276,20,58357451,20,94,0,0,72,0
30828,54979328,20,58902532,20,46,0,0,71,0
17684,48770406,20,52958459,20,79,1,0,67,0
366509,53370076,20,66042976,20,63,4,0,68,0
81044,38305739,20,49280345,20,108,2,0,77,0
244599,87378135,20,50065072,20,67,0,0,142,0
775260,59764463,20,68595265,20,56,0,0,139,0
168233,62006813,20,40235254,20,90,0,0,81,0
76871,65673068,20,71326900,20,102,0,0,60,0
113275,56106142,20,82650126,20,79,1,0,111,0
84984,51657799,20,48093220,20,69,0,0,47,0
311346,48835451,20,67721412,20,73,0,0,76,0
12642,57104645,20,62195033,20,55,0,0,57,0
233525,39104822,20,74602017,20,100,0,0,86,0
162759,55707870,20,55248226,20,65,0,0,80,0
111355,57646084,20,62125118,20,69,0,0,46,0
250326,83103015,20,48537800,20,86,0,0,79,0
378445,47127004,20,72447330,20,120,3,0,90,0
125844,43390398,20,52871455,20,71,0,0,101,0
570254,42409026,20,65963304,20,62,5,0,124,0
148829,75771599,20,57394060,20,56,0,0,136,0
552311,53681955,20,61885216,20,83,6,0,173,0
932271,85677557,20,79595430,20,91,7,0,91,0
24042,59301984,20,78511865,20,112,0,0,141,0
50576,46008739,20,41756159,20,88,0,0,74,0
793395,87980635,20,64932284,20,88,1,0,98,0
137542,38410847,20,58437390,20,100,0,0,94,0
8824,54955694,20,49015778,20,82,0,0,57,0
161343,70053724,20,45838791,20,141,1,0,94,0
43825,66054410,20,59331014,20,126,0,0,113,0
460411,58213967,20,83241809,20,116,3,0,80,0
165256,104455216,20,74130248,20,78,1,0,117,0
226747,58505585,20,46084518,20,78,1,0,76,0
5891,63982486,20,48191515,20,69,0,0,56,0
95472,53382542,20,34095302,20,88,1,0,98,0
165536,73047866,20,65961379,20,85,5,0,137,0
223885,52993066,20,48708375,20,73,0,0,66,0
7140,78955005,20,64068733,20,148,0,0,85,0
282534,40645093,20,69061950,20,81,0,0,114,0
24100,62211570,20,49513711,20,46,0,0,79,0
45913,66378023,20,47892581,20,60,0,0,78,0
30284,60610185,20,58988729,20,80,0,0,92,0
486458,83144317,20,79619317,20,67,1,0,108,0
9445,51994398,20,51999800,20,79,0,0,132,0
18353,45963733,20,48547065,20,90,0,0,61,0
127624,64246016,20,74825128,20,43,1,0,79,0
269553,75089270,20,64654499,20,77,3,0,73,0
161723,49241799,20,66420187,20,128,1,0,97,0
280984,43857482,20,85796884,20,51,1,0,80,0
285218,50412292,20,62417500,20,87,1,0,112,0
450740,89757428,20,66441084,20,111,0,0,114,0
171173,50203476,20,41296329,20,62,5,0,114,0
295478,59106977,20,38096983,20,81,0,0,57,0
198954,56850930,20,46877096,20,61,0,0,98,0
5533,68209444,20,57634614,20,62,0,0,114,0
108682,42136092,20,33351631,20,87,1,0,145,0
5454,49064846,20,65766193,20,58,0,0,67,0
26903,75590401,20,88860121,20,39,0,0,94,0
378315,60294001,20,65708143,20,129,4,0,61,0
398360,76144029,20,67021707,20,109,0,0,69,0
130874,66134765,20,67021678,20,111,0,0,111,0
333481,48769772,20,58615174,20,123,3,0,76,0
158295,53109048,20,59176766,20,95,0,0,74,0
54533,59794399,20,63408957,20,100,4,0,87,0
461393,40203480,20,89419504,20,80,3,0,38,0
275519,63844789,20,32733785,20,62,2,0,65,0
73071,64815609,20,68465752,20,49,2,0,68,0
37546,33666377,20,48032448,20,101,0,0,47,0
258788,45695472,20,92196445,20,79,0,0,146,0
108965,80212597,20,52028018,20,73,3,0,37,0
77510,86039290,20,50806524,20,79,1,0,89,0
83797,50717068,20,65936278,20,91,2,0,76,0
167441,54701452,20,79475265,20,49,5,0,80,0
21305,52533199,20,57878837,20,52,0,0,116,0
191464,51335241,20,64474481,20,78,0,0,116,0
191518,47447041,20,55659829,20,72,0,0,77,0
30990,64142489,20,35151294,20,52,0,0,93,0
90855,49695992,20,64406618,20,76,1,0,56,0
77626,71980174,20,87987693,20,97,2,0,80,0
618925,68090493,20,39120616,20,72,0,0,99,0
170618,47683286,20,61546543,20,83,1,0,70,0
375223,73896593,20,89245296,20,95,2,0,85,0
26434,56311039,20,54392338,20,74,0,0,79,0
20160,54277320,20,58967426,20,89,0,0,55,0
266469,72712532,20,49796170,20,65,0,0,91,0
123180,72510592,20,58895704,20,78,0,0,63,0
12830,32054145,20,93344460,20,83,0,0,98,0
77718,93515132,20,71933504,20,67,1,0,76,0
15907,84554126,20,73751002,20,122,0,0,81,0
17745,36416940,20,67606326,20,87,0,0,60,0
348445,69484257,20,67148266,20,138,2,0,70,0
102109,30355683,20,69450497,20,107,0,0,132,0
104517,68590856,20,40229140,20,63,1,0,81,0
113784,50946395,20,53883416,20,118,0,0,91,0
244644,71110797,20,75091368,20,44,0,0,90,0
70145,69251173,20,38459998,20,70,0,0,128,0
228868,63495626,20,75578703,20,69,5,0,102,0
468683,71027261,20,64264427,20,106,0,0,61,0
79006,36218208,20,53933511,20,42,0,0,83,0
491866,69838385,20,99743378,20,58,3,0,74,0
97123,60605227,20,103954258,20,148,1,0,41,0
71104,44916379,20,46936725,20,52,1,0,69,0
36583,57273860,20,54054796,20,64,1,0,49,0
8410,51724150,20,50585177,20,88,0,0,57,0
63820,55078983,20,59361020,20,32,0,0,93,0
158587,63237584,20,74900229,20,62,2,0,139,0
467914,73178141,20,78408768,20,46,10,0,92,0
182407,31487262,20,58260564,20,130,4,0,81,0
211576,70760279,20,31455678,20,69,0,0,103,0
413195,93022114,20,54178276,20,61,1,0,108,0
52121,40286394,20,48674057,20,78,2,0,65,0
23247,60579398,20,75195995,20,31,0,0,84,0
85412,78683617,20,67532249,20,94,0,0,55,0
47525,76905203,20,52048679,20,76,0,0,73,0
315681,34486550,20,41562853,20,84,7,0,54,0
169135,41766358,20,54152358,20,73,0,0,85,0
371687,62968870,20,57090168,20,87,4,0,70,0
311790,55106029,20,54462561,20,78,2,0,100,0
396829,54577580,20,45635120,20,61,3,0,98,0
89874,66915508,20,49690180,20,35,0,0,75,0
373285,61564903,20,90969013,20,63,4,0,68,0
94600,65223242,20,75216644,20,106,1,0,118,0
78659,53878895,20,71627067,20,140,0,0,68,0
351083,64689066,20,59370838,20,85,1,0,53,0
512441,74249947,20,56721820,20,130,5,0,126,0
536466,63032525,20,58527900,20,59,9,0,126,0
461121,59051473,20,77703082,20,70,3,0,94,0
241022,50303296,20,41055005,20,90,0,0,123,0
606252,53477302,20,66861763,20,63,0,0,155,0
14137,69239281,20,58702835,20,163,0,0,94,0
295233,57849827,20,53683533,20,47,2,0,52,0
558625,59431400,20,75293095,20,73,1,0,203,0
69784,63570768,20,91634850,20,171,1,0,88,0
532108,45657648,20,40989829,20,137,0,0,73,0
222201,56515903,20,63073273,20,76,0,0,61,0
542313,96849786,20,72448965,20,103,6,0,63,0
185330,51252391,20,60839171,20,57,0,0,75,0
53742,74715287,20,64205739,20,42,0,0,102,0
176974,51404221,20,54140703,20,87,2,0,72,0
162229,85401826,20,52227776,20,57,3,0,98,0
67854,38173578,20,43996074,20,76,2,0,111,0
82169,61214505,20,44428113,20,100,0,0,87,0
58074,67167331,20,34681110,20,71,0,0,39,0
46262,64308657,20,41042072,20,80,2,0,74,0
265587,55225462,20,61702285,20,59,5,0,98,0
27038,64668219,20,78600351,20,43,2,0,91,0
256610,71816885,20,67616079,20,119,1,0,106,0
244581,68961581,20,60140238,20,93,0,0,64,0
250483,77227002,20,84212784,20,101,0,0,42,0
58939,42999880,20,75333147,20,114,0,0,62,0
303024,65733615,20,84219560,20,69,1,0,105,0
82750,44734632,20,75431077,20,82,1,0,102,0
45044,64836251,20,46956206,20,62,0,0,59,0
48620,69823907,20,64672302,20,61,0,0,96,0
249899,51713377,20,68663606,20,90,0,0,126,0
296593,64580594,20,51722530,20,126,3,0,128,0
258285,77795283,20,57296466,20,71,2,0,79,0
177299,59206637,20,49358961,20,75,2,0,65,0
210083,46389744,20,61649087,20,71,0,0,74,0
663273,80362349,20,58800976,20,63,2,0,49,0
842208,55962633,20,61936071,20,166,10,0,57,0
203217,56820950,20,82121118,20,93,4,0,95,0
145574,75104628,20,59984217,20,57,4,0,66,0
95398,48996603,20,49179672,20,92,3,0,101,0
432165,68056828,20,78258171,20,92,0,0,104,0
497688,66747044,20,59035050,20,43,1,0,113,0
535238,71167085,20,62538362,20,61,4,0,74,0
425615,48534503,20,79666050,20,85,2,0,79,0
600131,90224433,20,54457686,20,92,0,0,95,0
494195,55472642,20,79150434,20,123,10,0,100,0
247337,72296167,20,57525213,20,113,3,0,65,0
187737,78975878,20,65111513,20,32,1,0,93,0
379172,54527170,20,64283524,20,63,1,0,145,0
385408,66215607,20,46552735,20,102,0,0,146,0
175915,39369001,20,53460238,20,131,0,0,87,0
305248,82650576,20,58299296,20,78,3,0,51,0
183354,74799365,20,73967403,20,98,0,0,76,0
380609,66424857,20,73693992,20,122,0,0,76,0
30649,51613618,20,79927306,20,88,0,0,95,0
473998,64921749,20,53056695,20,107,0,0,92,0
25660,67212519,20,89421763,20,86,0,0,103,0
675202,76506691,20,32036247,20,87,3,0,123,0
8777,59073839,20,65454312,20,93,0,0,102,0
14415,63595103,20,64446573,20,55,0,0,64,0
255397,72359705,20,53788380,20,73,0,0,87,0
171440,53702559,20,51340906,20,90,0,0,79,0
300078,77611508,20,69375414,20,82,0,0,92,0
364034,60571366,20,61280378,20,94,0,0,50,0
32989,52709584,20,52434165,20,64,0,0,60,0
8607,53467384,20,61209767,20,82,0,0,59,0
221799,56976438,20,45964097,20,52,0,0,79,0
3907,66904831,20,55508733,20,81,0,0,72,0
104372,72773955,20,101867522,20,55,0,0,73,0
523473,42832444,20,81183817,20,56,5,0,90,0
1361203,71005347,20,66209762,20,99,5,0,93,0
22114,53618528,20,54581625,20,104,0,0,64,0
50157,46559331,20,80416778,20,91,1,0,62,0
109366,61451105,20,60431485,20,112,0,0,73,0
70136,43594980,20,91305791,20,108,0,0,80,0
145814,85113017,20,38059082,20,60,0,0,96,0
109713,69832067,20,65666932,20,81,1,0,148,0
147577,89773434,20,55563433,20,106,1,0,67,0
29144,61202814,20,39941881,20,73,0,0,78,0
345370,58422543,20,62202243,20,115,3,0,84,0
51445,42425836,20,45149185,20,93,0,0,64,0
107808,53998511,20,58570559,20,90,2,0,98,0
225331,34357155,20,56692093,20,91,1,0,99,0
154354,71782223,20,53976497,20,106,0,0,116,0
104394,36925054,20,69094851,20,72,0,0,91,0
235689,51483225,20,80620233,20,106,1,0,50,0
177991,66677808,20,76423869,20,80,0,0,69,0
510894,47049009,20,60330652,20,60,6,0,80,0
287775,65833467,20,61276276,20,60,2,0,88,0
160758,47296983,20,52773382,20,132,0,0,80,0
89247,72091333,20,40702896,20,63,0,0,131,0
506945,62312389,20,57816450,20,88,4,0,89,0
226352,60660812,20,59980363,20,71,0,0,93,0
5200,60075251,20,65261795,20,83,1,0,69,0
227131,56323459,20,61991847,20,65,2,0,85,0
573120,52917260,20,48945208,20,69,2,0,81,0
276989,46900686,20,51478189,20,54,1,0,53,0
223697,41400118,20,69219259,20,71,3,0,101,0
207797,83541749,20,46379693,20,152,1,0,55,0
710891,72282874,20,68826753,20,76,3,0,88,0
74139,77054763,20,38915182,20,72,1,0,100,0
129409,58453438,20,43394975,20,65,1,0,70,0
10588,64851970,20,69386577,20,104,0,0,74,0
304121,61605169,20,53615690,20,60,0,0,100,0
490775,74397510,20,57387404,20,78,3,0,58,0
85012,54240077,20,71409424,20,160,0,0,71,0
216341,51700312,20,73943677,20,68,1,0,123,0
105663,44296232,20,65443922,20,116,0,0,176,0
361339,44346675,20,64730030,20,88,5,0,87,0
12887,67645237,20,59237169,20,134,1,0,134,0
131789,54514283,20,76423516,20,72,2,0,44,0
83590,50899018,20,63512599,20,75,0,0,51,0
250013,55823210,20,56688834,20,85,0,0,86,0
173390,47090970,20,54092053,20,102,1,0,44,0
7679,51114575,20,54869711,20,93,0,0,57,0
131212,51709987,20,73369048,20,91,0,0,48,0
620093,80668592,20,63057667,20,97,2,0,98,0
500080,30747091,20,52886194,20,79,6,0,89,0
184111,35495009,20,50271848,20,43,3,0,58,0
65191,62362619,20,61667974,20,57,0,0,98,0
92924,38846683,20,37473809,20,120,1,0,96,0
171629,64142777,20,72448671,20,113,5,0,147,0
486156,55621863,20,68902763,20,91,2,0,123,0
315237,66343919,20,73284355,20,84,7,0,98,0
333563,76604310,20,48702979,20,52,7,0,54,0
141768,54468484,20,68127362,20,91,0,0,93,0
589072,46287883,20,85111935,20,48,1,0,90,0
142769,86203900,20,74625437,20,87,0,0,82,0
58723,59690514,20,81789283,20,61,0,0,92,0
144101,58803947,20,53490232,20,60,3,0,70,0
623910,61586864,20,43767522,20,89,4,0,90,0
219282,35929907,20,62488766,20,52,3,0,90,0
13886,79175977,20,55136998,20,89,0,0,84,0
617880,58800640,20,37117093,20,80,6,0,128,0
982495,64099827,20,72316507,20,69,0,0,102,0
433007,71374593,20,40448572,20,87,5,0,58,0
31394,65023347,20,55555466,20,44,0,0,66,0
80925,87092794,20,48741409,20,65,0,0,82,0
199410,53793968,20,102010419,20,70,0,0,58,0
313217,49638930,20,54131487,20,53,0,0,85,0
119294,40702560,20,38105156,20,116,1,0,79,0
269533,76438107,20,63580687,20,74,0,0,63,0
25907,53209785,20,61310376,20,117,0,0,63,0
88080,43735481,20,71750157,20,89,0,0,101,0
68129,64926053,20,66735554,20,61,0,0,42,0
558123,55846731,20,79278727,20,66,10,0,44,0
57285,52280911,20,55989556,20,38,0,0,39,0
435376,58273722,20,48427804,20,61,0,0,118,0
318321,45235969,20,71309725,20,76,4,0,140,0
90801,69957985,20,73445119,20,92,0,0,108,0
104931,61952550,20,68695231,20,146,0,0,66,0
12583,72990407,20,65194317,20,54,1,0,151,0
28333,50259933,20,73647344,20,110,1,0,127,0
530251,77250113,20,55669145,20,83,3,0,92,0
246252,68371846,20,54106376,20,62,0,0,75,0
180907,65146704,20,67080666,20,103,1,0,94,0
74797,74952293,20,45090437,20,87,0,0,126,0
67740,67141650,20,97709214,20,93,0,0,91,0
211764,71376537,20,67370752,20,64,0,0,64,0
572617,81172684,20,68393632,20,83,0,0,84,0
498611,91813064,20,62006906,20,95,4,0,95,0
639102,77630117,20,49671600,20,82,0,0,114,0
43085,70371253,20,51955448,20,103,0,0,67,0
299441,55292586,20,51101274,20,125,1,0,52,0
224345,78494554,20,62545842,20,107,1,0,124,0
343665,84374335,20,55775904,20,76,0,0,52,0
33588,54113320,20,58310564,20,126,1,0,82,0
7778,33527066,20,64970733,20,95,1,0,80,0
50826,66631420,20,49358357,20,142,0,0,65,0
177016,53132892,20,57809138,20,52,2,0,212,0
192792,102466679,20,64392017,20,83,3,0,62,0
415787,57295405,20,71986710,20,76,0,0,54,0
6553,44817447,20,72188080,20,84,0,0,49,0
276733,58812877,20,56914611,20,89,0,0,85,0
303907,80974050,20,57840752,20,113,6,0,91,0
205376,73776857,20,64907465,20,47,0,0,71,0
63653,46952447,20,30400687,20,90,0,0,75,0
381690,47409203,20,74924257,20,112,2,0,82,0
52370,63488280,20,46626058,20,121,2,0,71,0
51235,57009761,20,43895826,20,60,0,0,93,0
167287,41094408,20,73147357,20,73,1,0,125,0
223504,58282928,20,66190296,20,85,4,0,189,0
229683,61746670,20,60910700,20,97,0,0,94,0
74669,61665576,20,41208190,20,91,0,0,76,0
300839,62215106,20,53415515,20,98,0,0,75,0
161031,53745358,20,69444047,20,79,0,0,60,0
789988,65164366,20,86154274,20,88,7,0,46,0
47779,53871069,20,64727347,20,50,0,0,91,0
164476,61504795,20,51715860,20,52,0,0,113,0
61806,68297062,20,51777693,20,54,0,0,144,0
19397,65417870,20,75849028,20,69,0,0,94,0
167867,74397283,20,62487583,20,111,0,0,89,0
26073,43287840,20,71712047,20,55,0,0,40,0
247654,75624789,20,49277837,20,72,0,0,73,0
314730,48382648,20,73726681,20,110,2,0,84,0
228252,59297726,20,46521461,20,68,0,0,112,0
597064,52029673,20,56511846,20,121,2,0,86,0
300725,96464445,20,48612935,20,103,0,0,75,0
327662,66848619,20,67408207,20,89,7,0,92,0
234888,46117100,20,69469032,20,95,2,0,81,0
42974,64322921,20,64826973,20,55,0,0,94,0
52640,66462076,20,62363629,20,62,1,0,113,0
40404,61754463,20,50563801,20,61,2,0,64,0
237543,63060994,20,43096218,20,92,4,0,75,0
227702,81236753,20,60554984,20,76,0,0,106,0
320803,83018865,20,43285961,20,87,0,0,68,0
149663,47288191,20,39130441,20,98,1,0,48,0
17992,75675270,20,40864083,20,80,0,0,68,0
238167,51904485,20,63096801,20,46,7,0,74,0
76909,60255310,20,61143483,20,78,0,0,92,0
160891,44842305,20,48743442,20,79,1,0,90,0
53425,45864211,20,60017481,20,76,1,0,67,0
244501,48305890,20,63096500,20,63,0,0,83,0
258704,55051838,20,63880693,20,55,0,0,85,0
234706,84280614,20,50429915,20,122,0,0,99,0
57196,49839879,20,67957047,20,85,1,0,81,0
210767,61365504,20,51188422,20,118,2,0,67,0
266134,70092566,20,67327293,20,81,3,0,74,0
267295,41916823,20,43444437,20,102,1,0,83,0
30336,41758873,20,61861433,20,45,0,0,60,0
39359,55298510,20,52995698,20,70,0,0,75,0
138193,44698088,20,50384462,20,58,4,0,82,0
55188,39647227,20,76303442,20,106,0,0,67,0
120730,45258904,20,74713846,20,34,2,0,48,0
42161,73319382,20,50880488,20,46,0,0,108,0
306355,73598846,20,80042644,20,110,3,0,124,0
70283,48267336,20,47366384,20,83,0,0,74,0
347554,73917716,20,44740365,20,62,0,0,71,0
240993,55141850,20,53438261,20,66,1,0,101,0
45983,56836819,20,34536318,20,104,0,0,112,0
368382,70098956,20,70624267,20,100,6,0,131,0
463930,61206041,20,62152003,20,117,1,0,89,0
61808,46564195,20,44722213,20,118,0,0,129,0
328120,42104498,20,50777650,20,62,1,0,61,0
476464,52784025,20,65061812,20,127,0,0,120,0
195985,46635108,20,64980649,20,71,0,0,66,0
268222,61221338,20,56876980,20,40,6,0,65,0
136945,66479303,20,51023133,20,78,2,0,98,0
271864,53979936,20,49085963,20,89,0,0,92,0
633964,58824624,20,52222176,20,90,0,0,93,0
247803,44431918,20,42938014,20,84,4,0,99,0
288982,36658275,20,64563965,20,61,2,0,112,0
201746,57012161,20,52244669,20,97,0,0,114,0
57036,81816333,20,44971826,20,74,0,0,42,0
282285,91805984,20,47796810,20,69,0,0,124,0
77037,79140798,20,56199307,20,80,1,0,103,0
47999,57946612,20,63983042,20,79,0,0,69,0
329758,58585609,20,62492475,20,91,5,0,69,0
34045,64721613,20,67292612,20,75,0,0,130,0
91062,52881043,20,77481998,20,43,0,0,87,0
238204,61267504,20,47451896,20,126,3,0,91,0
19463,71959669,20,61148102,20,68,1,0,71,0
321876,59769086,20,57499514,20,71,2,0,71,0
19224,75551915,20,43556749,20,42,0,0,93,0
269718,47365850,20,54038233,20,65,2,0,115,0
43429,77025807,20,55035524,20,90,0,0,69,0
467977,55135057,20,73500691,20,118,4,0,84,0
195234,55754302,20,71311759,20,75,3,0,59,0
170462,76779046,20,47861501,20,107,0,0,109,0
8746,73791764,20,38658711,20,92,0,0,52,0
454448,52380775,20,56532737,20,79,7,0,76,0
173161,92128981,20,54530771,20,44,1,0,61,0
297411,70613114,20,92303659,20,81,8,0,52,0
308479,78265472,20,47184337,20,90,0,0,89,0
463782,43998887,20,79808160,20,64,5,0,107,0
523555,70942965,20,56314929,20,55,0,0,63,0
10892,65417201,20,92896243,20,107,0,0,123,0
205571,50211204,20,26313361,20,84,0,0,113,0
397305,65255269,20,79445691,20,95,5,0,50,0
16444,34912722,20,55073765,20,84,1,0,115,0
36817,69052286,20,52030740,20,82,0,0,81,0
458264,59699434,20,65243592,20,113,3,0,86,0
527048,53252785,20,59464988,20,101,5,0,69,0
18732,61904201,20,57748826,20,156,0,0,102,0
430934,47268941,20,67700544,20,72,5,0,81,0
211996,66253321,20,68692693,20,118,0,0,81,0
119175,31998621,20,71967577,20,108,3,0,105,0
516306,67341887,20,50417223,20,56,5,0,99,0
282403,74135383,20,92160453,20,92,0,0,61,0
256665,61389075,20,62408575,20,70,0,0,54,0
425092,64622965,20,46896288,20,83,3,0,115,0
129140,124441698,20,41293992,20,141,0,0,102,0
815265,96168557,20,55075154,20,108,0,0,143,0
106708,61676564,20,62800590,20,107,0,0,116,0
33969,50899111,20,56944604,20,69,0,0,91,0
233200,74302471,20,69250780,20,141,0,0,89,0
402179,51550795,20,49088963,20,86,5,0,70,0
154421,51093232,20,59662823,20,61,3,0,90,0
169972,46767875,20,63928017,20,86,0,0,122,0
81939,67113026,20,73698553,20,58,0,0,76,0
314230,46661346,20,82735778,20,57,2,0,88,0
216800,104735813,20,65669864,20,101,3,0,96,0
114611,59574172,20,56493681,20,93,0,0,84,0
333478,50119541,20,40879359,20,69,2,0,48,0
383198,41015738,20,66978401,20,63,2,0,103,0
107337,51092437,20,53575824,20,32,1,0,69,0
185831,48104957,20,52020173,20,56,3,0,79,0
125344,54381882,20,86770687,20,82,0,0,95,0
129989,57785289,20,48162414,20,64,1,0,75,0
427476,77127603,20,92330148,20,71,0,0,98,0
168605,53923865,20,39099283,20,41,0,0,101,0
296024,75934905,20,55762873,20,113,0,0,77,0
417364,64049499,20,54846396,20,80,0,0,103,0
132424,58153246,20,38552037,20,102,1,0,155,0
6034,40863775,20,56742271,20,47,0,0,132,0
339363,52735971,20,63048977,20,32,1,0,80,0
246388,62098457,20,68451789,20,79,3,0,65,0
526178,51247461,20,65996517,20,99,4,0,100,0
483655,48447927,20,65687424,20,84,1,0,84,0
333641,62718429,20,49243787,20,96,0,0,114,0
459995,58753420,20,66203658,20,84,5,0,76,0
266761,59780308,20,67421072,20,90,2,0,61,0
126867,65583515,20,49994887,20,82,0,0,65,0
313074,60573432,20,84075111,20,70,4,0,124,0
163605,57848674,20,69169998,20,123,1,0,51,0
113338,47011223,20,59167749,20,64,0,0,99,0
545847,55115471,20,59561233,20,57,0,0,69,0
703735,61778547,20,72705735,20,51,6,0,108,0
10791,45040989,20,48348383,20,137,0,0,45,0
119152,51095623,20,83053204,20,97,4,0,74,0
446488,66237489,20,67414273,20,116,0,0,146,0
51571,46444612,20,91878662,20,71,0,0,64,0
556426,64824383,20,47455967,20,69,0,0,84,0
4794,100491714,20,40688859,20,86,0,0,124,0
56834,53583522,20,61804379,20,167,0,0,93,0
75589,49540718,20,79895077,20,121,0,0,42,0
175199,54693466,20,50995575,20,110,0,0,86,0
384992,79202081,20,70003385,20,86,2,0,94,0
163901,50883753,20,30391511,20,67,0,0,85,0
245317,70236071,20,70762334,20,79,3,0,42,0
157142,80559205,20,44525714,20,54,0,0,87,0
10430,59664482,20,59513510,20,101,0,0,79,0
99707,54313080,20,81828253,20,106,3,0,85,0
211789,56973714,20,44608321,20,121,1,0,70,0
1067775,32996595,20,87055615,20,71,10,0,69,0
105311,90355963,20,50589437,20,76,0,0,78,0
44113,60596978,20,57649602,20,65,0,0,52,0
11726,50574740,20,26639808,20,100,0,0,97,0
217865,65193429,20,48460179,20,47,2,0,130,0
384247,62445226,20,58238199,20,107,5,0,111,0
12732,43550584,20,46584630,20,76,0,0,107,0
120521,65451539,20,81392699,20,83,1,0,65,0
988227,56067456,20,75857591,20,114,4,0,107,0
636778,72595220,20,58659836,20,41,5,0,78,0
8292,46104506,20,55841176,20,60,0,0,109,0
173022,66331099,20,57428047,20,40,0,0,70,0
639823,70143190,20,32783138,20,83,0,0,43,0
22543,54631291,20,51416617,20,96,1,0,79,0
244213,87207064,20,82635950,20,113,5,0,95,0
510262,47863820,20,77424318,20,94,2,0,124,0
201501,41256742,20,58780675,20,112,2,0,107,0
98272,60413302,20,75416838,20,79,0,0,103,0
162839,70499682,20,83276737,20,91,1,0,120,0
275718,42270421,20,51035098,20,118,0,0,43,0
721756,48424098,20,63188641,20,78,7,0,63,0
280136,73262081,20,61238136,20,86,2,0,46,0
37827,65386246,20,59045864,20,134,0,0,62,0
164011,56242598,20,41472489,20,86,2,0,60,0
513079,60055777,20,40059968,20,101,1,0,106,0
147826,40476567,20,45928861,20,62,2,0,111,0
305490,64078443,20,56635346,20,53,0,0,99,0
407486,53743506,20,32159067,20,127,0,0,118,0
859454,54651510,20,64834890,20,103,5,0,107,0
121334,54360419,20,43993464,20,101,0,0,110,0
444531,62277417,20,76532690,20,73,5,0,101,0
238839,61587694,20,80038567,20,105,2,0,72,0
297934,71702276,20,59956912,20,60,3,0,103,0
169908,55116851,20,48692169,20,80,1,0,79,0
687324,51444176,20,56685106,20,96,2,0,66,0
750323,71291636,20,48908180,20,50,0,0,171,0
330059,46485649,20,41664946,20,53,0,0,57,0
124359,49507085,20,52762685,20,74,0,0,56,0
774776,79490340,20,79127723,20,94,5,0,114,0
802846,72390146,20,76030023,20,78,6,0,58,0
81207,65354079,20,70717882,20,93,1,0,126,0
49579,69201693,20,57583881,20,77,2,0,106,0
361220,48335600,20,92130788,20,108,3,0,78,0
213208,67477789,20,75162262,20,105,1,0,124,0
209197,52082366,20,63503831,20,127,3,0,82,0
115123,67009488,20,53147310,20,47,2,0,89,0
315056,59021276,20,62973297,20,87,0,0,153,0
13820,74017681,20,75812733,20,153,0,0,85,0
71291,45569339,20,66203469,20,178,1,0,114,0
516824,71457409,20,69546563,20,108,2,0,88,0
127863,47397361,20,53904026,20,132,1,0,71,0
68793,46083579,20,55235202,20,84,1,0,83,0
1027166,75003284,20,82628614,20,93,12,0,79,0
277457,66976938,20,69779771,20,33,1,0,60,0
169030,43938221,20,84133095,20,73,6,0,71,0
533749,73431599,20,67368727,20,32,3,0,81,0
199343,61620859,20,74606131,20,104,0,0,87,0
700600,89236218,20,76493850,20,111,7,0,106,0
117386,40338517,20,47709878,20,99,1,0,61,0
437223,55992872,20,63124882,20,101,0,0,81,0
667522,71152588,20,52145670,20,108,0,0,101,0
160589,56093877,20,44920339,20,103,0,0,72,0
282009,74145455,20,80048585,20,113,2,0,91,0
127496,69996111,20,50439331,20,104,0,0,52,0
480411,86253204,20,54243958,20,72,2,0,108,0
221330,67563416,20,62626434,20,113,4,0,66,0
24788,73703599,20,74487424,20,97,1,0,54,0
477095,58251918,20,57348302,20,64,1,0,74,0
54855,34216604,20,75922477,20,91,0,0,67,0
217801,57376348,20,68776019,20,75,1,0,57,0
302728,50635412,20,64058708,20,114,3,0,80,0
322021,39431931,20,52867173,20,95,0,0,61,0
145781,50305230,20,77717410,20,107,3,0,127,0
7770,64220995,20,50527648,20,89,1,0,131,0
17792,76662333,20,54132886,20,103,3,0,96,0
170997,67325344,20,78179612,20,102,0,0,101,0
56594,32272824,20,55595477,20,49,0,0,100,0
28863,77386560,20,77120003,20,109,0,0,56,0
119415,66372254,20,77258952,20,62,0,0,100,0
103895,57822651,20,97290703,20,85,3,0,65,0
369415,64898974,20,55611221,20,84,0,0,75,0
330478,63289579,20,67913771,20,74,4,0,100,0
230132,55005264,20,77059535,20,121,0,0,120,0
244573,68636081,20,47321946,20,141,0,0,95,0
388070,58549409,20,52622197,20,134,3,0,72,0
234169,62684158,20,54687688,20,93,0,0,124,0
197867,96256304,20,62055210,20,61,1,0,106,0
60950,64411693,20,45843654,20,63,0,0,126,0
348174,69475797,20,53186753,20,61,2,0,65,0
364157,41162334,20,51009963,20,59,3,0,76,0
110832,89956227,20,61323092,20,74,0,0,56,0
15465,62253593,20,42607289,20,69,0,0,85,0
179916,76582205,20,68284891,20,56,0,0,88,0
191946,75783374,20,55079302,20,71,3,0,84,0
67995,87812051,20,64743691,20,36,0,0,98,0
569871,65363673,20,39995628,20,100,1,0,72,0
261041,80170886,20,77332672,20,58,3,0,33,0
220068,61815295,20,61014452,20,74,1,0,46,0
368858,68830618,20,86900453,20,63,0,0,77,0
107888,81401021,20,51186790,20,108,1,0,46,0
167810,61211872,20,55713465,20,109,0,0,80,0
483618,63356250,20,67610981,20,64,8,0,94,0
119964,42511690,20,52735777,20,115,0,0,99,0
24502,54003100,20,52176671,20,72,0,0,47,0
127745,41774062,20,62492467,20,68,5,0,72,0
27902,58438837,20,47088717,20,67,0,0,63,0
130645,68489782,20,63025350,20,108,0,0,78,0
47629,39292046,20,60904386,20,73,1,0,84,0
81460,54471226,20,60369578,20,113,0,0,61,0
225938,77873165,20,53171608,20,94,1,0,78,0
290121,46610595,20,68411994,20,120,3,0,65,0
18407,57931947,20,59046796,20,75,0,0,85,0
217849,30573902,20,77197806,20,93,1,0,72,0
573756,71862826,20,57476324,20,63,4,0,109,0
97614,63594439,20,66340393,20,117,1,0,41,0
438349,82084895,20,72866781,20,73,3,0,80,0
70962,96313599,20,65518226,20,50,2,0,56,0
70048,69338081,20,52195381,20,50,1,0,74,0
489733,45842674,20,72945000,20,60,3,0,137,0
79282,62784566,20,82256665,20,111,0,0,78,0
58602,30608029,20,61497845,20,109,0,0,102,0
53633,60042352,20,48380120,20,44,1,0,116,0
32268,64811122,20,84226554,20,43,0,0,81,0
244824,54686745,20,56449409,20,118,0,0,95,0
120681,49678821,20,48585935,20,54,0,0,68,0
36259,66618231,20,71250273,20,79,0,0,50,0
397713,40548351,20,57491103,20,79,3,0,121,0
22167,54554557,20,64048924,20,98,1,0,69,0
432631,63904786,20,75768582,20,121,0,0,52,0
177235,42547668,20,83508186,20,105,0,0,180,0
435397,68664761,20,47766769,20,125,0,0,67,0
408487,56012668,20,58056701,20,109,1,0,58,0
63847,44746673,20,43218852,20,70,1,0,86,0
219172,88353288,20,70304649,20,79,1,0,68,0
403862,45143676,20,82678386,20,107,3,0,86,0
324389,52952982,20,72517137,20,113,2,0,64,0
80123,66977474,20,48995164,20,66,0,0,135,0
244194,49649365,20,76480494,20,41,3,0,140,0
87089,39315148,20,64381306,20,102,2,0,58,0
300405,76156934,20,60121186,20,127,2,0,103,0
373821,43815005,20,90287696,20,74,4,0,58,0
298789,51414511,20,48367482,20,112,0,0,90,0
357789,47908467,20,76933728,20,87,2,0,89,0
478512,66325339,20,57402601,20,66,0,0,69,0
552128,50075703,20,90803495,20,94,5,0,67,0
17054,39333716,20,54271383,20,90,1,0,135,0
568152,71786636,20,54809329,20,92,0,0,83,0
30653,39732420,20,63903185,20,64,0,0,73,0
759825,66805112,20,78590061,20,95,5,0,62,0
82838,47655711,20,60284070,20,66,0,0,105,0
102186,59722434,20,46451659,20,120,0,0,82,0
23763,86359408,20,69458849,20,100,0,0,134,0
90764,49321434,20,46066148,20,65,0,0,72,0
253320,96559283,20,54132694,20,72,1,0,100,0
272829,52034511,20,85572737,20,61,0,0,76,0
7382,45900308,20,47951785,20,77,0,0,85,0
492875,64342531,20,62654333,20,120,9,0,111,0
65717,69170508,20,38786298,20,106,0,0,45,0
552610,63862401,20,73901813,20,104,2,0,94,0
269484,46242298,20,67626353,20,66,2,0,46,0
140950,61367143,20,41120880,20,75,1,0,87,0
192030,57558970,20,54730468,20,93,0,0,96,0
36697,39579798,20,55035675,20,91,0,0,40,0
122962,52487176,20,80766637,20,69,1,0,67,0
7801,63517452,20,51500792,20,67,0,0,36,0
379218,57240121,20,71052021,20,122,0,0,114,0
56887,43988547,20,69089047,20,87,0,0,70,0
447407,38717737,20,84133858,20,57,11,0,63,0
55724,60112273,20,63378175,20,75,0,0,43,0
9323,44512434,20,47182153,20,90,0,0,63,0
18574,63151267,20,52495003,20,75,0,0,71,0
77509,58027819,20,47726820,20,61,1,0,113,0
333456,49966991,20,73703726,20,82,2,0,75,0
340813,59206415,20,75873129,20,54,6,0,99,0
578462,81939486,20,86460004,20,113,0,0,87,0
472076,63995048,20,62986488,20,84,7,0,85,0
318997,74311808,20,65107464,20,84,7,0,66,0
238586,41313439,20,44646699,20,67,0,0,65,0
61017,70621455,20,59802601,20,88,2,0,73,0
341213,47409349,20,70207683,20,137,6,0,75,0
435570,65193962,20,51201640,20,53,1,0,79,0
114500,49725207,20,54421844,20,108,1,0,81,0
20080,73569006,20,65457657,20,84,0,0,81,0
90003,61618039,20,33624966,20,59,0,0,89,0
396399,48845578,20,72611659,20,126,3,0,71,0
94356,67787358,20,60891828,20,69,1,0,68,0
85682,52435099,20,50700309,20,69,0,0,50,0
305613,63515265,20,45324987,20,63,0,0,85,0
112268,38921572,20,63512858,20,97,4,0,103,0
14043,46340468,20,29732281,20,109,0,0,75,0
823824,50568108,20,83959633,20,104,12,0,62,0
105490,60795155,20,48002930,20,58,0,0,85,0
72705,40171970,20,76927998,20,99,0,0,72,0
903138,58765534,20,72388423,20,104,8,0,68,0
90958,52330434,20,74212537,20,88,1,0,74,0
270122,47952116,20,54470886,20,89,1,0,53,0
75085,88945341,20,61475712,20,100,0,0,48,0
547283,88025460,20,54092921,20,75,3,0,99,0
133011,51308741,20,59847637,20,91,3,0,90,0
144800,64581296,20,36159899,20,72,0,0,132,0
621281,80925873,20,54369386,20,90,5,0,59,0
941956,74960993,20,66260167,20,55,1,0,74,0
22880,55329180,20,59868553,20,52,0,0,50,0
288871,49587898,20,68500994,20,99,1,0,70,0
108942,50950932,20,58189452,20,88,0,0,123,0
103311,43533069,20,44770357,20,104,0,0,109,0
350352,66011652,20,77861969,20,104,3,0,52,0
110300,45787302,20,62494912,20,88,0,0,132,0
233234,55646860,20,56069887,20,81,1,0,95,0
58728,56786007,20,47652736,20,86,0,0,86,0
589262,66462378,20,53351568,20,84,0,0,81,0
201303,69278697,20,71858510,20,104,0,0,115,0
185794,54672986,20,72425847,20,44,0,0,76,0
124219,70064516,20,86073218,20,78,0,0,86,0
181661,71588814,20,77034856,20,32,0,0,106,0
8727,70741533,20,59959923,20,98,0,0,43,0
147535,47229173,20,55476996,20,96,0,0,85,0
40654,53707938,20,75397642,20,96,0,0,59,0
223635,34903645,20,44137224,20,73,0,0,61,0
1225817,80799618,20,56903535,20,97,1,0,111,0
258748,90295009,20,61065549,20,106,0,0,105,0
220607,74509162,20,63026523,20,120,1,0,71,0
89567,55753175,20,68921009,20,107,0,0,77,0
273711,46129596,20,49152903,20,85,2,0,78,0
337234,47711000,20,47165470,20,77,0,0,92,0
263995,52763602,20,76200220,20,94,1,0,66,0
124251,40617470,20,62490057,20,116,0,0,59,0
16189,61718558,20,38022515,20,72,0,0,81,0
17607,40653165,20,64763141,20,39,0,0,73,0
27835,54896000,20,48266388,20,111,0,0,87,0
165051,59640458,20,55049251,20,81,1,0,76,0
57057,70062757,20,62834637,20,71,0,0,109,0
167913,49696926,20,63923570,20,105,0,0,62,0
193007,77864795,20,48793391,20,117,1,0,72,0
18395,67221178,20,55339518,20,68,0,0,139,0
6272,43097585,20,52954311,20,71,1,0,74,0
33431,56729342,20,61493890,20,61,0,0,81,0
24361,70282117,20,62318013,20,71,0,0,94,0
358214,82843059,20,76343624,20,71,0,0,83,0
100438,78322145,20,70910187,20,119,1,0,71,0
476291,100073959,20,47021992,20,86,0,0,104,0
80913,48679571,20,52742923,20,61,0,0,73,0
304243,84907753,20,49772840,20,98,0,0,82,0
7013,63937524,20,45482658,20,71,0,0,66,0
52494,77937953,20,75094683,20,89,0,0,87,0
530838,69193210,20,49806407,20,136,4,0,173,0
44486,55713717,20,53228626,20,53,0,0,118,0
939091,66994298,20,69948037,20,50,1,0,154,0
172714,59283153,20,73212671,20,97,0,0,122,0
304626,51081869,20,82559210,20,87,1,0,90,0
225838,38904737,20,82375948,20,85,0,0,79,0
39828,83177668,20,58676980,20,59,0,0,65,0
349975,66253391,20,39374852,20,70,4,0,67,0
70379,33621023,20,48780114,20,97,0,0,68,0
532881,58993498,20,76901867,20,74,0,0,55,0
221708,50112440,20,46495503,20,40,0,0,93,0
79612,67358804,20,89656317,20,79,1,0,99,0
213525,46556453,20,80504072,20,78,3,0,69,0
732412,65811125,20,62032738,20,55,1,0,69,0
138591,71206321,20,50678369,20,84,0,0,45,0
203376,71379257,20,91526624,20,66,2,0,102,0
207631,61607880,20,54553376,20,99,0,0,70,0
257069,57199358,20,66617182,20,56,3,0,42,0
159483,50690291,20,71748794,20,114,0,0,101,0
117211,75033513,20,39002678,20,62,2,0,98,0
399469,76080859,20,49383813,20,112,0,0,97,0
1260216,82927064,20,70056513,20,47,3,0,92,0
159426,38416691,20,67866360,20,94,1,0,144,0
460968,88138476,20,36872716,20,93,0,0,77,0
561167,89399725,20,60648414,20,51,6,0,36,0
153849,88275132,20,51232394,20,115,0,0,80,0
196175,45811287,20,70176926,20,66,2,0,123,0
337067,30826991,20,61069941,20,159,3,0,138,0
107658,58215919,20,45021637,20,90,1,0,45,0
374197,47422741,20,46079439,20,106,4,0,94,0
167906,49223255,20,52162557,20,41,0,0,97,0
448451,79201491,20,61641061,20,73,0,0,73,0
66606,50623249,20,75755523,20,113,0,0,111,0
12003,48777104,20,64967251,20,64,0,0,77,0
265753,60264360,20,58697741,20,50,0,0,46,0
134987,40465148,20,49163483,20,85,2,0,109,0
108835,56298341,20,30989505,20,115,0,0,97,0
317964,55990093,20,60407372,20,59,1,0,52,0
366607,68521691,20,49954425,20,53,1,0,106,0
22117,67464378,20,59231474,20,69,0,0,62,0
339041,77477352,20,79892953,20,91,1,0,54,0
840741,85658949,20,76890259,20,74,12,0,146,0
255492,50069160,20,54222778,20,44,0,0,84,0
617394,78898327,20,80617555,20,80,6,0,93,0
11387,35405987,20,51734651,20,50,0,0,90,0
106128,61097857,20,59651985,20,51,3,0,91,0
169194,44757345,20,72430574,20,157,0,0,121,0
124425,73692969,20,51072740,20,76,0,0,130,0
205381,86637952,20,58772713,20,86,0,0,81,0
426262,42922376,20,52646010,20,100,3,0,77,0
154733,44059475,20,54527029,20,152,1,0,83,0
292133,67095933,20,35926689,20,105,0,0,88,0
238668,43797796,20,85909108,20,157,0,0,88,0
13191,57253161,20,48694439,20,116,0,0,56,0
1360047,74579245,20,96282348,20,76,7,0,94,0
288501,66868598,20,63897344,20,95,0,0,93,0
9200,69584422,20,30576773,20,138,0,0,51,0
72389,32549518,20,64071712,20,65,2,0,103,0
230724,45227947,20,56684917,20,72,1,0,107,0
123791,44955455,20,57896711,20,97,0,0,63,0
231339,86773646,20,46189047,20,99,0,0,104,0
38410,39603871,20,49278412,20,68,0,0,108,0
137138,65185643,20,49589114,20,99,0,0,146,0
8666,38524862,20,59790902,20,55,0,0,134,0
278685,42479765,20,49352118,20,105,0,0,86,0
572861,48394670,20,89182957,20,151,6,0,101,0
189060,58872078,20,55436804,20,77,0,0,75,0
159054,66097507,20,49932748,20,58,3,0,82,0
25183,43650632,20,50703027,20,52,0,0,82,0
43641,73595936,20,40766015,20,82,1,0,50,0
22414,34876805,20,62454902,20,92,0,0,54,0
211454,42725534,20,81414330,20,73,0,0,65,0
60146,61397039,20,59086030,20,47,0,0,63,0
459348,61135409,20,65710428,20,154,1,0,127,0
184443,64983208,20,55355951,20,103,5,0,125,0
437996,46968019,20,50183809,20,62,5,0,102,0
221456,39033642,20,40524706,20,87,3,0,109,0
79410,43651247,20,74033826,20,56,1,0,52,0
307857,59683389,20,48535609,20,64,2,0,67,0
139776,47165022,20,36945721,20,102,0,0,54,0
6180,39781144,20,55999283,20,63,0,0,58,0
342539,71146686,20,73640938,20,97,7,0,107,0
37629,68389440,20,76933155,20,116,0,0,75,0
55870,71321991,20,65701281,20,83,0,0,128,0
179267,40138206,20,65714116,20,102,1,0,102,0
640205,80848842,20,64367966,20,107,7,0,117,0
654197,69568609,20,74213407,20,100,0,0,44,0
423847,74160345,20,74863953,20,101,6,0,156,0
66022,62338292,20,67089645,20,87,0,0,54,0
408914,71432121,20,56541786,20,54,1,0,122,0
464651,56424573,20,50643911,20,65,5,0,92,0
1054046,66481970,20,94210430,20,71,9,0,70,0
59489,91248476,20,73899227,20,85,0,0,86,0
279202,85029080,20,54960892,20,78,1,0,75,0
177498,53360761,20,65655414,20,71,2,0,106,0
387971,68180015,20,69721845,20,49,2,0,77,0
426339,44768304,20,55195056,20,101,2,0,113,0
368919,42009576,20,55898915,20,70,6,0,109,0
307004,66757805,20,66522931,20,47,0,0,46,0
196283,44934375,20,50778216,20,111,0,0,73,0
233491,57264049,20,58874351,20,109,1,0,94,0
62508,45651600,20,82621184,20,73,0,0,42,0
145633,55765895,20,67106641,20,35,2,0,79,0
728276,75463940,20,52906412,20,102,12,0,57,0
443150,77000149,20,63315183,20,75,1,0,164,0
35026,63585343,20,60528014,20,50,1,0,77,0
406393,82612466,20,95606649,20,93,1,0,115,0
266623,46881229,20,59512238,20,75,1,0,75,0
156745,52107725,20,76494366,20,101,0,0,80,0
427003,82005802,20,60273781,20,66,0,0,148,0
6229,44409894,20,64453338,20,27,0,0,62,0
260414,46691125,20,53848013,20,115,0,0,95,0
618901,64280741,20,77368449,20,45,1,0,100,0
479305,57929948,20,65753062,20,71,5,0,51,0
97957,72575382,20,76809658,20,71,1,0,79,0
143904,88374455,20,70516166,20,58,4,0,89,0
283012,92339112,20,86879081,20,107,0,0,86,0
634747,106567955,20,61415820,20,97,5,0,73,0
77615,72472808,20,53996798,20,51,0,0,78,0
222630,42194800,20,55627025,20,89,0,0,97,0
811509,39012117,20,78841131,20,54,12,0,134,0
39358,39736864,20,61642344,20,102,0,0,105,0
111326,70420883,20,81165049,20,70,2,0,136,0
146670,61490046,20,64546031,20,61,0,0,87,0
208047,47988381,20,67881807,20,76,0,0,30,0
335043,78506310,20,58873547,20,107,1,0,45,0
203166,82505650,20,64405606,20,84,0,0,75,0
574771,54744815,20,73168949,20,107,6,0,90,0
