717596,0,0,0,0,0,0,0
931993,0,0,0,0,0,0,0
230404,0,0,0,0,0,0,0
444015,0,0,0,0,0,0,0
153536,0,0,0,0,0,0,0
114737,0,0,0,0,0,0,0
108279,0,0,0,0,0,0,0
396407,0,0,0,0,0,0,0
296384,0,0,0,0,0,0,0
926123,0,0,0,0,0,0,0
296189,0,0,0,0,0,0,0
114209,0,0,0,0,0,0,0
313507,0,0,0,0,0,0,0
564556,0,0,0,0,0,0,0
387786,0,0,0,0,0,0,0
157492,0,0,0,0,0,0,0
336580,0,0,0,0,0,0,0
735015,0,0,0,0,0,0,0
572743,0,0,0,0,0,0,0
372022,0,0,0,0,0,0,0
240617,0,0,0,0,0,0,0
483514,0,0,0,0,0,0,0
87573,0,0,0,0,0,0,0
229843,0,0,0,0,0,0,0
793502,0,0,0,0,0,0,0
510398,0,0,0,0,0,0,0
1226666,0,0,0,0,0,0,0
251226,0,0,0,0,0,0,0
197560,0,0,0,0,0,0,0
227697,0,0,0,0,0,0,0
839922,0,0,0,0,0,0,0
908537,0,0,0,0,0,0,0
1186481,0,0,0,0,0,0,0
227360,0,0,0,0,0,0,0
630059,0,0,0,0,0,0,0
880909,0,0,0,0,0,0,0
184450,0,0,0,0,0,0,0
469516,0,0,0,0,0,0,0
503324,0,0,0,0,0,0,0
490570,0,0,0,0,0,0,0
462083,0,0,0,0,0,0,0
143715,0,0,0,0,0,0,0
278518,0,0,0,0,0,0,0
380215,0,0,0,0,0,0,0
157230,0,0,0,0,0,0,0
293378,0,0,0,0,0,0,0
155384,0,0,0,0,0,0,0
422282,0,0,0,0,0,0,0
240398,0,0,0,0,0,0,0
115280,0,0,0,0,0,0,0
217708,0,0,0,0,0,0,0
318187,0,0,0,0,0,0,0
226642,0,0,0,0,0,0,0
297577,0,0,0,0,0,0,0
9296,0,0,0,0,0,0,0
333209,0,0,0,0,0,0,0
409790,0,0,0,0,0,0,0
343267,0,0,0,0,0,0,0
99560,0,0,0,0,0,0,0
237953,0,0,0,0,0,0,0
193802,0,0,0,0,0,0,0
94766,0,0,0,0,0,0,0
116187,0,0,0,0,0,0,0
262462,0,0,0,0,0,0,0
216742,0,0,0,0,0,0,0
399801,0,0,0,0,0,0,0
604880,0,0,0,0,0,0,0
209302,0,0,0,0,0,0,0
44171,0,0,0,0,0,0,0
343887,0,0,0,0,0,0,0
575078,0,0,0,0,0,0,0
57288,0,0,0,0,0,0,0
590260,0,0,0,0,0,0,0
27139,0,0,0,0,0,0,0
122091,0,0,0,0,0,0,0
709388,0,0,0,0,0,0,0
456568,0,0,0,0,0,0,0
650733,0,0,0,0,0,0,0
258936,0,0,0,0,0,0,0
352315,0,0,0,0,0,0,0
785303,0,0,0,0,0,0,0
717767,0,0,0,0,0,0,0
74007,0,0,0,0,0,0,0
332372,0,0,0,0,0,0,0
510308,0,0,0,0,0,0,0
641141,0,0,0,0,0,0,0
297881,0,0,0,0,0,0,0
932359,0,0,0,0,0,0,0
132644,0,0,0,0,0,0,0
188375,0,0,0,0,0,0,0
884310,0,0,0,0,0,0,0
340128,0,0,0,0,0,0,0
241381,0,0,0,0,0,0,0
207023,0,0,0,0,0,0,0
112171,0,0,0,0,0,0,0
343381,0,0,0,0,0,0,0
305222,0,0,0,0,0,0,0
271519,0,0,0,0,0,0,0
404714,0,0,0,0,0,0,0
394499,0,0,0,0,0,0,0
412350,0,0,0,0,0,0,0
204973,0,0,0,0,0,0,0
163624,0,0,0,0,0,0,0
507706,0,0,0,0,0,0,0
338856,0,0,0,0,0,0,0
531210,0,0,0,0,0,0,0
55626,0,0,0,0,0,0,0
200105,0,0,0,0,0,0,0
308716,0,0,0,0,0,0,0
255466,0,0,0,0,0,0,0
580371,0,0,0,0,0,0,0
395159,0,0,0,0,0,0,0
1044050,0,0,0,0,0,0,0
196066,0,0,0,0,0,0,0
55116,0,0,0,0,0,0,0
19278,0,0,0,0,0,0,0
362044,0,0,0,0,0,0,0
1009450,0,0,0,0,0,0,0
199964,0,0,0,0,0,0,0
118385,0,0,0,0,0,0,0
223274,0,0,0,0,0,0,0
135979,0,0,0,0,0,0,0
89703,0,0,0,0,0,0,0
118440,0,0,0,0,0,0,0
1111493,0,0,0,0,0,0,0
600077,0,0,0,0,0,0,0
450066,0,0,0,0,0,0,0
537570,0,0,0,0,0,0,0
623036,0,0,0,0,0,0,0
609761,0,0,0,0,0,0,0
568460,0,0,0,0,0,0,0
283614,0,0,0,0,0,0,0
341197,0,0,0,0,0,0,0
293810,0,0,0,0,0,0,0
137526,0,0,0,0,0,0,0
1134412,0,0,0,0,0,0,0
534840,0,0,0,0,0,0,0
263040,0,0,0,0,0,0,0
176148,0,0,0,0,0,0,0
375051,0,0,0,0,0,0,0
452040,0,0,0,0,0,0,0
215054,0,0,0,0,0,0,0
63357,0,0,0,0,0,0,0
277928,0,0,0,0,0,0,0
143043,0,0,0,0,0,0,0
420707,0,0,0,0,0,0,0
51913,0,0,0,0,0,0,0
155675,0,0,0,0,0,0,0
312804,0,0,0,0,0,0,0
478045,0,0,0,0,0,0,0
318715,0,0,0,0,0,0,0
293761,0,0,0,0,0,0,0
105380,0,0,0,0,0,0,0
254277,0,0,0,0,0,0,0
147416,0,0,0,0,0,0,0
176598,0,0,0,0,0,0,0
955607,0,0,0,0,0,0,0
138158,0,0,0,0,0,0,0
306861,0,0,0,0,0,0,0
279649,0,0,0,0,0,0,0
1143078,0,0,0,0,0,0,0
335901,0,0,0,0,0,0,0
962228,0,0,0,0,0,0,0
204667,0,0,0,0,0,0,0
890095,0,0,0,0,0,0,0
189958,0,0,0,0,0,0,0
223831,0,0,0,0,0,0,0
324805,0,0,0,0,0,0,0
206969,0,0,0,0,0,0,0
14762,0,0,0,0,0,0,0
335541,0,0,0,0,0,0,0
60090,0,0,0,0,0,0,0
299631,0,0,0,0,0,0,0
219746,0,0,0,0,0,0,0
241459,0,0,0,0,0,0,0
32402,0,0,0,0,0,0,0
371156,0,0,0,0,0,0,0
589530,0,0,0,0,0,0,0
889644,0,0,0,0,0,0,0
134156,0,0,0,0,0,0,0
897072,0,0,0,0,0,0,0
190410,0,0,0,0,0,0,0
151337,0,0,0,0,0,0,0
199359,0,0,0,0,0,0,0
702218,0,0,0,0,0,0,0
408760,0,0,0,0,0,0,0
606045,0,0,0,0,0,0,0
614105,0,0,0,0,0,0,0
48322,0,0,0,0,0,0,0
166238,0,0,0,0,0,0,0
269793,0,0,0,0,0,0,0
453428,0,0,0,0,0,0,0
183672,0,0,0,0,0,0,0
230240,0,0,0,0,0,0,0
958462,0,0,0,0,0,0,0
593640,0,0,0,0,0,0,0
133504,0,0,0,0,0,0,0
354527,0,0,0,0,0,0,0
311662,0,0,0,0,0,0,0
115745,0,0,0,0,0,0,0
42021,0,0,0,0,0,0,0
124013,0,0,0,0,0,0,0
294612,0,0,0,0,0,0,0
470384,0,0,0,0,0,0,0
183803,0,0,0,0,0,0,0
258434,0,0,0,0,0,0,0
407349,0,0,0,0,0,0,0
130503,0,0,0,0,0,0,0
170338,0,0,0,0,0,0,0
192129,0,0,0,0,0,0,0
514888,0,0,0,0,0,0,0
809959,0,0,0,0,0,0,0
276708,0,0,0,0,0,0,0
291373,0,0,0,0,0,0,0
415101,0,0,0,0,0,0,0
130756,0,0,0,0,0,0,0
796336,0,0,0,0,0,0,0
440042,0,0,0,0,0,0,0
54545,0,0,0,0,0,0,0
598896,0,0,0,0,0,0,0
191612,0,0,0,0,0,0,0
10535,0,0,0,0,0,0,0
592426,0,0,0,0,0,0,0
480531,0,0,0,0,0,0,0
191018,0,0,0,0,0,0,0
155581,0,0,0,0,0,0,0
152785,0,0,0,0,0,0,0
231946,0,0,0,0,0,0,0
128572,0,0,0,0,0,0,0
37473,0,0,0,0,0,0,0
1077787,0,0,0,0,0,0,0
1482140,0,0,0,0,0,0,0
213556,0,0,0,0,0,0,0
527419,0,0,0,0,0,0,0
93257,0,0,0,0,0,0,0
244871,0,0,0,0,0,0,0
152035,0,0,0,0,0,0,0
18013,0,0,0,0,0,0,0
155820,0,0,0,0,0,0,0
83199,0,0,0,0,0,0,0
266426,0,0,0,0,0,0,0
298671,0,0,0,0,0,0,0
109222,0,0,0,0,0,0,0
141591,0,0,0,0,0,0,0
875375,0,0,0,0,0,0,0
540633,0,0,0,0,0,0,0
408643,0,0,0,0,0,0,0
712776,0,0,0,0,0,0,0
754975,0,0,0,0,0,0,0
149184,0,0,0,0,0,0,0
422220,0,0,0,0,0,0,0
225196,0,0,0,0,0,0,0
589207,0,0,0,0,0,0,0
258131,0,0,0,0,0,0,0
229679,0,0,0,0,0,0,0
32087,0,0,0,0,0,0,0
433234,0,0,0,0,0,0,0
133428,0,0,0,0,0,0,0
553900,0,0,0,0,0,0,0
456317,0,0,0,0,0,0,0
19503,0,0,0,0,0,0,0
926648,0,0,0,0,0,0,0
294236,0,0,0,0,0,0,0
636422,0,0,0,0,0,0,0
76112,0,0,0,0,0,0,0
248827,0,0,0,0,0,0,0
706254,0,0,0,0,0,0,0
450644,0,0,0,0,0,0,0
656495,0,0,0,0,0,0,0
686124,0,0,0,0,0,0,0
150709,0,0,0,0,0,0,0
109868,0,0,0,0,0,0,0
319751,0,0,0,0,0,0,0
82676,0,0,0,0,0,0,0
462100,0,0,0,0,0,0,0
108836,0,0,0,0,0,0,0
279316,0,0,0,0,0,0,0
315319,0,0,0,0,0,0,0
147969,0,0,0,0,0,0,0
223592,0,0,0,0,0,0,0
94175,0,0,0,0,0,0,0
382620,0,0,0,0,0,0,0
173971,0,0,0,0,0,0,0
75475,0,0,0,0,0,0,0
1198234,0,0,0,0,0,0,0
428168,0,0,0,0,0,0,0
224181,0,0,0,0,0,0,0
421741,0,0,0,0,0,0,0
213781,0,0,0,0,0,0,0
975198,0,0,0,0,0,0,0
660161,0,0,0,0,0,0,0
45045,0,0,0,0,0,0,0
226899,0,0,0,0,0,0,0
445414,0,0,0,0,0,0,0
566605,0,0,0,0,0,0,0
421349,0,0,0,0,0,0,0
263112,0,0,0,0,0,0,0
735615,0,0,0,0,0,0,0
756544,0,0,0,0,0,0,0
252335,0,0,0,0,0,0,0
296217,0,0,0,0,0,0,0
295789,0,0,0,0,0,0,0
544227,0,0,0,0,0,0,0
537321,0,0,0,0,0,0,0
739917,0,0,0,0,0,0,0
221506,0,0,0,0,0,0,0
638361,0,0,0,0,0,0,0
183600,0,0,0,0,0,0,0
385982,0,0,0,0,0,0,0
108173,0,0,0,0,0,0,0
297601,0,0,0,0,0,0,0
765092,0,0,0,0,0,0,0
283492,0,0,0,0,0,0,0
591205,0,0,0,0,0,0,0
182516,0,0,0,0,0,0,0
2000445,0,0,0,0,0,0,0
223987,0,0,0,0,0,0,0
1222450,0,0,0,0,0,0,0
606541,0,0,0,0,0,0,0
419261,0,0,0,0,0,0,0
291883,0,0,0,0,0,0,0
266889,0,0,0,0,0,0,0
155198,0,0,0,0,0,0,0
393608,0,0,0,0,0,0,0
419400,0,0,0,0,0,0,0
486822,0,0,0,0,0,0,0
581313,0,0,0,0,0,0,0
384010,0,0,0,0,0,0,0
632743,0,0,0,0,0,0,0
688837,0,0,0,0,0,0,0
194927,0,0,0,0,0,0,0
441201,0,0,0,0,0,0,0
774616,0,0,0,0,0,0,0
194692,0,0,0,0,0,0,0
142655,0,0,0,0,0,0,0
315630,0,0,0,0,0,0,0
25211,0,0,0,0,0,0,0
81814,0,0,0,0,0,0,0
132172,0,0,0,0,0,0,0
62474,0,0,0,0,0,0,0
146458,0,0,0,0,0,0,0
103319,0,0,0,0,0,0,0
794441,0,0,0,0,0,0,0
145259,0,0,0,0,0,0,0
424983,0,0,0,0,0,0,0
398083,0,0,0,0,0,0,0
657281,0,0,0,0,0,0,0
56256,0,0,0,0,0,0,0
553915,0,0,0,0,0,0,0
165374,0,0,0,0,0,0,0
512272,0,0,0,0,0,0,0
219022,0,0,0,0,0,0,0
105282,0,0,0,0,0,0,0
1549172,0,0,0,0,0,0,0
51121,0,0,0,0,0,0,0
307031,0,0,0,0,0,0,0
870321,0,0,0,0,0,0,0
116109,0,0,0,0,0,0,0
310673,0,0,0,0,0,0,0
253108,0,0,0,0,0,0,0
731563,0,0,0,0,0,0,0
6512,0,0,0,0,0,0,0
54719,0,0,0,0,0,0,0
338944,0,0,0,0,0,0,0
192880,0,0,0,0,0,0,0
262208,0,0,0,0,0,0,0
190347,0,0,0,0,0,0,0
234500,0,0,0,0,0,0,0
133152,0,0,0,0,0,0,0
319013,0,0,0,0,0,0,0
506010,0,0,0,0,0,0,0
478198,0,0,0,0,0,0,0
105681,0,0,0,0,0,0,0
1551589,0,0,0,0,0,0,0
1222493,0,0,0,0,0,0,0
200603,0,0,0,0,0,0,0
552658,0,0,0,0,0,0,0
223717,0,0,0,0,0,0,0
131710,0,0,0,0,0,0,0
160680,0,0,0,0,0,0,0
747046,0,0,0,0,0,0,0
207217,0,0,0,0,0,0,0
687877,0,0,0,0,0,0,0
1606294,0,0,0,0,0,0,0
322221,0,0,0,0,0,0,0
215346,0,0,0,0,0,0,0
290128,0,0,0,0,0,0,0
187439,0,0,0,0,0,0,0
309839,0,0,0,0,0,0,0
321570,0,0,0,0,0,0,0
135081,0,0,0,0,0,0,0
730317,0,0,0,0,0,0,0
366676,0,0,0,0,0,0,0
283866,0,0,0,0,0,0,0
335496,0,0,0,0,0,0,0
322685,0,0,0,0,0,0,0
239244,0,0,0,0,0,0,0
192904,0,0,0,0,0,0,0
27891,0,0,0,0,0,0,0
298364,0,0,0,0,0,0,0
926570,0,0,0,0,0,0,0
354434,0,0,0,0,0,0,0
649053,0,0,0,0,0,0,0
131802,0,0,0,0,0,0,0
243132,0,0,0,0,0,0,0
526814,0,0,0,0,0,0,0
41101,0,0,0,0,0,0,0
630443,0,0,0,0,0,0,0
176509,0,0,0,0,0,0,0
815223,0,0,0,0,0,0,0
752862,0,0,0,0,0,0,0
493576,0,0,0,0,0,0,0
677043,0,0,0,0,0,0,0
284348,0,0,0,0,0,0,0
360506,0,0,0,0,0,0,0
397036,0,0,0,0,0,0,0
240267,0,0,0,0,0,0,0
271594,0,0,0,0,0,0,0
57065,0,0,0,0,0,0,0
468719,0,0,0,0,0,0,0
605315,0,0,0,0,0,0,0
726766,0,0,0,0,0,0,0
199867,0,0,0,0,0,0,0
117706,0,0,0,0,0,0,0
87322,0,0,0,0,0,0,0
210907,0,0,0,0,0,0,0
129570,0,0,0,0,0,0,0
352867,0,0,0,0,0,0,0
870229,0,0,0,0,0,0,0
913887,0,0,0,0,0,0,0
412682,0,0,0,0,0,0,0
250370,0,0,0,0,0,0,0
406824,0,0,0,0,0,0,0
880215,0,0,0,0,0,0,0
406756,0,0,0,0,0,0,0
712943,0,0,0,0,0,0,0
241709,0,0,0,0,0,0,0
61738,0,0,0,0,0,0,0
465265,0,0,0,0,0,0,0
108054,0,0,0,0,0,0,0
564143,0,0,0,0,0,0,0
433910,0,0,0,0,0,0,0
203500,0,0,0,0,0,0,0
262123,0,0,0,0,0,0,0
174710,0,0,0,0,0,0,0
401622,0,0,0,0,0,0,0
135579,0,0,0,0,0,0,0
112510,0,0,0,0,0,0,0
287237,0,0,0,0,0,0,0
63249,0,0,0,0,0,0,0
258420,0,0,0,0,0,0,0
311991,0,0,0,0,0,0,0
595805,0,0,0,0,0,0,0
341456,0,0,0,0,0,0,0
70508,0,0,0,0,0,0,0
429768,0,0,0,0,0,0,0
633311,0,0,0,0,0,0,0
480796,0,0,0,0,0,0,0
258554,0,0,0,0,0,0,0
925729,0,0,0,0,0,0,0
370565,0,0,0,0,0,0,0
207120,0,0,0,0,0,0,0
382102,0,0,0,0,0,0,0
179857,0,0,0,0,0,0,0
120017,0,0,0,0,0,0,0
1064678,0,0,0,0,0,0,0
914337,0,0,0,0,0,0,0
339911,0,0,0,0,0,0,0
211957,0,0,0,0,0,0,0
266552,0,0,0,0,0,0,0
597641,0,0,0,0,0,0,0
33393,0,0,0,0,0,0,0
548625,0,0,0,0,0,0,0
222622,0,0,0,0,0,0,0
214988,0,0,0,0,0,0,0
381270,0,0,0,0,0,0,0
500197,0,0,0,0,0,0,0
127252,0,0,0,0,0,0,0
239043,0,0,0,0,0,0,0
432180,0,0,0,0,0,0,0
355479,0,0,0,0,0,0,0
1014517,0,0,0,0,0,0,0
226901,0,0,0,0,0,0,0
307062,0,0,0,0,0,0,0
302770,0,0,0,0,0,0,0
277271,0,0,0,0,0,0,0
291247,0,0,0,0,0,0,0
19511,0,0,0,0,0,0,0
542966,0,0,0,0,0,0,0
480433,0,0,0,0,0,0,0
366028,0,0,0,0,0,0,0
41341,0,0,0,0,0,0,0
604204,0,0,0,0,0,0,0
795859,0,0,0,0,0,0,0
235068,0,0,0,0,0,0,0
867095,0,0,0,0,0,0,0
204211,0,0,0,0,0,0,0
902383,0,0,0,0,0,0,0
452886,0,0,0,0,0,0,0
248241,0,0,0,0,0,0,0
569362,0,0,0,0,0,0,0
871186,0,0,0,0,0,0,0
267251,0,0,0,0,0,0,0
347836,0,0,0,0,0,0,0
307613,0,0,0,0,0,0,0
171664,0,0,0,0,0,0,0
117960,0,0,0,0,0,0,0
130601,0,0,0,0,0,0,0
498612,0,0,0,0,0,0,0
158916,0,0,0,0,0,0,0
258209,0,0,0,0,0,0,0
264853,0,0,0,0,0,0,0
213730,0,0,0,0,0,0,0
746403,0,0,0,0,0,0,0
181015,0,0,0,0,0,0,0
214442,0,0,0,0,0,0,0
385774,0,0,0,0,0,0,0
405747,0,0,0,0,0,0,0
366339,0,0,0,0,0,0,0
227711,0,0,0,0,0,0,0
939089,0,0,0,0,0,0,0
329391,0,0,0,0,0,0,0
78029,0,0,0,0,0,0,0
319563,0,0,0,0,0,0,0
272977,0,0,0,0,0,0,0
442161,0,0,0,0,0,0,0
343903,0,0,0,0,0,0,0
218818,0,0,0,0,0,0,0
317008,0,0,0,0,0,0,0
83054,0,0,0,0,0,0,0
799912,0,0,0,0,0,0,0
104146,0,0,0,0,0,0,0
239020,0,0,0,0,0,0,0
465475,0,0,0,0,0,0,0
38095,0,0,0,0,0,0,0
569525,0,0,0,0,0,0,0
426416,0,0,0,0,0,0,0
255221,0,0,0,0,0,0,0
153507,0,0,0,0,0,0,0
499575,0,0,0,0,0,0,0
468325,0,0,0,0,0,0,0
190477,0,0,0,0,0,0,0
28036,0,0,0,0,0,0,0
113195,0,0,0,0,0,0,0
289760,0,0,0,0,0,0,0
61606,0,0,0,0,0,0,0
460399,0,0,0,0,0,0,0
93962,0,0,0,0,0,0,0
472713,0,0,0,0,0,0,0
456902,0,0,0,0,0,0,0
429193,0,0,0,0,0,0,0
77992,0,0,0,0,0,0,0
243377,0,0,0,0,0,0,0
149770,0,0,0,0,0,0,0
294590,0,0,0,0,0,0,0
32009,0,0,0,0,0,0,0
646535,0,0,0,0,0,0,0
101126,0,0,0,0,0,0,0
759800,0,0,0,0,0,0,0
277028,0,0,0,0,0,0,0
1187555,0,0,0,0,0,0,0
262067,0,0,0,0,0,0,0
191062,0,0,0,0,0,0,0
908688,0,0,0,0,0,0,0
267790,0,0,0,0,0,0,0
323332,0,0,0,0,0,0,0
145960,0,0,0,0,0,0,0
473258,0,0,0,0,0,0,0
708926,0,0,0,0,0,0,0
287572,0,0,0,0,0,0,0
457977,0,0,0,0,0,0,0
45097,0,0,0,0,0,0,0
365309,0,0,0,0,0,0,0
171706,0,0,0,0,0,0,0
222152,0,0,0,0,0,0,0
243019,0,0,0,0,0,0,0
250078,0,0,0,0,0,0,0
328296,0,0,0,0,0,0,0
781475,0,0,0,0,0,0,0
704654,0,0,0,0,0,0,0
175495,0,0,0,0,0,0,0
507608,0,0,0,0,0,0,0
170923,0,0,0,0,0,0,0
33990,0,0,0,0,0,0,0
363795,0,0,0,0,0,0,0
265220,0,0,0,0,0,0,0
191380,0,0,0,0,0,0,0
255425,0,0,0,0,0,0,0
29025,0,0,0,0,0,0,0
257093,0,0,0,0,0,0,0
58677,0,0,0,0,0,0,0
46167,0,0,0,0,0,0,0
72347,0,0,0,0,0,0,0
820559,0,0,0,0,0,0,0
450906,0,0,0,0,0,0,0
217150,0,0,0,0,0,0,0
637965,0,0,0,0,0,0,0
568939,0,0,0,0,0,0,0
292292,0,0,0,0,0,0,0
118701,0,0,0,0,0,0,0
753181,0,0,0,0,0,0,0
458876,0,0,0,0,0,0,0
1098640,0,0,0,0,0,0,0
691141,0,0,0,0,0,0,0
143139,0,0,0,0,0,0,0
483728,0,0,0,0,0,0,0
951844,0,0,0,0,0,0,0
691644,0,0,0,0,0,0,0
265500,0,0,0,0,0,0,0
166546,0,0,0,0,0,0,0
585162,0,0,0,0,0,0,0
148035,0,0,0,0,0,0,0
30160,0,0,0,0,0,0,0
779366,0,0,0,0,0,0,0
667922,0,0,0,0,0,0,0
40676,0,0,0,0,0,0,0
873366,0,0,0,0,0,0,0
1009757,0,0,0,0,0,0,0
505864,0,0,0,0,0,0,0
103895,0,0,0,0,0,0,0
550766,0,0,0,0,0,0,0
72978,0,0,0,0,0,0,0
488369,0,0,0,0,0,0,0
612380,0,0,0,0,0,0,0
627393,0,0,0,0,0,0,0
333634,0,0,0,0,0,0,0
227777,0,0,0,0,0,0,0
186917,0,0,0,0,0,0,0
345195,0,0,0,0,0,0,0
560589,0,0,0,0,0,0,0
55997,0,0,0,0,0,0,0
189180,0,0,0,0,0,0,0
691459,0,0,0,0,0,0,0
301953,0,0,0,0,0,0,0
174873,0,0,0,0,0,0,0
264739,0,0,0,0,0,0,0
99970,0,0,0,0,0,0,0
143419,0,0,0,0,0,0,0
512074,0,0,0,0,0,0,0
221547,0,0,0,0,0,0,0
435063,0,0,0,0,0,0,0
351122,0,0,0,0,0,0,0
405490,0,0,0,0,0,0,0
193996,0,0,0,0,0,0,0
152472,0,0,0,0,0,0,0
454978,0,0,0,0,0,0,0
500657,0,0,0,0,0,0,0
402658,0,0,0,0,0,0,0
73281,0,0,0,0,0,0,0
186921,0,0,0,0,0,0,0
487566,0,0,0,0,0,0,0
451039,0,0,0,0,0,0,0
191490,0,0,0,0,0,0,0
576502,0,0,0,0,0,0,0
55358,0,0,0,0,0,0,0
154360,0,0,0,0,0,0,0
534298,0,0,0,0,0,0,0
772540,0,0,0,0,0,0,0
1250212,0,0,0,0,0,0,0
419531,0,0,0,0,0,0,0
742182,0,0,0,0,0,0,0
375800,0,0,0,0,0,0,0
79724,0,0,0,0,0,0,0
511905,0,0,0,0,0,0,0
37055,0,0,0,0,0,0,0
821469,0,0,0,0,0,0,0
153394,0,0,0,0,0,0,0
301023,0,0,0,0,0,0,0
352611,0,0,0,0,0,0,0
517481,0,0,0,0,0,0,0
167038,0,0,0,0,0,0,0
411655,0,0,0,0,0,0,0
275505,0,0,0,0,0,0,0
504770,0,0,0,0,0,0,0
207066,0,0,0,0,0,0,0
701005,0,0,0,0,0,0,0
23659,0,0,0,0,0,0,0
407689,0,0,0,0,0,0,0
284988,0,0,0,0,0,0,0
47194,0,0,0,0,0,0,0
1012005,0,0,0,0,0,0,0
244634,0,0,0,0,0,0,0
520385,0,0,0,0,0,0,0
741822,0,0,0,0,0,0,0
443909,0,0,0,0,0,0,0
205025,0,0,0,0,0,0,0
1083530,0,0,0,0,0,0,0
415228,0,0,0,0,0,0,0
584323,0,0,0,0,0,0,0
814891,0,0,0,0,0,0,0
185941,0,0,0,0,0,0,0
268012,0,0,0,0,0,0,0
276652,0,0,0,0,0,0,0
186958,0,0,0,0,0,0,0
450710,0,0,0,0,0,0,0
301005,0,0,0,0,0,0,0
329998,0,0,0,0,0,0,0
369728,0,0,0,0,0,0,0
4751,0,0,0,0,0,0,0
517548,0,0,0,0,0,0,0
967538,0,0,0,0,0,0,0
367671,0,0,0,0,0,0,0
517373,0,0,0,0,0,0,0
485587,0,0,0,0,0,0,0
366300,0,0,0,0,0,0,0
110311,0,0,0,0,0,0,0
156854,0,0,0,0,0,0,0
471194,0,0,0,0,0,0,0
337168,0,0,0,0,0,0,0
365230,0,0,0,0,0,0,0
189859,0,0,0,0,0,0,0
561122,0,0,0,0,0,0,0
411504,0,0,0,0,0,0,0
564495,0,0,0,0,0,0,0
172960,0,0,0,0,0,0,0
258339,0,0,0,0,0,0,0
229648,0,0,0,0,0,0,0
99700,0,0,0,0,0,0,0
779608,0,0,0,0,0,0,0
418818,0,0,0,0,0,0,0
857212,0,0,0,0,0,0,0
183704,0,0,0,0,0,0,0
205770,0,0,0,0,0,0,0
327245,0,0,0,0,0,0,0
255487,0,0,0,0,0,0,0
592687,0,0,0,0,0,0,0
251111,0,0,0,0,0,0,0
375528,0,0,0,0,0,0,0
156253,0,0,0,0,0,0,0
257015,0,0,0,0,0,0,0
1035961,0,0,0,0,0,0,0
155839,0,0,0,0,0,0,0
60132,0,0,0,0,0,0,0
185063,0,0,0,0,0,0,0
296216,0,0,0,0,0,0,0
509093,0,0,0,0,0,0,0
890551,0,0,0,0,0,0,0
335729,0,0,0,0,0,0,0
50667,0,0,0,0,0,0,0
357992,0,0,0,0,0,0,0
912279,0,0,0,0,0,0,0
679778,0,0,0,0,0,0,0
399219,0,0,0,0,0,0,0
175082,0,0,0,0,0,0,0
140198,0,0,0,0,0,0,0
342964,0,0,0,0,0,0,0
503245,0,0,0,0,0,0,0
369999,0,0,0,0,0,0,0
28869,0,0,0,0,0,0,0
609425,0,0,0,0,0,0,0
9402,0,0,0,0,0,0,0
73416,0,0,0,0,0,0,0
927414,0,0,0,0,0,0,0
646252,0,0,0,0,0,0,0
170073,0,0,0,0,0,0,0
222210,0,0,0,0,0,0,0
90049,0,0,0,0,0,0,0
415496,0,0,0,0,0,0,0
1094710,0,0,0,0,0,0,0
472561,0,0,0,0,0,0,0
719484,0,0,0,0,0,0,0
420483,0,0,0,0,0,0,0
678978,0,0,0,0,0,0,0
229195,0,0,0,0,0,0,0
125610,0,0,0,0,0,0,0
1007649,0,0,0,0,0,0,0
73592,0,0,0,0,0,0,0
324988,0,0,0,0,0,0,0
544695,0,0,0,0,0,0,0
95768,0,0,0,0,0,0,0
443988,0,0,0,0,0,0,0
128052,0,0,0,0,0,0,0
833472,0,0,0,0,0,0,0
925293,0,0,0,0,0,0,0
114323,0,0,0,0,0,0,0
687126,0,0,0,0,0,0,0
434706,0,0,0,0,0,0,0
113270,0,0,0,0,0,0,0
487727,0,0,0,0,0,0,0
207395,0,0,0,0,0,0,0
179518,0,0,0,0,0,0,0
528593,0,0,0,0,0,0,0
375732,0,0,0,0,0,0,0
255227,0,0,0,0,0,0,0
152179,0,0,0,0,0,0,0
472990,0,0,0,0,0,0,0
192497,0,0,0,0,0,0,0
271838,0,0,0,0,0,0,0
438725,0,0,0,0,0,0,0
111656,0,0,0,0,0,0,0
79927,0,0,0,0,0,0,0
247244,0,0,0,0,0,0,0
340587,0,0,0,0,0,0,0
139087,0,0,0,0,0,0,0
823630,0,0,0,0,0,0,0
118716,0,0,0,0,0,0,0
371313,0,0,0,0,0,0,0
522043,0,0,0,0,0,0,0
227807,0,0,0,0,0,0,0
684881,0,0,0,0,0,0,0
416188,0,0,0,0,0,0,0
374067,0,0,0,0,0,0,0
186024,0,0,0,0,0,0,0
25715,0,0,0,0,0,0,0
351195,0,0,0,0,0,0,0
810315,0,0,0,0,0,0,0
268186,0,0,0,0,0,0,0
294286,0,0,0,0,0,0,0
204441,0,0,0,0,0,0,0
182178,0,0,0,0,0,0,0
773441,0,0,0,0,0,0,0
137013,0,0,0,0,0,0,0
44191,0,0,0,0,0,0,0
470679,0,0,0,0,0,0,0
523038,0,0,0,0,0,0,0
628259,0,0,0,0,0,0,0
137350,0,0,0,0,0,0,0
244938,0,0,0,0,0,0,0
63468,0,0,0,0,0,0,0
444646,0,0,0,0,0,0,0
277067,0,0,0,0,0,0,0
600117,0,0,0,0,0,0,0
77164,0,0,0,0,0,0,0
308103,0,0,0,0,0,0,0
844166,0,0,0,0,0,0,0
742375,0,0,0,0,0,0,0
371465,0,0,0,0,0,0,0
106299,0,0,0,0,0,0,0
505749,0,0,0,0,0,0,0
233814,0,0,0,0,0,0,0
555423,0,0,0,0,0,0,0
149057,0,0,0,0,0,0,0
576417,0,0,0,0,0,0,0
199431,0,0,0,0,0,0,0
192533,0,0,0,0,0,0,0
596382,0,0,0,0,0,0,0
809317,0,0,0,0,0,0,0
464951,0,0,0,0,0,0,0
114346,0,0,0,0,0,0,0
707938,0,0,0,0,0,0,0
62022,0,0,0,0,0,0,0
466468,0,0,0,0,0,0,0
114492,0,0,0,0,0,0,0
340501,0,0,0,0,0,0,0
1528578,0,0,0,0,0,0,0
1016159,0,0,0,0,0,0,0
891388,0,0,0,0,0,0,0
79834,0,0,0,0,0,0,0
302785,0,0,0,0,0,0,0
468407,0,0,0,0,0,0,0
386349,0,0,0,0,0,0,0
119078,0,0,0,0,0,0,0
104655,0,0,0,0,0,0,0
1006374,0,0,0,0,0,0,0
194667,0,0,0,0,0,0,0
630587,0,0,0,0,0,0,0
962020,0,0,0,0,0,0,0
207553,0,0,0,0,0,0,0
170598,0,0,0,0,0,0,0
254465,0,0,0,0,0,0,0
325096,0,0,0,0,0,0,0
438782,0,0,0,0,0,0,0
184602,0,0,0,0,0,0,0
414007,0,0,0,0,0,0,0
187918,0,0,0,0,0,0,0
471187,0,0,0,0,0,0,0
533031,0,0,0,0,0,0,0
368744,0,0,0,0,0,0,0
290657,0,0,0,0,0,0,0
197626,0,0,0,0,0,0,0
557558,0,0,0,0,0,0,0
16214,0,0,0,0,0,0,0
116108,0,0,0,0,0,0,0
207147,0,0,0,0,0,0,0
495360,0,0,0,0,0,0,0
473780,0,0,0,0,0,0,0
184574,0,0,0,0,0,0,0
336374,0,0,0,0,0,0,0
262049,0,0,0,0,0,0,0
16343,0,0,0,0,0,0,0
510109,0,0,0,0,0,0,0
598717,0,0,0,0,0,0,0
594944,0,0,0,0,0,0,0
241250,0,0,0,0,0,0,0
50900,0,0,0,0,0,0,0
240877,0,0,0,0,0,0,0
139773,0,0,0,0,0,0,0
452206,0,0,0,0,0,0,0
83729,0,0,0,0,0,0,0
351611,0,0,0,0,0,0,0
446575,0,0,0,0,0,0,0
157624,0,0,0,0,0,0,0
117323,0,0,0,0,0,0,0
53678,0,0,0,0,0,0,0
285289,0,0,0,0,0,0,0
580253,0,0,0,0,0,0,0
1356251,0,0,0,0,0,0,0
142260,0,0,0,0,0,0,0
358152,0,0,0,0,0,0,0
239423,0,0,0,0,0,0,0
417503,0,0,0,0,0,0,0
369119,0,0,0,0,0,0,0
548239,0,0,0,0,0,0,0
284573,0,0,0,0,0,0,0
348404,0,0,0,0,0,0,0
284749,0,0,0,0,0,0,0
537934,0,0,0,0,0,0,0
298824,0,0,0,0,0,0,0
473799,0,0,0,0,0,0,0
912468,0,0,0,0,0,0,0
436728,0,0,0,0,0,0,0
735522,0,0,0,0,0,0,0
248384,0,0,0,0,0,0,0
74246,0,0,0,0,0,0,0
766531,0,0,0,0,0,0,0
174333,0,0,0,0,0,0,0
78910,0,0,0,0,0,0,0
491975,0,0,0,0,0,0,0
291165,0,0,0,0,0,0,0
470975,0,0,0,0,0,0,0
367737,0,0,0,0,0,0,0
226153,0,0,0,0,0,0,0
617265,0,0,0,0,0,0,0
240619,0,0,0,0,0,0,0
96862,0,0,0,0,0,0,0
371221,0,0,0,0,0,0,0
60486,0,0,0,0,0,0,0
102469,0,0,0,0,0,0,0
318288,0,0,0,0,0,0,0
800836,0,0,0,0,0,0,0
490796,0,0,0,0,0,0,0
485062,0,0,0,0,0,0,0
251044,0,0,0,0,0,0,0
329539,0,0,0,0,0,0,0
207657,0,0,0,0,0,0,0
33591,0,0,0,0,0,0,0
388277,0,0,0,0,0,0,0
18103,0,0,0,0,0,0,0
586329,0,0,0,0,0,0,0
65919,0,0,0,0,0,0,0
342348,0,0,0,0,0,0,0
154538,0,0,0,0,0,0,0
497460,0,0,0,0,0,0,0
312890,0,0,0,0,0,0,0
143030,0,0,0,0,0,0,0
355086,0,0,0,0,0,0,0
51074,0,0,0,0,0,0,0
556875,0,0,0,0,0,0,0
76451,0,0,0,0,0,0,0
109033,0,0,0,0,0,0,0
401730,0,0,0,0,0,0,0
541541,0,0,0,0,0,0,0
316810,0,0,0,0,0,0,0
784426,0,0,0,0,0,0,0
368072,0,0,0,0,0,0,0
405769,0,0,0,0,0,0,0
897060,0,0,0,0,0,0,0
183511,0,0,0,0,0,0,0
101955,0,0,0,0,0,0,0
133445,0,0,0,0,0,0,0
631811,0,0,0,0,0,0,0
72876,0,0,0,0,0,0,0
170049,0,0,0,0,0,0,0
139883,0,0,0,0,0,0,0
567446,0,0,0,0,0,0,0
457428,0,0,0,0,0,0,0
729062,0,0,0,0,0,0,0
178617,0,0,0,0,0,0,0
553826,0,0,0,0,0,0,0
328435,0,0,0,0,0,0,0
407256,0,0,0,0,0,0,0
2173662,0,0,0,0,0,0,0
673318,0,0,0,0,0,0,0
387871,0,0,0,0,0,0,0
238846,0,0,0,0,0,0,0
333365,0,0,0,0,0,0,0
252367,0,0,0,0,0,0,0
206203,0,0,0,0,0,0,0
725130,0,0,0,0,0,0,0
451804,0,0,0,0,0,0,0
310373,0,0,0,0,0,0,0
87357,0,0,0,0,0,0,0
249731,0,0,0,0,0,0,0
447964,0,0,0,0,0,0,0
149020,0,0,0,0,0,0,0
198019,0,0,0,0,0,0,0
421558,0,0,0,0,0,0,0
257492,0,0,0,0,0,0,0
234424,0,0,0,0,0,0,0
66088,0,0,0,0,0,0,0
192616,0,0,0,0,0,0,0
167337,0,0,0,0,0,0,0
176951,0,0,0,0,0,0,0
703874,0,0,0,0,0,0,0
246812,0,0,0,0,0,0,0
497394,0,0,0,0,0,0,0
230554,0,0,0,0,0,0,0
152697,0,0,0,0,0,0,0
67825,0,0,0,0,0,0,0
478190,0,0,0,0,0,0,0
