10976,0,5805,1,0,5981,0,2
11150,0,5564,1,0,5612,0,1
14712,0,5707,7,0,5186,0,14
91494,0,5376,22,0,5000,0,49
15281,0,4515,3,0,5144,0,3
6049,0,5595,2,0,5205,0,3
30113,0,4952,2,0,4576,0,3
34599,0,5272,2,0,5085,0,4
4811,0,5765,6,0,5313,0,8
32601,0,4836,1,0,5352,0,2
5946,0,4129,2,0,5534,0,5
11676,0,5451,5,0,4800,0,7
64281,0,5491,24,0,4562,0,41
3752,0,4664,2,0,5106,0,4
8571,0,5331,1,0,4166,0,4
10280,0,5761,6,0,5005,0,10
13560,0,5224,3,0,4924,0,4
30170,0,4929,2,0,5203,0,3
3884,0,4644,5,0,4314,0,7
130030,0,5382,4,0,3703,0,6
19299,0,5401,4,0,4680,0,14
9065,0,5054,1,0,5518,0,3
12435,0,5126,1,0,5713,0,8
11698,0,5469,2,0,4904,0,2
7986,0,4591,4,0,5155,0,4
19691,0,5373,5,0,4774,0,8
4889,0,5137,3,0,5360,0,6
9538,0,5503,5,0,4800,0,6
6775,0,4708,2,0,6541,0,2
7913,0,4742,2,0,4554,0,7
18072,0,5067,0,0,3599,0,1
15534,0,4395,5,0,4436,0,9
11926,0,5317,3,0,4865,0,7
28951,0,4409,3,0,5490,0,7
11199,0,5259,2,0,5415,0,8
5299,0,5035,2,0,4881,0,2
10405,0,4374,3,0,6235,0,6
3243,0,4217,2,0,3813,0,4
4841,0,5732,2,0,4414,0,3
11828,0,4095,5,0,5432,0,11
20968,0,4780,3,0,5126,0,5
11259,0,5084,4,0,6786,0,8
18691,0,5481,3,0,5320,0,5
15832,0,3834,5,0,5214,0,11
4587,0,4464,1,0,4870,0,9
6844,0,4542,4,0,4539,0,5
3851,0,4721,0,0,5130,0,1
50212,0,4877,2,0,5190,0,5
3774,0,6285,2,0,5211,0,3
7355,0,4701,1,0,5307,0,3
246274,0,5848,38,0,6161,0,73
11283,0,5361,4,0,4967,0,9
4571,0,5332,6,0,5753,0,8
75074,0,5875,0,0,5147,0,1
4301,0,4782,7,0,5405,0,11
18453,0,4933,0,0,5351,0,1
13442,0,5126,4,0,5199,0,14
19853,0,5657,10,0,5470,0,13
33449,0,4834,8,0,5554,0,15
5995,0,5255,3,0,5005,0,5
17694,0,4872,9,0,4506,0,14
18635,0,5710,4,0,4852,0,6
7746,0,5352,6,0,5553,0,11
22620,0,5274,14,0,4710,0,24
51017,0,5792,3,0,4600,0,4
70238,0,4534,2,0,5157,0,4
7466,0,5820,8,0,5248,0,9
18422,0,5132,4,0,4921,0,8
5397,0,5514,0,0,5353,0,1
6965,0,4713,3,0,5451,0,5
8652,0,5729,6,0,5444,0,10
24316,0,5165,2,0,5462,0,4
12198,0,5149,0,0,5218,0,1
6661,0,4934,2,0,5452,0,4
7165,0,4884,4,0,5734,0,6
14026,0,3958,1,0,4433,0,3
24809,0,5464,2,0,5183,0,4
11274,0,4770,4,0,5017,0,11
29160,0,3888,4,0,4897,0,7
3938,0,5317,5,0,5322,0,7
8291,0,5691,1,0,5251,0,1
83485,0,4641,1,0,5526,0,1
15397,0,4977,5,0,4982,0,10
16747,0,5765,6,0,6699,0,9
5730,0,5026,0,0,5067,0,4
8213,0,5282,1,0,5588,0,1
3380,0,6012,1,0,5193,0,2
14385,0,4817,2,0,6422,0,5
17932,0,5252,8,0,5010,0,12
12680,0,4031,1,0,4139,0,2
52747,0,5010,18,0,5417,0,33
30402,0,5434,1,0,5297,0,4
65098,0,5045,0,0,4630,0,0
8704,0,6056,2,0,5288,0,3
26201,0,5071,1,0,4280,0,4
8389,0,4461,6,0,5759,0,7
45639,0,4776,1,0,5527,0,2
22292,0,5360,0,0,4833,0,1
8704,0,4311,3,0,5085,0,12
9154,0,5043,1,0,5307,0,3
51340,0,4835,15,0,5555,0,28
14699,0,4586,2,0,4712,0,2
11673,0,5232,1,0,4002,0,1
6129,0,5767,4,0,5472,0,8
2591,0,4389,0,0,5393,0,0
10556,0,4801,3,0,4832,0,7
21165,0,5004,4,0,5011,0,7
9630,0,4590,0,0,4822,0,0
6518,0,4698,1,0,4892,0,2
3083,0,5299,1,0,4528,0,3
4349,0,5948,3,0,5315,0,5
17998,0,4414,4,0,4228,0,8
16468,0,5518,5,0,4183,0,12
13868,0,5829,8,0,4976,0,17
24917,0,3902,3,0,4863,0,10
19535,0,4394,2,0,6413,0,2
5011,0,5104,3,0,6336,0,6
7601,0,5387,2,0,5097,0,8
5679,0,5469,3,0,5117,0,8
6729,0,5048,3,0,5377,0,5
16001,0,4919,3,0,6277,0,3
10634,0,4023,2,0,5026,0,6
21420,0,4412,0,0,5270,0,1
6285,0,5540,1,0,4660,0,4
22250,0,5700,5,0,4999,0,10
42009,0,5025,8,0,5066,0,19
16105,0,5434,9,0,4462,0,17
8711,0,4537,5,0,4163,0,5
20194,0,5711,1,0,4917,0,2
29138,0,5325,0,0,4862,0,0
12681,0,5004,0,0,4304,0,3
44650,0,5401,1,0,4043,0,1
4663,0,5196,4,0,4565,0,7
25320,0,5494,4,0,5351,0,7
6086,0,4761,2,0,4860,0,6
36860,0,4624,1,0,5178,0,1
13635,0,5397,0,0,4397,0,4
30267,0,4676,9,0,6066,0,15
30460,0,4723,5,0,5930,0,10
7288,0,5706,3,0,4790,0,7
18358,0,5194,2,0,5071,0,4
37377,0,4383,0,0,5901,0,1
17893,0,5598,1,0,5139,0,2
33763,0,5441,1,0,5387,0,3
50384,0,5663,1,0,4835,0,1
17331,0,4846,5,0,5583,0,9
37652,0,4874,15,0,4399,0,28
3340,0,4992,2,0,5276,0,3
51447,0,5332,2,0,5460,0,6
92016,0,4344,0,0,5798,0,1
6786,0,4704,4,0,5017,0,7
8606,0,5672,2,0,5738,0,2
15341,0,4893,3,0,5709,0,6
17145,0,5424,3,0,4949,0,7
15651,0,4532,2,0,5432,0,4
5035,0,5478,2,0,5164,0,6
13486,0,5711,1,0,4678,0,1
21199,0,5499,0,0,4499,0,2
6208,0,5367,4,0,4883,0,7
4979,0,4652,1,0,4690,0,2
34668,0,5609,13,0,5409,0,22
5320,0,5202,4,0,4886,0,6
14480,0,5426,5,0,4198,0,8
10873,0,5535,3,0,4721,0,4
14813,0,5170,0,0,5401,0,1
63710,0,5437,2,0,5376,0,4
26546,0,5713,0,0,5023,0,0
4405,0,5465,1,0,4816,0,2
23205,0,6199,2,0,5003,0,7
98636,0,4891,5,0,5601,0,9
4840,0,5026,4,0,6263,0,4
36613,0,5162,0,0,5764,0,2
10452,0,5980,0,0,5559,0,2
85391,0,5271,25,0,4641,0,52
51723,0,5249,7,0,4033,0,24
11801,0,5172,4,0,4406,0,9
7083,0,4255,0,0,4551,0,1
14124,0,5329,2,0,5972,0,3
19977,0,4567,6,0,5174,0,16
13765,0,6404,2,0,4915,0,2
4767,0,5155,1,0,4400,0,4
10525,0,3854,2,0,4515,0,2
8566,0,5072,7,0,5199,0,7
8066,0,5041,6,0,4466,0,11
15141,0,5512,7,0,4446,0,10
7704,0,3958,3,0,4758,0,8
15214,0,5320,9,0,5435,0,16
70858,0,6975,17,0,4030,0,33
168204,0,4934,0,0,6184,0,1
4300,0,5458,3,0,4283,0,4
8175,0,5854,2,0,4780,0,3
18841,0,5831,6,0,6566,0,15
38093,0,4583,7,0,5790,0,13
16407,0,5602,3,0,5292,0,10
12335,0,5190,3,0,5081,0,4
10150,0,5881,1,0,5590,0,2
9598,0,5326,1,0,4711,0,7
19470,0,6192,0,0,5472,0,1
11902,0,5080,2,0,5071,0,6
38808,0,6250,5,0,5490,0,14
7728,0,4120,4,0,3987,0,4
65853,0,3921,0,0,4746,0,0
7802,0,3825,0,0,5671,0,1
9346,0,6365,3,0,5160,0,7
10186,0,4278,5,0,4720,0,8
17767,0,5394,1,0,4270,0,4
6461,0,5467,2,0,5231,0,4
43770,0,5351,12,0,5126,0,20
86982,0,4931,19,0,4369,0,45
51404,0,5479,1,0,5262,0,4
19611,0,4943,6,0,5119,0,9
17015,0,5789,5,0,4568,0,10
6859,0,3992,0,0,5448,0,4
8945,0,5024,1,0,4928,0,1
8530,0,5057,3,0,4534,0,10
28384,0,5542,6,0,4655,0,9
20135,0,5977,6,0,5094,0,11
108919,0,4866,17,0,4471,0,28
51537,0,5187,0,0,6486,0,0
7307,0,5219,2,0,4441,0,5
16574,0,5833,1,0,5891,0,1
25908,0,4877,12,0,6079,0,20
49728,0,4919,1,0,4454,0,1
32823,0,4353,5,0,6077,0,13
10763,0,4694,2,0,4333,0,5
9855,0,4458,0,0,4733,0,3
8955,0,4532,7,0,5192,0,9
11869,0,4748,0,0,5171,0,0
3982,0,4370,6,0,4437,0,8
21776,0,4462,4,0,4793,0,5
121676,0,5111,22,0,5502,0,44
14577,0,4131,3,0,4503,0,8
19016,0,4892,3,0,4493,0,10
14520,0,5414,6,0,5693,0,10
6259,0,5100,4,0,4977,0,5
84015,0,5202,1,0,3726,0,1
91880,0,4782,20,0,6530,0,41
7926,0,4513,2,0,4676,0,2
4360,0,5087,2,0,5002,0,7
39528,0,4559,1,0,5672,0,2
5495,0,4075,1,0,5153,0,5
19860,0,5054,6,0,5396,0,9
22668,0,4201,1,0,5063,0,2
14831,0,5967,5,0,6120,0,5
14474,0,4905,0,0,4226,0,1
4468,0,4769,3,0,4659,0,6
20155,0,5054,6,0,5815,0,14
21431,0,5368,6,0,5435,0,16
15938,0,5217,5,0,4961,0,7
21173,0,5098,9,0,4670,0,16
4699,0,5265,1,0,5298,0,3
12085,0,4682,3,0,5496,0,3
6980,0,5816,4,0,5043,0,9
8443,0,5368,1,0,5682,0,2
12354,0,4594,0,0,4924,0,2
89287,0,4596,1,0,4459,0,2
18414,0,4760,9,0,5191,0,15
32814,0,4223,6,0,5224,0,15
9608,0,4436,7,0,5205,0,10
96241,0,4460,19,0,4823,0,43
137577,0,5671,21,0,4466,0,45
9915,0,5291,3,0,4228,0,8
20816,0,5147,0,0,4238,0,0
98072,0,4329,5,0,6014,0,10
50523,0,4672,1,0,4142,0,1
5183,0,5982,5,0,4654,0,6
24180,0,4988,7,0,5246,0,17
5996,0,4630,2,0,6094,0,5
11638,0,4913,3,0,4637,0,4
4890,0,5391,5,0,5234,0,7
30562,0,4799,0,0,4432,0,2
14146,0,4740,0,0,4845,0,1
18870,0,5442,1,0,5759,0,3
7283,0,4730,2,0,4467,0,7
106008,0,5228,16,0,5488,0,35
32728,0,4378,8,0,4905,0,21
18009,0,4639,4,0,5080,0,8
15331,0,4507,3,0,5164,0,5
139983,0,4730,1,0,6096,0,3
47599,0,4981,6,0,5066,0,13
30252,0,5852,0,0,4506,0,0
42008,0,5622,9,0,5184,0,20
37071,0,6249,12,0,3913,0,20
40594,0,5605,3,0,4860,0,6
8175,0,5276,7,0,5785,0,9
12886,0,4951,0,0,5147,0,2
122534,0,5915,29,0,5108,0,49
28831,0,4821,7,0,4784,0,16
8390,0,4981,3,0,4877,0,7
11324,0,4736,8,0,5660,0,22
51189,0,3779,16,0,4550,0,25
7241,0,5510,2,0,5215,0,6
8903,0,6087,5,0,5366,0,6
117770,0,4330,0,0,4879,0,0
5786,0,5008,1,0,5576,0,3
26960,0,5117,2,0,4807,0,2
66426,0,4677,0,0,4847,0,2
12705,0,4699,4,0,5921,0,10
6489,0,5006,0,0,5157,0,1
59016,0,4367,0,0,5199,0,6
8058,0,4453,2,0,5684,0,6
14524,0,4449,4,0,4975,0,9
21087,0,5070,5,0,5084,0,8
10296,0,4595,2,0,5169,0,3
95518,0,5072,1,0,5336,0,5
11137,0,4049,0,0,4424,0,0
5307,0,3853,1,0,5317,0,2
25805,0,4771,1,0,5254,0,1
5610,0,6557,3,0,4506,0,4
13939,0,4712,7,0,5138,0,11
6965,0,5572,4,0,5047,0,7
14628,0,5318,2,0,3501,0,4
13722,0,5109,5,0,6344,0,10
17861,0,4700,3,0,5179,0,9
3642,0,4977,1,0,5973,0,2
56830,0,4267,11,0,5727,0,25
36095,0,4623,13,0,4565,0,23
7144,0,5503,2,0,5063,0,2
30112,0,4217,4,0,5038,0,7
5578,0,5004,4,0,5502,0,6
4379,0,4117,2,0,4575,0,5
22516,0,5210,5,0,6291,0,6
10222,0,5273,0,0,5651,0,1
73895,0,5022,16,0,5531,0,34
40028,0,4525,4,0,5117,0,12
4896,0,6390,3,0,4263,0,5
8777,0,5047,5,0,4521,0,6
9719,0,4907,3,0,5181,0,4
40955,0,5742,2,0,6244,0,3
2669,0,6076,2,0,4163,0,4
9250,0,5130,7,0,4225,0,15
16349,0,4830,1,0,5290,0,3
6555,0,5556,4,0,5304,0,6
10205,0,5870,1,0,5940,0,2
23580,0,5369,10,0,4466,0,15
14633,0,5892,2,0,5229,0,6
22086,0,4577,6,0,6503,0,11
4349,0,4440,1,0,4210,0,4
49764,0,5645,14,0,4862,0,23
18038,0,5073,6,0,5909,0,11
13010,0,5061,1,0,5368,0,5
42694,0,5320,0,0,5316,0,0
12412,0,4985,6,0,5412,0,15
14524,0,5278,1,0,5140,0,3
7659,0,4963,0,0,5797,0,3
7468,0,5183,3,0,5371,0,4
5281,0,5598,2,0,4502,0,4
41331,0,6104,11,0,5927,0,27
22406,0,5940,8,0,6038,0,14
45681,0,4507,0,0,4751,0,1
6317,0,5365,0,0,6244,0,0
6243,0,5072,3,0,4698,0,5
19306,0,5214,0,0,5376,0,10
19427,0,6744,1,0,5497,0,3
23176,0,4744,1,0,4512,0,1
3263,0,5336,1,0,5827,0,2
7880,0,4994,4,0,4851,0,9
20286,0,4549,2,0,4829,0,2
11164,0,5768,1,0,4632,0,1
6635,0,4955,0,0,6732,0,2
11437,0,4875,4,0,4998,0,10
45935,0,5351,1,0,4450,0,1
7277,0,4965,2,0,5360,0,8
29043,0,4595,7,0,5059,0,17
9581,0,5763,3,0,4983,0,6
19793,0,5582,1,0,5256,0,3
11964,0,5180,3,0,4918,0,6
2670,0,5333,4,0,5071,0,4
6520,0,6092,1,0,5577,0,1
16667,0,6231,4,0,5401,0,9
14412,0,4673,1,0,4201,0,1
10403,0,4745,1,0,5531,0,3
1982,0,5111,0,0,5412,0,0
38956,0,5547,8,0,4697,0,16
15869,0,5497,1,0,5383,0,3
3911,0,5059,5,0,5357,0,5
18710,0,4247,3,0,4760,0,7
6495,0,6392,3,0,4099,0,11
78375,0,3986,13,0,4839,0,28
15085,0,4683,5,0,4375,0,10
4795,0,4844,1,0,5145,0,2
20926,0,5721,0,0,6448,0,1
14514,0,4587,4,0,5263,0,8
97445,0,4720,1,0,5505,0,1
14807,0,5639,4,0,4762,0,5
8664,0,5041,2,0,5875,0,3
8136,0,5207,3,0,6099,0,11
7137,0,4848,2,0,4328,0,2
9553,0,4809,1,0,4423,0,10
8424,0,4603,6,0,5699,0,10
3723,0,5254,3,0,4005,0,6
29680,0,4206,7,0,5906,0,13
5769,0,5195,3,0,5378,0,6
39294,0,5992,1,0,4534,0,7
6872,0,5071,2,0,3749,0,6
6276,0,5284,1,0,5722,0,1
5520,0,5954,2,0,4895,0,8
9343,0,5019,0,0,4488,0,1
6506,0,4910,6,0,4740,0,10
12332,0,4445,6,0,4213,0,13
3296,0,5542,2,0,4587,0,5
99147,0,5641,1,0,4606,0,3
6303,0,5548,2,0,5109,0,4
4387,0,5038,5,0,5858,0,7
11227,0,4371,2,0,4674,0,3
6482,0,5129,3,0,4951,0,5
6497,0,5566,3,0,5720,0,4
25416,0,5149,4,0,4143,0,10
17301,0,5075,4,0,5449,0,9
14516,0,4505,5,0,4614,0,10
2571,0,5090,1,0,4647,0,3
15988,0,4552,1,0,5393,0,1
7432,0,4892,1,0,5656,0,5
7307,0,4783,2,0,5430,0,4
16996,0,5537,4,0,4786,0,12
13258,0,4206,8,0,5230,0,15
48845,0,4661,3,0,5098,0,4
34469,0,5725,15,0,4625,0,24
3554,0,5030,2,0,6124,0,2
6742,0,5192,4,0,5046,0,10
8022,0,4469,2,0,5622,0,5
5822,0,5374,7,0,5280,0,9
4996,0,5414,4,0,5591,0,9
12836,0,4512,2,0,4442,0,4
9685,0,5802,4,0,5597,0,9
12060,0,4607,2,0,4621,0,11
11793,0,5301,1,0,5216,0,3
20902,0,4935,6,0,5375,0,13
15227,0,4576,7,0,6782,0,12
34085,0,5550,2,0,5654,0,3
83457,0,4905,3,0,4861,0,3
6400,0,5379,6,0,5248,0,11
16713,0,5279,9,0,5254,0,21
6878,0,4489,4,0,3874,0,10
6428,0,5292,3,0,4885,0,11
10843,0,5838,1,0,4343,0,2
3343,0,4172,2,0,4041,0,4
3634,0,4646,1,0,5059,0,4
22336,0,5276,4,0,5433,0,4
10870,0,4259,2,0,5267,0,2
8121,0,4524,2,0,3685,0,10
11751,0,6238,4,0,5976,0,10
8419,0,4182,5,0,5479,0,8
10403,0,5430,1,0,5128,0,3
8804,0,6194,2,0,4631,0,5
20303,0,5244,12,0,4989,0,18
8746,0,4971,3,0,5490,0,8
20390,0,5788,1,0,5187,0,6
33381,0,5171,6,0,5205,0,14
45898,0,5411,1,0,7148,0,1
17470,0,5472,5,0,5479,0,10
6058,0,4615,2,0,5840,0,2
27100,0,5349,0,0,4655,0,0
63409,0,4743,0,0,5224,0,1
11145,0,3477,2,0,5299,0,3
11341,0,4661,5,0,5007,0,10
8534,0,5044,2,0,5102,0,3
7411,0,4527,0,0,5258,0,1
34085,0,5284,5,0,4619,0,9
8533,0,4837,0,0,6255,0,1
9673,0,5414,3,0,4351,0,5
10883,0,5283,3,0,5862,0,3
19591,0,5429,5,0,5778,0,10
41048,0,5185,10,0,4540,0,22
7533,0,4915,2,0,5604,0,4
3939,0,5274,4,0,4549,0,10
7026,0,4946,2,0,5277,0,2
14098,0,4714,4,0,5445,0,10
16556,0,4354,6,0,5223,0,9
8413,0,4883,2,0,6026,0,7
22663,0,4936,3,0,5312,0,7
4279,0,5767,1,0,5820,0,3
11666,0,4125,3,0,4303,0,4
7970,0,6083,4,0,4068,0,5
20732,0,4715,2,0,4844,0,2
42276,0,5510,8,0,5407,0,15
9105,0,6341,5,0,4503,0,8
32893,0,4887,7,0,5441,0,13
16943,0,5421,3,0,5190,0,11
5185,0,5227,7,0,5781,0,10
3905,0,4424,3,0,4776,0,7
5528,0,6063,2,0,4994,0,3
5350,0,5236,0,0,5303,0,0
6937,0,4562,4,0,4809,0,6
6467,0,4603,3,0,4799,0,15
7089,0,4516,4,0,3879,0,10
16856,0,5403,5,0,5135,0,9
10319,0,5443,2,0,6177,0,3
14244,0,6110,0,0,4750,0,1
12554,0,5759,6,0,5278,0,12
27227,0,6389,1,0,4905,0,3
3201,0,5662,2,0,5179,0,4
13898,0,5118,3,0,4931,0,11
138644,0,4710,25,0,5245,0,49
6781,0,5062,4,0,5915,0,6
6887,0,5087,3,0,4750,0,6
4057,0,4534,2,0,5524,0,3
34818,0,5378,8,0,6264,0,18
16316,0,4626,3,0,4811,0,7
9737,0,5098,3,0,4749,0,8
3978,0,5323,2,0,4866,0,4
9691,0,4697,1,0,4794,0,2
102154,0,5264,7,0,4688,0,13
10314,0,5089,3,0,5045,0,3
112839,0,5150,5,0,4723,0,10
14411,0,4807,3,0,4969,0,12
17089,0,3845,9,0,4867,0,17
64486,0,4121,17,0,4706,0,33
9267,0,5385,2,0,4939,0,5
97536,0,4564,0,0,4951,0,1
114806,0,6134,6,0,5133,0,16
122832,0,4084,30,0,6056,0,43
32321,0,5300,7,0,5717,0,13
24473,0,6446,2,0,4640,0,2
11185,0,5081,0,0,5745,0,4
6375,0,5749,1,0,4999,0,5
8333,0,4317,2,0,4543,0,8
4440,0,4579,4,0,4992,0,5
11480,0,4933,4,0,4550,0,9
15423,0,5143,0,0,5597,0,1
10255,0,4760,8,0,5243,0,10
22942,0,5759,3,0,5095,0,6
5836,0,4270,3,0,4051,0,5
7389,0,5216,5,0,5126,0,9
18123,0,4536,0,0,4492,0,0
76099,0,4963,2,0,5222,0,4
77675,0,5080,22,0,5275,0,40
51388,0,4581,1,0,5295,0,5
27371,0,6595,5,0,3794,0,10
7513,0,5051,1,0,4498,0,3
19444,0,4906,6,0,5161,0,13
9072,0,5321,3,0,5964,0,6
6811,0,5176,3,0,5799,0,6
60390,0,3989,2,0,4287,0,3
19779,0,5612,5,0,6042,0,14
15520,0,5016,6,0,4226,0,8
9145,0,4845,1,0,4636,0,12
6336,0,6750,1,0,5756,0,3
12655,0,5207,0,0,5229,0,1
4097,0,6177,2,0,6084,0,3
22653,0,5776,8,0,4548,0,18
24293,0,5718,3,0,5167,0,10
4296,0,4887,2,0,4804,0,7
48765,0,4796,11,0,5082,0,18
54115,0,5256,0,0,4471,0,1
5268,0,4056,6,0,5089,0,10
4472,0,5380,3,0,4920,0,5
17003,0,4680,1,0,5298,0,1
15392,0,4794,1,0,4494,0,2
5185,0,5999,3,0,5104,0,7
7090,0,4518,7,0,5149,0,14
15709,0,5285,7,0,4692,0,12
26033,0,4716,0,0,5689,0,0
20028,0,3928,0,0,5226,0,2
5745,0,5482,4,0,5483,0,7
21424,0,5008,6,0,4536,0,12
9389,0,5335,7,0,4982,0,12
9545,0,5077,4,0,4531,0,7
12459,0,5262,4,0,5094,0,6
11256,0,5018,3,0,3912,0,5
10957,0,5842,4,0,4912,0,9
47436,0,4737,3,0,5718,0,7
6260,0,5063,4,0,4822,0,8
53236,0,4112,0,0,4676,0,2
8063,0,4677,5,0,5043,0,8
10953,0,5450,4,0,4888,0,9
17891,0,5664,3,0,5498,0,10
21906,0,5157,1,0,4106,0,1
14607,0,6067,4,0,4896,0,6
29639,0,5581,9,0,5374,0,15
12190,0,4768,9,0,4630,0,15
15108,0,4133,0,0,4913,0,2
8669,0,5299,3,0,5194,0,3
26248,0,5155,1,0,5478,0,2
38710,0,4769,4,0,4798,0,18
17752,0,5560,6,0,5171,0,8
35650,0,6005,3,0,4702,0,9
62075,0,5427,0,0,6179,0,0
10267,0,4533,6,0,5694,0,13
9566,0,6797,0,0,5016,0,1
6078,0,5241,0,0,6303,0,2
7701,0,5236,3,0,4745,0,6
11771,0,4273,0,0,4940,0,6
9071,0,4708,2,0,5572,0,5
11472,0,5574,3,0,4221,0,7
6398,0,4662,1,0,5924,0,4
11721,0,5748,6,0,5319,0,8
75484,0,5111,12,0,4136,0,30
20399,0,5254,1,0,5129,0,3
15787,0,3675,5,0,4553,0,13
51557,0,5508,5,0,4518,0,11
6190,0,4391,6,0,4735,0,11
10024,0,5822,5,0,4686,0,8
7074,0,5225,2,0,4577,0,3
10220,0,4285,4,0,5496,0,14
9177,0,4861,5,0,4529,0,13
6089,0,5445,6,0,4273,0,9
135154,0,4616,6,0,4354,0,17
6406,0,5740,2,0,5515,0,4
88178,0,5018,20,0,4577,0,40
52454,0,5089,0,0,3694,0,0
6611,0,5104,6,0,4482,0,8
18986,0,4242,0,0,4599,0,1
4177,0,5470,2,0,4598,0,4
6664,0,5340,1,0,4908,0,7
35341,0,5271,0,0,6025,0,1
10226,0,4994,2,0,5617,0,5
7702,0,5163,9,0,6650,0,15
7100,0,5248,6,0,5805,0,9
7680,0,5818,0,0,4459,0,2
6722,0,5223,4,0,4510,0,6
9380,0,5492,2,0,4404,0,7
34614,0,4837,2,0,5404,0,5
35305,0,4233,0,0,5654,0,2
14140,0,5097,9,0,4898,0,18
60243,0,5641,3,0,5246,0,11
15885,0,4856,6,0,6349,0,13
8853,0,5486,5,0,4470,0,5
7842,0,3844,4,0,5435,0,7
12684,0,3956,5,0,5717,0,13
6614,0,5145,2,0,5564,0,4
10538,0,5138,4,0,6088,0,5
8558,0,4322,3,0,4497,0,11
8084,0,4851,8,0,4573,0,12
44734,0,4758,7,0,4884,0,14
16892,0,5082,1,0,4906,0,4
43176,0,4943,2,0,4931,0,3
28950,0,4475,1,0,5026,0,4
29765,0,5420,5,0,4897,0,9
11071,0,5234,6,0,5254,0,9
4792,0,6031,2,0,6289,0,7
21077,0,5821,7,0,4947,0,9
19850,0,4905,4,0,5161,0,14
5512,0,5274,3,0,5063,0,8
19817,0,5545,7,0,4820,0,17
14091,0,4384,5,0,5428,0,13
4744,0,4468,7,0,5056,0,10
10162,0,5116,4,0,5459,0,12
9591,0,4056,3,0,5016,0,4
10365,0,5373,0,0,4861,0,2
8018,0,5029,1,0,4780,0,3
6209,0,5274,2,0,4929,0,2
10037,0,5990,0,0,4486,0,0
6647,0,5228,1,0,5096,0,5
116618,0,5260,1,0,5577,0,4
172234,0,4546,5,0,6774,0,7
117853,0,5555,0,0,5258,0,0
86465,0,4961,1,0,3956,0,1
12752,0,4307,0,0,4447,0,4
4380,0,4573,4,0,4976,0,6
15390,0,4956,1,0,3810,0,3
11067,0,6451,1,0,5076,0,3
5147,0,5484,1,0,5405,0,3
16050,0,5498,4,0,4771,0,9
14442,0,4095,1,0,5194,0,1
37204,0,5401,0,0,5994,0,2
11629,0,3947,3,0,5649,0,10
6543,0,5328,3,0,5203,0,7
6525,0,5115,3,0,4982,0,5
31129,0,5548,18,0,4985,0,27
11547,0,5387,11,0,5269,0,15
19330,0,5616,4,0,5151,0,9
15682,0,4764,0,0,4814,0,1
5796,0,4311,3,0,4456,0,5
20877,0,4664,6,0,4384,0,12
30436,0,4480,9,0,4656,0,11
8960,0,4259,0,0,5059,0,1
99211,0,4169,0,0,4617,0,5
8101,0,5271,3,0,4599,0,3
18198,0,4755,0,0,5307,0,0
5020,0,4642,3,0,6066,0,4
6912,0,5825,2,0,5812,0,3
24967,0,5584,8,0,5698,0,13
11604,0,4837,0,0,5418,0,0
26608,0,5334,10,0,6207,0,21
15881,0,5129,6,0,5496,0,6
115638,0,5005,3,0,4855,0,4
23561,0,4161,2,0,4870,0,3
17807,0,4006,1,0,4775,0,5
8847,0,4730,5,0,5381,0,8
4644,0,4829,4,0,4787,0,11
5980,0,4834,3,0,5298,0,8
4460,0,5340,3,0,5235,0,7
8646,0,4973,2,0,4594,0,10
3432,0,4716,2,0,5586,0,5
9676,0,5734,4,0,5551,0,6
21293,0,4682,6,0,6884,0,16
10575,0,5969,4,0,6340,0,15
10149,0,6332,2,0,5065,0,2
10675,0,5987,1,0,4892,0,1
16378,0,6258,7,0,5907,0,13
16801,0,4731,0,0,5017,0,0
6905,0,4901,3,0,4949,0,6
11790,0,4680,0,0,5806,0,4
13708,0,5091,2,0,5481,0,4
12754,0,4524,6,0,6392,0,11
24187,0,5069,8,0,4483,0,14
7138,0,5783,7,0,5160,0,12
34088,0,5012,2,0,4820,0,6
4675,0,4658,1,0,5309,0,7
16590,0,4751,0,0,4886,0,0
9668,0,5073,1,0,5612,0,1
5367,0,6045,6,0,4983,0,8
7484,0,4812,6,0,4969,0,10
16690,0,5060,6,0,3993,0,14
63461,0,5395,0,0,4171,0,3
13092,0,5150,3,0,5563,0,8
4590,0,5093,3,0,4969,0,3
4878,0,5441,2,0,5657,0,3
4604,0,6206,0,0,5511,0,4
5536,0,4821,4,0,4570,0,5
6277,0,5195,3,0,5158,0,10
14459,0,5348,5,0,4972,0,9
52563,0,5064,1,0,5142,0,2
3934,0,4816,2,0,4929,0,4
6869,0,5554,4,0,4883,0,6
15694,0,4444,8,0,5751,0,11
34500,0,5680,0,0,4881,0,1
7526,0,5143,0,0,5357,0,1
10865,0,4904,5,0,4869,0,10
4233,0,5318,3,0,5630,0,5
28304,0,5471,6,0,6600,0,12
7799,0,5277,7,0,4543,0,11
99126,0,4715,2,0,5387,0,2
169050,0,4869,0,0,4276,0,0
6256,0,4540,2,0,6604,0,4
27286,0,5605,0,0,4225,0,2
7646,0,4858,7,0,5019,0,11
27102,0,4718,4,0,5409,0,7
9922,0,4763,7,0,4254,0,13
25263,0,6163,11,0,5269,0,17
2844,0,5355,4,0,4256,0,6
10969,0,6139,2,0,5376,0,5
4908,0,5239,5,0,5151,0,10
5550,0,4351,4,0,5910,0,8
60345,0,4401,21,0,5327,0,37
7027,0,5886,4,0,4622,0,5
13424,0,6081,2,0,4072,0,5
9286,0,5004,3,0,4531,0,5
8403,0,5574,3,0,5105,0,9
30728,0,4583,2,0,4829,0,5
7440,0,4716,5,0,5912,0,9
67946,0,4980,15,0,5331,0,28
12805,0,4757,1,0,4424,0,3
4846,0,4852,4,0,6498,0,6
154655,0,5795,0,0,5766,0,0
44762,0,5189,9,0,5369,0,18
17181,0,5961,2,0,5079,0,3
23415,0,5028,1,0,5684,0,2
10830,0,5924,2,0,6266,0,7
8329,0,4855,2,0,6194,0,6
21821,0,4998,2,0,5348,0,4
17586,0,5037,5,0,4474,0,7
16063,0,4893,3,0,5363,0,7
17593,0,4228,2,0,5317,0,5
17339,0,4425,4,0,5146,0,6
19136,0,4884,0,0,4732,0,0
10483,0,4691,2,0,5360,0,8
20531,0,5149,1,0,5150,0,2
7583,0,4665,0,0,5961,0,2
110864,0,5670,24,0,4939,0,40
8402,0,4955,4,0,4690,0,8
66597,0,4549,2,0,5586,0,2
6791,0,5004,3,0,5032,0,7
11414,0,5141,1,0,5134,0,4
26097,0,4791,0,0,4822,0,1
17650,0,5705,1,0,4490,0,1
2992,0,5027,4,0,4291,0,5
47991,0,4898,0,0,5025,0,3
46978,0,5312,0,0,4091,0,0
22459,0,5199,0,0,4519,0,1
18765,0,4266,3,0,5340,0,7
8632,0,4374,0,0,5636,0,2
2744,0,4842,2,0,4876,0,3
7988,0,4265,4,0,5275,0,12
10105,0,4486,5,0,4502,0,8
42896,0,5611,2,0,4122,0,7
11395,0,5709,1,0,5818,0,2
17194,0,4550,3,0,4542,0,7
13143,0,4878,8,0,4969,0,16
4975,0,4751,3,0,5322,0,7
79792,0,5685,0,0,4159,0,1
102561,0,5935,4,0,5756,0,5
26617,0,4603,1,0,4692,0,2
16705,0,4446,7,0,5060,0,17
9842,0,5698,2,0,4779,0,7
16935,0,4482,5,0,5410,0,10
11645,0,5728,6,0,4461,0,13
5179,0,5084,3,0,4835,0,3
4026,0,4623,2,0,4812,0,3
16409,0,4109,7,0,4581,0,8
18330,0,4486,5,0,4742,0,6
18690,0,4770,0,0,5045,0,0
7554,0,5616,2,0,5048,0,4
10939,0,4812,0,0,4824,0,0
15298,0,4878,6,0,4102,0,7
9932,0,5440,1,0,5354,0,3
16398,0,4892,3,0,3995,0,3
6415,0,5047,4,0,4774,0,7
5241,0,4450,1,0,4535,0,5
6052,0,5780,0,0,4911,0,0
40785,0,5105,1,0,5494,0,1
16807,0,5068,6,0,4929,0,7
97037,0,5111,0,0,4277,0,0
3890,0,6347,3,0,5246,0,5
20654,0,4159,2,0,4341,0,4
13696,0,5046,5,0,4648,0,10
243064,0,4454,22,0,4218,0,55
23269,0,5135,3,0,6536,0,11
15682,0,4446,8,0,4999,0,17
44865,0,4666,3,0,5111,0,10
11295,0,5627,0,0,5456,0,2
6990,0,5951,3,0,4926,0,8
43086,0,5004,1,0,4533,0,4
30794,0,4673,2,0,5508,0,4
49389,0,4757,15,0,5318,0,34
28346,0,4677,0,0,4851,0,1
2760,0,4295,2,0,4455,0,4
8075,0,5476,3,0,5267,0,6
9718,0,4891,3,0,5050,0,6
3092,0,5235,3,0,5342,0,4
20878,0,5811,0,0,4937,0,4
40116,0,4374,0,0,4400,0,1
5964,0,5038,6,0,5057,0,11
74203,0,5391,10,0,3977,0,30
7923,0,4705,1,0,4995,0,6
4560,0,4174,4,0,5082,0,5
65143,0,4524,0,0,5790,0,1
10892,0,4727,7,0,4257,0,13
58433,0,5235,8,0,3641,0,14
17445,0,4908,5,0,5246,0,12
164467,0,4066,3,0,4991,0,3
33995,0,4841,8,0,5045,0,11
46686,0,6295,10,0,4965,0,27
7288,0,5094,1,0,5038,0,5
6337,0,5330,3,0,5557,0,8
13960,0,4916,2,0,4630,0,5
9722,0,5148,2,0,4291,0,3
4936,0,4922,1,0,4453,0,5
14659,0,4908,1,0,5521,0,4
11273,0,4731,1,0,5179,0,4
28890,0,4670,5,0,5492,0,7
22570,0,5681,1,0,5220,0,9
23868,0,6023,2,0,4644,0,6
13954,0,5901,0,0,4779,0,0
26763,0,4678,1,0,4524,0,3
69693,0,5392,10,0,4629,0,12
14427,0,5034,7,0,5231,0,14
4081,0,4320,3,0,5349,0,4
27190,0,4081,3,0,5063,0,4
10849,0,5105,3,0,4816,0,7
7637,0,5146,3,0,4002,0,6
9654,0,5439,1,0,4837,0,4
9022,0,5668,5,0,5007,0,9
27657,0,5187,1,0,4906,0,4
24516,0,5143,2,0,4692,0,3
21540,0,5156,3,0,4374,0,7
6670,0,5656,1,0,4964,0,2
5712,0,4801,2,0,5472,0,2
18020,0,5021,4,0,4719,0,7
122331,0,5595,5,0,4699,0,11
7858,0,3693,2,0,5500,0,3
16167,0,5325,6,0,5879,0,18
44128,0,5145,0,0,5434,0,0
25247,0,5245,2,0,5494,0,6
31590,0,3740,0,0,4436,0,0
18100,0,5389,6,0,6472,0,11
103547,0,4840,16,0,5242,0,22
101847,0,5641,0,0,4940,0,2
11989,0,5064,0,0,6552,0,2
5762,0,4331,3,0,4867,0,6
3945,0,4578,1,0,4289,0,2
8461,0,4928,0,0,5465,0,1
4798,0,5684,2,0,4279,0,4
21877,0,5308,9,0,4503,0,14
11428,0,4890,1,0,5285,0,3
5314,0,5013,0,0,4690,0,4
6510,0,4756,1,0,4557,0,2
7669,0,4235,13,0,5165,0,20
10596,0,6235,5,0,5396,0,10
6871,0,5028,2,0,4980,0,4
3975,0,4713,1,0,4895,0,6
27451,0,5795,2,0,5703,0,4
11336,0,5383,8,0,5811,0,9
70569,0,4770,18,0,4207,0,34
13081,0,4708,7,0,5534,0,13
11291,0,4610,4,0,5199,0,10
4671,0,4687,3,0,4772,0,3
33593,0,5659,2,0,4656,0,2
12050,0,4741,4,0,5949,0,6
30232,0,4535,13,0,3918,0,20
16859,0,5071,5,0,4706,0,8
27706,0,5303,9,0,4520,0,18
6943,0,4386,7,0,5674,0,10
12268,0,5323,8,0,4797,0,10
5178,0,6236,1,0,5006,0,1
33515,0,6089,11,0,4792,0,19
15887,0,5821,7,0,5474,0,14
14804,0,4476,10,0,5016,0,17
7483,0,4672,3,0,4676,0,5
7845,0,5156,3,0,5840,0,7
13067,0,5697,1,0,5219,0,3
6809,0,4107,5,0,4608,0,11
3266,0,5362,2,0,6233,0,2
8688,0,4926,1,0,5025,0,4
38871,0,5267,2,0,4341,0,2
77682,0,4336,14,0,6259,0,25
38258,0,5351,16,0,4426,0,22
8638,0,4103,1,0,4625,0,3
5066,0,5071,2,0,5135,0,4
21517,0,5430,0,0,4486,0,1
10422,0,4680,0,0,5298,0,1
11854,0,4870,2,0,6425,0,4
3572,0,5272,2,0,4916,0,5
28555,0,5214,10,0,5941,0,17
16966,0,5834,1,0,5385,0,4
3930,0,5233,1,0,6456,0,3
33990,0,4993,10,0,5108,0,21
57385,0,5379,0,0,5727,0,1
18634,0,5826,6,0,5636,0,13
22933,0,4382,6,0,4681,0,11
11039,0,4669,3,0,5654,0,4
69535,0,4555,17,0,5355,0,35
58090,0,5592,5,0,4609,0,6
117520,0,4446,17,0,4637,0,37
3810,0,4706,1,0,5046,0,2
13938,0,5109,2,0,4539,0,9
9969,0,4370,1,0,5361,0,3
27113,0,5393,4,0,6170,0,6
10148,0,4273,0,0,4404,0,2
11877,0,4322,3,0,5270,0,8
9563,0,5222,1,0,5285,0,2
3660,0,6494,4,0,6087,0,10
5576,0,4655,7,0,4667,0,9
7376,0,6021,1,0,6128,0,4
31008,0,4557,9,0,5214,0,16
3035,0,3630,0,0,4573,0,0
34979,0,5525,0,0,4435,0,1
13807,0,4533,2,0,5758,0,4
35853,0,5321,2,0,5323,0,3
19035,0,5524,2,0,5185,0,8
12654,0,4911,1,0,5818,0,1
11412,0,4151,0,0,5562,0,2
4839,0,5894,4,0,6217,0,8
16886,0,5749,3,0,5061,0,6
11260,0,4991,0,0,4463,0,0
6861,0,5170,1,0,5362,0,2
10386,0,4816,0,0,5209,0,0
4733,0,5608,3,0,3997,0,6
61305,0,4550,4,0,5256,0,5
43977,0,5962,10,0,5566,0,18
8350,0,5399,0,0,4422,0,2
7448,0,4601,1,0,4297,0,4
7477,0,4752,0,0,4938,0,1
54790,0,5196,15,0,4423,0,25
9978,0,4995,10,0,5212,0,13
8685,0,5023,7,0,5587,0,9
12845,0,4857,2,0,4376,0,2
8807,0,4525,0,0,5515,0,1
65373,0,4261,2,0,5320,0,2
12392,0,4889,1,0,3892,0,6
25683,0,5185,8,0,5531,0,14
3446,0,4620,0,0,5003,0,1
7049,0,5253,1,0,5317,0,3
4620,0,5061,7,0,5136,0,10
6454,0,4099,1,0,5593,0,4
15936,0,4074,1,0,4704,0,1
4624,0,4691,2,0,4716,0,3
16387,0,4218,2,0,5802,0,9
3370,0,5593,1,0,5585,0,2
8123,0,4637,2,0,4818,0,8
13564,0,5742,6,0,5960,0,13
18579,0,5175,1,0,5559,0,1
24541,0,4567,0,0,5313,0,2
46515,0,4819,18,0,4659,0,23
7914,0,4305,8,0,4716,0,14
17324,0,4770,5,0,6343,0,9
11314,0,4243,1,0,4187,0,1
3581,0,5640,1,0,3832,0,1
26496,0,5965,1,0,5368,0,1
7282,0,5536,7,0,5278,0,11
10295,0,4771,7,0,5416,0,13
3899,0,5176,3,0,4498,0,5
8693,0,4841,4,0,5705,0,7
73940,0,4940,18,0,4253,0,39
50380,0,4098,2,0,4930,0,4
6430,0,4541,2,0,4565,0,4
11575,0,4815,0,0,5134,0,0
4436,0,4580,3,0,5356,0,7
6644,0,5646,1,0,5041,0,6
3344,0,4315,0,0,5474,0,3
3447,0,5393,3,0,5394,0,3
35823,0,4887,13,0,4859,0,24
18061,0,4493,1,0,5243,0,1
33065,0,4947,6,0,6118,0,8
10074,0,4302,2,0,4476,0,5
13866,0,5188,1,0,4736,0,1
18329,0,4298,2,0,4841,0,5
16812,0,4757,0,0,4674,0,1
6943,0,4867,2,0,5290,0,6
