52182,183937201,50,176529205,50,936,408,0,899,0
65656,234912614,50,213299275,50,1058,467,0,967,0
106889,178583470,50,208238485,50,736,407,0,1097,0
322736,214803498,50,237618834,50,1065,532,0,1221,0
84641,213649962,50,250287331,50,1182,539,0,1483,0
30059,142890053,50,165120350,50,1157,372,0,867,0
70327,225616001,50,261838783,50,1474,603,0,1233,0
174371,247968540,50,174416322,50,963,458,0,1231,0
44642,201005091,50,206708716,50,770,449,0,1065,0
35592,266766568,50,256602788,50,1287,533,0,1045,0
72015,280890004,50,223063759,50,1257,720,0,1090,0
8843,155945882,50,190564643,50,916,359,0,987,0
69699,239388887,50,213068551,50,894,544,0,1152,0
154858,252660198,50,161191419,50,870,391,0,1048,0
18599,211972650,50,160266201,50,1202,364,0,1128,0
177715,224558617,50,231539146,50,1026,629,0,1330,0
163475,189428978,50,216951426,50,1360,565,0,1650,0
13889,151371323,50,182040914,50,873,413,0,1160,0
70438,199948555,50,212845472,50,949,540,0,1190,0
302473,181006877,50,220925013,50,1358,492,0,622,0
184552,231336798,50,182757806,50,1355,456,0,1318,0
119909,227485532,50,227844446,50,1669,602,0,1506,0
66703,181764977,50,148332698,50,771,365,0,1167,0
10005,169406887,50,221810006,50,1117,493,0,1764,0
34412,184482358,50,173659757,50,980,446,0,917,0
15293,157540554,50,175185150,50,921,382,0,998,0
18835,160686281,50,191114363,50,879,478,0,756,0
59155,216270205,50,208514021,50,1408,532,0,986,0
27425,199309223,50,204316532,50,1134,427,0,1489,0
201689,258041031,50,239006112,50,974,572,0,1706,0
460502,189211377,50,235921138,50,1454,492,0,1469,0
88887,194066678,50,190215102,50,948,486,0,958,0
78388,191809438,50,262572333,50,1297,598,0,1066,0
8626,184878813,50,192641590,50,1107,466,0,824,0
38156,212343223,50,177132725,50,1607,436,0,1366,0
7920,168883558,50,195907907,50,1117,433,0,891,0
150509,200938911,50,232666678,50,1114,497,0,1127,0
6720,205701133,50,217604078,50,1126,501,0,1140,0
139006,217350444,50,173527771,50,967,390,0,1045,0
61238,244486843,50,192187944,50,1175,474,0,1023,0
14107,188929177,50,281449965,50,1127,616,0,925,0
78275,233665738,50,258360593,50,1228,571,0,1278,0
12017,167476936,50,195550676,50,1063,427,0,1256,0
47658,169791533,50,226141160,50,1255,413,0,770,0
18790,199610955,50,255534926,50,1209,736,0,946,0
23736,161685233,50,170481537,50,990,311,0,1484,0
243658,221977165,50,218493119,50,955,513,0,1247,0
53808,192066311,50,181278294,50,905,424,0,1045,0
81964,172043842,50,216416396,50,1031,387,0,1191,0
141803,199691607,50,215814206,50,1104,481,0,1159,0
230270,126834665,50,169133094,50,1003,290,0,1007,0
16805,126290615,50,235051311,50,1092,377,0,763,0
89367,191608829,50,201777182,50,1149,460,0,1026,0
29595,211189929,50,164409406,50,1043,364,0,1267,0
101979,201641074,50,189694097,50,869,521,0,884,0
438725,268266507,50,213604117,50,909,680,0,1270,0
222871,229495448,50,195610531,50,1503,540,0,1173,0
261414,199082813,50,181874480,50,578,362,0,1034,0
151949,234882409,50,205319311,50,1157,529,0,1164,0
175739,151588553,50,214154007,50,1169,440,0,868,0
2515,201655418,50,191609756,50,1182,464,0,914,0
30177,204382939,50,163414103,50,1111,438,0,1020,0
28047,151448161,50,261349203,50,940,559,0,831,0
94682,176631286,50,259479867,50,1278,591,0,808,0
56257,222246877,50,168991784,50,1271,354,0,1550,0
12553,162018455,50,258359922,50,1139,567,0,819,0
155908,184018732,50,202163122,50,1258,416,0,1697,0
215443,225511322,50,195510817,50,921,567,0,1513,0
19798,161459381,50,210262679,50,1258,373,0,712,0
60367,171903542,50,213805125,50,818,468,0,916,0
63441,208194434,50,218886849,50,1064,447,0,745,0
199900,174797852,50,205759445,50,746,449,0,969,0
229926,198901228,50,184312481,50,1209,393,0,1322,0
8144,241360118,50,182397921,50,887,372,0,1284,0
119270,214064797,50,274217081,50,1163,583,0,945,0
213564,142818059,50,211832641,50,918,492,0,795,0
50285,191692734,50,205915807,50,1286,530,0,931,0
36744,229671088,50,246674564,50,1065,662,0,1380,0
8087,146907518,50,221420696,50,1389,381,0,1197,0
126464,215353377,50,222634926,50,1047,520,0,1175,0
63918,231637701,50,207460780,50,1431,399,0,1229,0
204664,220101121,50,194005971,50,1064,474,0,937,0
31845,221789683,50,222966381,50,1155,448,0,1195,0
164191,175246468,50,229053971,50,1267,471,0,992,0
46253,139201441,50,228551441,50,1440,452,0,800,0
323884,194727305,50,264516623,50,874,540,0,1033,0
40227,172923310,50,241798043,50,1214,546,0,1792,0
44352,194332597,50,198628047,50,1103,533,0,1837,0
323623,207855045,50,187422665,50,1827,481,0,1209,0
59434,173156314,50,196307889,50,1046,373,0,1479,0
103507,208983091,50,245861448,50,1313,527,0,1134,0
22646,158316134,50,223210805,50,1184,531,0,626,0
13483,109071644,50,247823851,50,1077,509,0,570,0
17988,223412977,50,202777181,50,1208,497,0,1329,0
144510,186696577,50,224997088,50,1082,520,0,795,0
39464,225578504,50,237045449,50,795,593,0,1782,0
3986,182445421,50,207272910,50,963,438,0,920,0
119550,198392349,50,156333820,50,898,342,0,1343,0
27458,246694566,50,239659766,50,1241,582,0,1638,0
65557,168975927,50,143658835,50,531,287,0,1577,0
114722,194818536,50,179600392,50,933,417,0,836,0
88675,193747839,50,246673663,50,1455,468,0,944,0
86015,149358120,50,239294364,50,1062,490,0,701,0
169357,195877591,50,198199668,50,1019,515,0,1291,0
11421,171917316,50,194935096,50,1297,398,0,800,0
19887,165806494,50,227846191,50,1133,511,0,910,0
64053,199758105,50,206891361,50,848,432,0,1058,0
276181,209746719,50,200534737,50,1232,409,0,1247,0
52012,148962783,50,176401036,50,863,446,0,727,0
5557,178641111,50,163786931,50,843,338,0,1156,0
15143,186124801,50,218792845,50,1100,452,0,1130,0
33873,205596291,50,180720091,50,917,400,0,1057,0
55802,173477503,50,213011173,50,798,519,0,926,0
176676,144747818,50,244754335,50,1770,485,0,833,0
116030,184847257,50,225831160,50,868,512,0,1143,0
97311,177887469,50,169213651,50,879,379,0,876,0
16093,193672310,50,173188307,50,868,369,0,1378,0
108113,174388650,50,174857685,50,1100,391,0,1221,0
91949,171062185,50,171998432,50,1130,351,0,1060,0
113287,165716460,50,188763989,50,1129,406,0,1093,0
42636,161684642,50,271770500,50,1403,565,0,1032,0
95563,202883447,50,201322404,50,921,521,0,1210,0
163260,167570004,50,235551983,50,1228,550,0,1048,0
54032,199048734,50,191094943,50,699,443,0,1031,0
108347,186156548,50,208606006,50,805,413,0,956,0
12811,214299402,50,182124587,50,787,420,0,1747,0
148750,208662470,50,213862369,50,845,430,0,866,0
117087,198580132,50,211170039,50,1049,466,0,1220,0
36760,207130307,50,197392947,50,987,477,0,1257,0
243753,207328852,50,282321594,50,1076,608,0,1033,0
23707,179654034,50,185565558,50,925,390,0,848,0
7901,192675457,50,204573118,50,1121,537,0,1011,0
47690,231683436,50,229376179,50,1199,549,0,1153,0
77154,149710699,50,213974358,50,1464,392,0,688,0
87194,187137242,50,235063342,50,951,588,0,812,0
78550,175149477,50,167636714,50,764,301,0,1177,0
37797,241708955,50,219320913,50,935,521,0,1366,0
462442,197580984,50,179792195,50,1068,357,0,1591,0
11978,178066996,50,193807969,50,1410,349,0,620,0
88933,183865269,50,282995094,50,1530,600,0,672,0
7541,220938391,50,174410586,50,853,408,0,865,0
17244,192440156,50,207635519,50,1163,458,0,1369,0
252526,222127492,50,150073844,50,1418,427,0,1048,0
81017,234639936,50,204117470,50,794,321,0,1778,0
50853,181385813,50,225166911,50,1196,457,0,1637,0
36423,177002103,50,260399074,50,1578,469,0,904,0
70046,241391499,50,199800400,50,1583,438,0,1313,0
94679,191992708,50,264216901,50,1337,626,0,1033,0
149635,215793727,50,203304291,50,887,414,0,1359,0
12598,215250750,50,181823697,50,726,431,0,1030,0
17178,253890298,50,195332841,50,930,481,0,1116,0
59809,234677418,50,199115991,50,734,602,0,1352,0
25391,162979811,50,186076730,50,870,486,0,705,0
169495,180347281,50,160313271,50,829,534,0,1410,0
7274,188994411,50,225570653,50,1223,472,0,959,0
71365,201246978,50,216194216,50,1135,449,0,1080,0
12845,162177891,50,213422006,50,1106,411,0,873,0
148577,207179540,50,262159783,50,1466,512,0,1111,0
4483,185712073,50,250625809,50,950,675,0,918,0
126384,203807398,50,218228901,50,1164,423,0,1221,0
67080,163156251,50,231563541,50,1095,447,0,823,0
146193,183208439,50,203682405,50,1166,496,0,1335,0
170348,189754193,50,193882412,50,754,449,0,874,0
205011,161122799,50,196826179,50,1298,379,0,990,0
102049,190013801,50,186494470,50,1448,401,0,1451,0
26166,188672715,50,181710533,50,726,460,0,845,0
14912,220732332,50,231166240,50,1230,469,0,994,0
253918,170174123,50,195104140,50,776,426,0,1381,0
51062,207888113,50,194564972,50,692,453,0,1549,0
57592,207912121,50,225161765,50,1146,435,0,968,0
211262,203680127,50,201793093,50,1261,515,0,1609,0
38550,229481964,50,160331263,50,823,387,0,1417,0
129386,172158060,50,237438698,50,1358,477,0,1023,0
41065,196138115,50,222848819,50,1194,502,0,1002,0
186490,217224319,50,188515387,50,789,455,0,803,0
126642,203962620,50,260003999,50,881,652,0,1016,0
5691,143018731,50,128302202,50,948,345,0,676,0
21266,163156006,50,238660405,50,882,424,0,856,0
106909,144703123,50,145225365,50,1249,321,0,817,0
102016,268376463,50,217220476,50,1304,583,0,1202,0
17600,206639727,50,149837142,50,973,369,0,1082,0
160123,180272180,50,218539692,50,1006,473,0,915,0
33244,206211132,50,258631883,50,1233,588,0,719,0
139710,196505496,50,159940341,50,1113,350,0,1160,0
79296,185005493,50,169521803,50,906,352,0,763,0
14129,138854911,50,235980190,50,1373,610,0,779,0
49385,205445633,50,270984938,50,1384,625,0,948,0
57183,198891204,50,209931738,50,1160,489,0,1229,0
42228,188198421,50,244581613,50,1531,514,0,973,0
321966,200062442,50,225546585,50,1187,378,0,1318,0
20648,203900728,50,179103669,50,1092,444,0,1116,0
451775,179656860,50,238775732,50,1454,732,0,1434,0
11797,170062554,50,176222644,50,945,321,0,1104,0
31162,222470463,50,213941152,50,977,528,0,1221,0
16390,164081511,50,199268729,50,960,489,0,982,0
97823,248135004,50,218421966,50,1244,548,0,1399,0
140214,166312317,50,184966435,50,924,345,0,871,0
101942,169574688,50,216735972,50,1496,498,0,999,0
118042,187456482,50,232514482,50,1163,541,0,990,0
41604,249931858,50,218778677,50,1333,404,0,1481,0
78608,188145556,50,269402424,50,1006,661,0,1004,0
22398,186635401,50,228821185,50,1370,552,0,926,0
12656,169207598,50,194917629,50,1111,467,0,956,0
8715,155218360,50,167448319,50,968,436,0,724,0
22228,236450114,50,214682810,50,968,592,0,1318,0
103363,162964975,50,164843299,50,1118,340,0,999,0
89046,173530312,50,164795435,50,735,449,0,1477,0
4485,182245439,50,161094111,50,1153,352,0,787,0
23934,118964660,50,190605376,50,873,359,0,816,0
80548,187605258,50,216563320,50,1102,546,0,1010,0
336540,168714828,50,192199930,50,1246,390,0,1082,0
396860,211250427,50,168606250,50,867,385,0,864,0
89852,199134963,50,248775627,50,944,484,0,1063,0
3264,188968307,50,213327865,50,942,431,0,1367,0
18657,191353871,50,218234004,50,1471,466,0,838,0
37902,230277611,50,159653113,50,890,394,0,1023,0
13708,187134987,50,183810022,50,621,485,0,893,0
165257,210034595,50,214690156,50,1514,559,0,1150,0
91758,206080096,50,202308523,50,1538,478,0,1516,0
6182,217666225,50,280689267,50,879,612,0,1335,0
119400,159643190,50,217806276,50,719,429,0,908,0
105145,199625485,50,180920919,50,785,434,0,966,0
16413,171561868,50,198049712,50,917,439,0,837,0
70718,219742286,50,233167101,50,1043,590,0,1126,0
346148,181322677,50,289354244,50,1348,819,0,1441,0
47445,201365054,50,192225084,50,1086,396,0,1270,0
197108,198109477,50,198580684,50,828,592,0,1234,0
126610,139233542,50,224162648,50,1353,561,0,835,0
5591,195918587,50,179165197,50,1043,466,0,1175,0
131796,177911526,50,265649837,50,1428,630,0,1342,0
3662,166750954,50,191170042,50,867,392,0,1087,0
193021,255536739,50,268075044,50,1344,733,0,1227,0
105795,178220530,50,184609253,50,1219,387,0,804,0
39274,234294499,50,173202589,50,914,356,0,1995,0
26533,233957296,50,197499084,50,1264,449,0,1283,0
90104,168499029,50,222489200,50,1451,586,0,641,0
12843,188960639,50,263807970,50,1538,605,0,865,0
138650,170869751,50,253289616,50,1144,501,0,791,0
350054,278037650,50,192394094,50,1135,456,0,1221,0
124059,190165300,50,176390206,50,1014,467,0,1055,0
65528,170396836,50,288850001,50,1649,747,0,1260,0
83663,210976612,50,236055901,50,867,537,0,849,0
475213,241568440,50,183226425,50,1072,395,0,1350,0
346658,202556141,50,197682761,50,1071,511,0,1218,0
26044,156918117,50,143684636,50,1002,272,0,810,0
69497,207958440,50,202081432,50,1427,369,0,967,0
26403,253023920,50,216345133,50,1283,463,0,1539,0
21856,206576487,50,256168077,50,998,532,0,1021,0
100321,182330662,50,153351390,50,734,399,0,1125,0
3366,182664459,50,189063271,50,963,476,0,835,0
14622,252136311,50,214255972,50,1012,469,0,1343,0
40544,247995601,50,218245540,50,1065,527,0,1201,0
98629,174222428,50,228967435,50,1033,482,0,966,0
49424,240002025,50,176244244,50,1063,494,0,1071,0
347827,183641368,50,242961536,50,1124,398,0,1008,0
58295,170674711,50,199510501,50,1133,508,0,1646,0
19861,176846462,50,227076315,50,1090,499,0,1475,0
54146,252010428,50,234540868,50,1542,519,0,1401,0
8498,196390739,50,159559594,50,1018,330,0,1096,0
130436,184340557,50,220697477,50,1156,533,0,1210,0
20665,195586326,50,278003714,50,1818,619,0,887,0
103433,170656487,50,190458793,50,1378,480,0,1109,0
117804,195635328,50,184163827,50,993,438,0,914,0
9980,157064010,50,239288207,50,1251,610,0,777,0
73148,180671785,50,192288974,50,967,487,0,1004,0
175873,146237892,50,265174901,50,1510,555,0,773,0
5519,165417470,50,184697434,50,975,387,0,978,0
21704,182754619,50,176077925,50,959,351,0,847,0
200135,185088111,50,181495924,50,621,343,0,958,0
199162,222573828,50,198528620,50,1092,480,0,1417,0
111068,202149930,50,227336054,50,913,471,0,999,0
244570,201679739,50,213622885,50,785,437,0,984,0
264969,212879193,50,188827232,50,1044,430,0,1121,0
77185,190859502,50,222617361,50,1080,568,0,1259,0
64809,228717618,50,210368336,50,1287,538,0,1175,0
79377,227827431,50,235093220,50,1458,557,0,959,0
92794,182064650,50,193056187,50,1171,387,0,982,0
13170,231628233,50,211558829,50,881,451,0,904,0
32875,151404863,50,206796973,50,1341,456,0,1380,0
159902,200866093,50,181157125,50,1053,400,0,986,0
313596,178915116,50,191707938,50,914,357,0,1705,0
96535,185093121,50,265408174,50,1196,505,0,1439,0
136019,233569437,50,228351635,50,1828,519,0,1308,0
5418,164838413,50,153938079,50,860,392,0,690,0
116968,142834010,50,216580530,50,1099,488,0,874,0
8553,200933389,50,239260001,50,1016,592,0,1113,0
23092,158531248,50,182178172,50,847,468,0,1602,0
68608,194488960,50,181449196,50,687,394,0,1438,0
25134,139726969,50,240275597,50,887,470,0,846,0
17758,143074148,50,226678308,50,1099,383,0,1123,0
133879,220046047,50,178157186,50,1348,395,0,1079,0
113045,182564576,50,197791024,50,1038,333,0,1569,0
112570,213230573,50,218349147,50,976,481,0,1545,0
7512,195806262,50,179593512,50,1374,425,0,1044,0
204773,187096875,50,179195519,50,922,438,0,986,0
377856,187589033,50,184033304,50,951,357,0,803,0
117009,176898416,50,194769489,50,1053,434,0,928,0
188888,258283399,50,223057017,50,983,686,0,1411,0
109504,204661094,50,207474735,50,933,423,0,1101,0
172842,161502411,50,175130075,50,700,359,0,701,0
27143,167052242,50,194489077,50,525,429,0,847,0
85494,158653962,50,204071677,50,956,469,0,898,0
8858,208637945,50,211872314,50,1136,378,0,797,0
28833,168592191,50,267689263,50,952,607,0,959,0
5146,237542884,50,209184298,50,1329,453,0,1367,0
12696,176743441,50,258429273,50,1249,526,0,1049,0
12109,209972216,50,209114168,50,1110,511,0,1043,0
8277,187492419,50,212273444,50,906,365,0,911,0
68158,153277856,50,239575958,50,1536,427,0,700,0
5854,232950999,50,172942115,50,1269,417,0,1262,0
7414,245979857,50,179206306,50,824,519,0,1566,0
223218,193132144,50,255641910,50,1110,570,0,889,0
29958,206173197,50,211300479,50,1083,472,0,996,0
315699,169262825,50,177445827,50,920,394,0,998,0
15254,212812105,50,251412601,50,1302,627,0,1299,0
12143,121078271,50,181934251,50,512,315,0,839,0
8988,200863303,50,209766856,50,1318,561,0,1203,0
12782,154309887,50,183993559,50,967,431,0,1185,0
124858,170106664,50,202732671,50,1099,398,0,887,0
129123,209732631,50,259949729,50,1501,608,0,982,0
22617,177179985,50,203026030,50,1033,411,0,1031,0
31469,228242858,50,205524612,50,998,389,0,1532,0
45137,184822486,50,291516066,50,1233,788,0,1298,0
44218,209725957,50,240767635,50,724,523,0,946,0
99825,224123838,50,188668598,50,770,505,0,1049,0
55743,202769152,50,186633539,50,1105,482,0,802,0
8278,173661564,50,200429193,50,972,463,0,781,0
142230,216673185,50,230274856,50,1065,551,0,1016,0
119201,162844454,50,217335968,50,940,492,0,984,0
59051,183006075,50,199532748,50,1167,383,0,563,0
20172,172617468,50,218774251,50,1098,503,0,1010,0
63195,187439969,50,250154979,50,993,539,0,1008,0
6515,182670145,50,195160313,50,957,485,0,1151,0
83385,200907082,50,214963007,50,1410,471,0,859,0
240752,215550385,50,209595990,50,1097,498,0,1274,0
143875,183907894,50,173487437,50,761,384,0,1052,0
61976,165089342,50,143760293,50,861,373,0,1217,0
63343,178378338,50,195362311,50,943,431,0,924,0
31149,237327478,50,229387718,50,1140,591,0,1199,0
217792,210849616,50,216967687,50,968,374,0,843,0
55998,178825996,50,200624966,50,910,429,0,918,0
34056,194453401,50,151266442,50,1062,309,0,820,0
81133,183980973,50,253350337,50,1089,544,0,1234,0
160375,185477808,50,180953827,50,685,506,0,1134,0
47284,161233160,50,203732038,50,1390,430,0,901,0
63112,211640290,50,181228699,50,1055,347,0,1279,0
24037,171424073,50,194390857,50,935,402,0,1103,0
12838,228614039,50,218702112,50,1251,500,0,1521,0
132192,177246355,50,158919009,50,658,331,0,633,0
64673,136117168,50,197920390,50,852,406,0,775,0
123497,178036772,50,181871331,50,818,358,0,1629,0
21902,189472003,50,232544895,50,1674,551,0,1625,0
36195,189109780,50,171079174,50,920,335,0,1288,0
8842,189601716,50,225406272,50,917,543,0,1142,0
88259,199267411,50,208790075,50,1106,378,0,934,0
12205,200570307,50,183121820,50,1088,379,0,1180,0
128901,209597033,50,261693048,50,1195,620,0,1052,0
9715,182651214,50,203963975,50,847,422,0,1227,0
560468,182527803,50,233593380,50,1050,440,0,1022,0
108481,214050829,50,233099696,50,1029,517,0,1046,0
136596,211156119,50,215632745,50,967,418,0,1157,0
46442,210225175,50,224812995,50,1060,597,0,1219,0
18099,221181444,50,199413775,50,948,532,0,1212,0
69822,156683171,50,214357861,50,1310,414,0,637,0
13500,169255074,50,237859955,50,1040,548,0,988,0
64423,210011200,50,256884319,50,973,639,0,997,0
13369,140329949,50,185132703,50,1057,424,0,1120,0
31750,181953525,50,233635787,50,1235,526,0,1092,0
5347,173923658,50,217717699,50,1228,481,0,771,0
11624,280043024,50,198294294,50,878,431,0,1430,0
5739,132240875,50,182468704,50,857,321,0,1080,0
101869,210697268,50,201078883,50,1220,568,0,978,0
107184,204181944,50,218370389,50,914,517,0,1762,0
158003,229260897,50,209293221,50,908,505,0,1009,0
16286,194573612,50,209066030,50,840,503,0,850,0
19588,298610310,50,197708081,50,828,439,0,1812,0
18678,163690417,50,200977904,50,1135,433,0,828,0
132645,238124231,50,247294671,50,1018,510,0,1388,0
107826,161163651,50,162547007,50,1009,345,0,1113,0
122329,176369423,50,187986715,50,860,423,0,1214,0
3059,246469750,50,239874706,50,1331,488,0,1029,0
47994,158683870,50,232474455,50,922,494,0,1175,0
22702,153481580,50,215918703,50,1156,422,0,1545,0
130472,193349583,50,240829942,50,1039,475,0,1357,0
45786,183147008,50,216565789,50,913,535,0,934,0
9955,228102844,50,178526046,50,609,338,0,1362,0
114750,238466573,50,208111274,50,760,498,0,1002,0
19380,221853377,50,247630151,50,1307,494,0,1227,0
24453,159457544,50,186153110,50,925,284,0,851,0
74806,186314630,50,251321523,50,1562,466,0,1364,0
36619,191255032,50,210501125,50,901,461,0,1570,0
114531,169656848,50,163252309,50,704,326,0,906,0
9792,160969289,50,145705603,50,677,314,0,860,0
100481,178344716,50,195333381,50,784,323,0,1373,0
198065,162164456,50,207698788,50,1121,469,0,1168,0
13373,186247938,50,195435117,50,1095,493,0,774,0
41861,192799720,50,201882143,50,1116,481,0,1313,0
18825,199831908,50,229015106,50,1112,576,0,948,0
97976,202866496,50,235392096,50,1341,591,0,853,0
9477,165508926,50,245752383,50,1476,501,0,862,0
56477,195297914,50,240831926,50,1478,508,0,1107,0
196730,169375761,50,235140787,50,1013,396,0,1165,0
80518,239773787,50,183229293,50,1038,439,0,1119,0
129981,199611698,50,213082796,50,870,448,0,1240,0
22853,225056087,50,229099999,50,1360,529,0,1524,0
24491,208381233,50,240455619,50,1018,488,0,1347,0
31050,143403802,50,194155161,50,1239,453,0,763,0
230437,220770654,50,181719796,50,887,473,0,1193,0
21316,185389701,50,219395002,50,1014,409,0,1490,0
18559,139570293,50,188889075,50,706,490,0,1080,0
154692,230034015,50,193575820,50,720,481,0,1193,0
10525,167286527,50,210784866,50,970,351,0,980,0
14565,165823808,50,217393122,50,1068,411,0,1164,0
80517,170730760,50,145960148,50,939,353,0,979,0
203858,169632040,50,237888815,50,973,513,0,1082,0
299829,219226820,50,180693449,50,849,455,0,1184,0
148916,227290643,50,211048397,50,1238,541,0,1375,0
175655,203846880,50,197015799,50,1047,446,0,1605,0
28694,211660348,50,217136198,50,1093,457,0,1040,0
16902,192159953,50,164036804,50,735,421,0,1096,0
185588,228420067,50,192018505,50,699,504,0,1189,0
107046,180266868,50,206659242,50,1006,511,0,874,0
55014,174594719,50,236791237,50,1521,545,0,1122,0
17088,186130852,50,204199773,50,936,359,0,969,0
71737,202130138,50,232130921,50,1341,582,0,910,0
59493,220364776,50,177529034,50,930,460,0,1836,0
10703,182194717,50,187186891,50,976,482,0,921,0
150625,210583753,50,162367618,50,1096,400,0,883,0
50718,247565332,50,290409734,50,1642,532,0,993,0
9023,223222600,50,220667896,50,970,469,0,836,0
60263,196395456,50,229541091,50,1294,526,0,1069,0
296834,225474020,50,241860557,50,860,459,0,1100,0
6927,211301707,50,244366639,50,1200,513,0,1101,0
13069,186271974,50,223446471,50,1392,439,0,1423,0
15650,186355785,50,201138230,50,911,528,0,1122,0
318678,245440030,50,183128504,50,961,437,0,1076,0
16032,169051720,50,188729217,50,922,357,0,1047,0
42961,166543696,50,298100614,50,1217,594,0,1142,0
286675,185061144,50,219785310,50,1110,461,0,1044,0
197872,194537311,50,186998647,50,1489,479,0,950,0
7635,196876328,50,185319393,50,937,397,0,871,0
111698,201337068,50,190657332,50,1321,378,0,1191,0
70546,194053223,50,188072147,50,1025,388,0,749,0
3464,232457729,50,198635206,50,927,450,0,1083,0
40815,166068175,50,237743451,50,1650,575,0,810,0
15080,157829602,50,170636968,50,1059,355,0,1026,0
2682,200626280,50,204120147,50,1225,438,0,677,0
25527,197909838,50,212014229,50,1341,545,0,875,0
41298,218616218,50,248338012,50,843,616,0,1257,0
80625,222349471,50,181611464,50,1041,444,0,948,0
74366,243990957,50,179630243,50,879,448,0,1136,0
22074,187564187,50,192526601,50,989,416,0,710,0
17979,172747392,50,229199084,50,1185,461,0,900,0
73439,206771411,50,227165372,50,1018,472,0,871,0
131142,167037797,50,194168889,50,1033,402,0,999,0
128097,203779510,50,184189817,50,614,429,0,1189,0
22855,128904751,50,157321313,50,699,352,0,660,0
188043,218033805,50,235747176,50,938,553,0,988,0
186247,238249585,50,273294048,50,1155,658,0,1060,0
9820,169172529,50,206256258,50,1203,449,0,1088,0
16460,195855771,50,242840959,50,1057,433,0,789,0
8125,161090651,50,202381160,50,1250,429,0,1478,0
207364,160420355,50,236716458,50,978,588,0,1231,0
229920,101389439,50,219301810,50,1496,346,0,657,0
209940,178124407,50,190416105,50,1243,446,0,864,0
76649,172517929,50,179454071,50,1189,413,0,1285,0
145733,162622741,50,245897218,50,1432,565,0,973,0
315943,195158556,50,236297866,50,1062,585,0,1023,0
105582,216475711,50,266656626,50,1199,672,0,1229,0
23017,204539199,50,188010456,50,1343,454,0,1345,0
75786,137982555,50,183751957,50,945,403,0,732,0
63037,228239124,50,207629495,50,1049,529,0,1516,0
70946,200184498,50,157143817,50,734,428,0,1545,0
101016,188050613,50,234847442,50,1283,556,0,857,0
49093,185152927,50,245934836,50,938,584,0,1226,0
38409,145113845,50,236553955,50,1076,563,0,799,0
28387,202274129,50,214065718,50,1021,512,0,1180,0
19553,201103689,50,224689076,50,976,484,0,857,0
5412,162835715,50,183204629,50,816,451,0,794,0
42602,256000923,50,223439920,50,1055,533,0,1381,0
38301,200693914,50,170342790,50,850,414,0,1029,0
91049,194633053,50,194499214,50,991,633,0,1094,0
23429,197810896,50,202479617,50,1115,429,0,770,0
30871,183378704,50,241427445,50,696,565,0,870,0
7328,192929812,50,209189290,50,834,504,0,1195,0
12402,240808421,50,301947520,50,1486,745,0,1521,0
115666,231063065,50,219807674,50,1030,575,0,1023,0
60131,143487759,50,199169249,50,1301,475,0,820,0
367655,172622612,50,226536742,50,1211,534,0,818,0
132314,189192172,50,256309025,50,967,675,0,1252,0
5023,201467455,50,230401297,50,1409,520,0,1095,0
42723,192766430,50,171932529,50,983,464,0,1041,0
120955,159105657,50,230674819,50,1281,422,0,621,0
156251,154775033,50,173483329,50,672,342,0,1003,0
37915,190777763,50,225863699,50,1105,491,0,703,0
24708,210620014,50,186376925,50,1292,353,0,1121,0
87958,191764245,50,259125136,50,1270,473,0,1599,0
171399,194172698,50,228591976,50,1194,570,0,1350,0
101818,185170292,50,238194416,50,1258,529,0,1084,0
127713,157114011,50,198404423,50,1054,515,0,977,0
15701,184356308,50,186387468,50,786,487,0,1227,0
54440,157619882,50,217696289,50,1299,408,0,822,0
104266,180550751,50,150043372,50,912,337,0,1040,0
19990,178918180,50,194050931,50,1385,509,0,897,0
105098,216457604,50,261988937,50,1196,538,0,1199,0
183282,158442383,50,211015735,50,1350,395,0,980,0
83720,160167917,50,123894493,50,707,290,0,1375,0
93744,183186431,50,221610737,50,1728,452,0,833,0
36355,192233731,50,198695868,50,1056,418,0,1016,0
54941,208753006,50,216135994,50,929,515,0,1254,0
23255,221423325,50,217729638,50,1419,495,0,986,0
201732,205550596,50,221483201,50,1091,503,0,1032,0
85385,197406621,50,213482257,50,1414,472,0,849,0
112339,201286092,50,249775773,50,1397,521,0,1141,0
240829,162244634,50,204673494,50,1374,403,0,839,0
85195,190273021,50,210893484,50,960,538,0,1367,0
100863,258368075,50,176223274,50,936,406,0,2051,0
17998,156414288,50,207573041,50,1379,477,0,701,0
10679,172540628,50,242325369,50,1033,508,0,844,0
157824,206831592,50,213042114,50,1219,590,0,1087,0
20575,169626763,50,225263562,50,1622,401,0,1106,0
23547,170417781,50,233982522,50,1093,522,0,864,0
34111,242666840,50,270799535,50,1140,649,0,1441,0
200103,233290873,50,204188258,50,1369,437,0,928,0
24184,227153407,50,189572056,50,1091,465,0,1290,0
47739,165850197,50,188123247,50,1040,414,0,909,0
13684,169344547,50,181277376,50,744,347,0,1010,0
165670,194615331,50,196205132,50,1017,441,0,990,0
16392,209384616,50,199728562,50,1229,485,0,790,0
3350,230970259,50,205686377,50,922,427,0,1341,0
33107,223084398,50,153917248,50,1060,286,0,1371,0
83672,223472972,50,186918850,50,784,446,0,1012,0
15087,190892348,50,223394743,50,1064,473,0,946,0
93723,186572027,50,260506184,50,1304,541,0,1077,0
146557,248313533,50,253668535,50,1032,537,0,1121,0
351407,183780777,50,255364657,50,1644,452,0,1026,0
75860,178793028,50,216043965,50,909,459,0,1063,0
7806,139106130,50,205151807,50,991,363,0,618,0
91357,159208305,50,245341336,50,1826,503,0,845,0
26064,196175587,50,202378779,50,1120,527,0,1035,0
35910,153723022,50,144337346,50,868,384,0,826,0
93708,208833637,50,195343934,50,1367,444,0,1396,0
8883,196422989,50,200315657,50,1191,333,0,886,0
7435,171983310,50,209413707,50,999,458,0,1089,0
212711,220149940,50,258820566,50,1377,720,0,1004,0
141723,193827353,50,172973459,50,955,395,0,651,0
242588,173542850,50,143637940,50,580,376,0,946,0
281810,189465713,50,265514492,50,1333,546,0,1246,0
148666,232261483,50,176862461,50,951,403,0,1106,0
155771,183414293,50,216714343,50,1059,501,0,880,0
204456,163582600,50,206618933,50,1098,471,0,1161,0
291426,173498149,50,252124852,50,1239,638,0,969,0
12669,173272705,50,222410278,50,1648,531,0,815,0
189263,196592918,50,171566767,50,748,429,0,1154,0
68306,195829524,50,205619498,50,643,385,0,1259,0
86440,217768964,50,250702662,50,1426,561,0,925,0
143837,191703854,50,239108766,50,1373,492,0,882,0
454116,182953039,50,228434605,50,1028,548,0,1637,0
44011,219218160,50,178968502,50,914,442,0,1208,0
32437,169430337,50,194491833,50,928,322,0,1242,0
12202,224173057,50,252475073,50,930,519,0,1161,0
21458,247666872,50,243215209,50,1606,529,0,1456,0
193160,235867125,50,197210503,50,715,520,0,1412,0
120509,225802245,50,163173413,50,1015,396,0,1176,0
122825,237959943,50,177538827,50,824,368,0,1113,0
42451,255459806,50,182492133,50,980,446,0,1181,0
61192,211291757,50,242811935,50,1407,474,0,917,0
48931,182601450,50,238486148,50,1325,485,0,1747,0
30788,182909797,50,255211681,50,1436,566,0,845,0
31031,215816468,50,171847876,50,1122,417,0,1359,0
33480,235743171,50,239691342,50,1065,595,0,1269,0
56679,246860931,50,230167552,50,1227,499,0,1398,0
144732,134615336,50,191809456,50,970,377,0,958,0
34871,172706282,50,218465905,50,1101,453,0,1126,0
66923,168259389,50,200165625,50,565,518,0,776,0
30465,177038109,50,231069067,50,1377,569,0,1214,0
5776,156561722,50,260695940,50,907,520,0,1270,0
31070,181350009,50,236534529,50,1212,446,0,961,0
12656,163779936,50,208456169,50,965,479,0,998,0
152145,216385115,50,160579895,50,728,461,0,1497,0
76045,185620525,50,161942400,50,754,334,0,1093,0
4335,161942011,50,174732356,50,801,341,0,760,0
14576,201703841,50,306079476,50,1631,633,0,1019,0
305477,181398906,50,217960736,50,1571,387,0,1662,0
29912,186322729,50,181493772,50,1104,547,0,1273,0
56368,226563928,50,233032742,50,1324,430,0,1666,0
12400,148976798,50,205916391,50,1254,393,0,1130,0
8185,175858839,50,207100350,50,1404,463,0,977,0
282408,196431743,50,154494022,50,1019,378,0,1285,0
37875,182020176,50,236566068,50,1065,433,0,1034,0
139988,181912574,50,183727293,50,1074,358,0,955,0
27223,167603656,50,214491788,50,1543,447,0,869,0
187929,196697069,50,209386981,50,1142,479,0,913,0
16955,205314598,50,186470920,50,1001,544,0,1286,0
54512,218958660,50,211093268,50,860,559,0,954,0
5840,129455992,50,178917148,50,866,446,0,789,0
36486,212349977,50,234175900,50,1550,485,0,1193,0
44796,212398062,50,171422881,50,697,329,0,1059,0
59544,196277870,50,208352484,50,862,425,0,1003,0
10900,202077431,50,274365088,50,1285,626,0,1196,0
153095,193515029,50,240521194,50,840,446,0,973,0
119217,163840354,50,210763199,50,990,490,0,1363,0
116616,211247793,50,245829337,50,1152,515,0,1016,0
88634,182272464,50,175145149,50,1298,508,0,911,0
18777,191063283,50,142318722,50,565,276,0,995,0
9894,286404085,50,174292223,50,999,441,0,1276,0
28943,222835412,50,212848167,50,1013,437,0,1122,0
107352,163771615,50,238237296,50,1509,500,0,990,0
90143,172879159,50,232609090,50,1309,463,0,941,0
45107,216460049,50,252690597,50,1230,648,0,959,0
129510,217414429,50,235583726,50,1419,557,0,1401,0
17265,149046859,50,210397202,50,945,418,0,772,0
68049,159593942,50,266023869,50,1122,649,0,1358,0
25874,232258392,50,209979218,50,1129,431,0,1476,0
209222,211461755,50,230425942,50,1207,519,0,1218,0
88212,201078738,50,243242202,50,1144,537,0,1091,0
5225,184240873,50,218045969,50,1210,516,0,805,0
198468,151195981,50,179077530,50,764,326,0,1002,0
112096,226206312,50,194117762,50,1217,375,0,934,0
61664,195324776,50,221669040,50,1199,545,0,1041,0
13566,232353365,50,190143036,50,1006,456,0,878,0
23514,161103251,50,200867089,50,730,441,0,684,0
4835,192338346,50,180269268,50,1004,444,0,897,0
18469,136386833,50,230961086,50,812,500,0,1016,0
25265,234140685,50,211967704,50,1242,456,0,1189,0
131195,209855743,50,210673218,50,933,510,0,1202,0
21266,180026329,50,225402263,50,1000,424,0,1311,0
123777,184669920,50,226579819,50,981,543,0,1036,0
42269,238045803,50,220159762,50,959,481,0,1076,0
10160,230726045,50,208587853,50,927,469,0,1303,0
4845,165137978,50,204741922,50,763,451,0,1032,0
54339,206419232,50,219072055,50,660,476,0,1085,0
57789,170318246,50,165663255,50,1095,344,0,1274,0
7800,144469765,50,228938986,50,806,504,0,744,0
14359,203340310,50,205052275,50,672,529,0,1647,0
249265,178156965,50,213398569,50,1057,424,0,884,0
19854,180692318,50,202475333,50,1088,505,0,1279,0
94113,177506025,50,254795018,50,860,664,0,1090,0
14155,194404637,50,172646258,50,977,403,0,982,0
26679,179677480,50,218468465,50,1119,449,0,847,0
24894,175084711,50,162423040,50,1516,430,0,910,0
23471,147878804,50,156537057,50,1045,404,0,931,0
8925,209228167,50,227910175,50,985,612,0,1500,0
28450,192020432,50,228519545,50,1050,489,0,1031,0
16411,174630175,50,190971775,50,1536,382,0,1200,0
47719,206231533,50,230272328,50,1066,512,0,994,0
42216,202194774,50,175793441,50,806,398,0,949,0
182566,231212947,50,223913444,50,1114,645,0,987,0
28794,154501543,50,228047156,50,1293,470,0,981,0
233222,182406981,50,235280458,50,714,475,0,1156,0
26459,149622363,50,214929965,50,902,493,0,827,0
33893,175564110,50,217176688,50,843,369,0,729,0
133843,203905249,50,239848878,50,1092,473,0,1127,0
347979,254168009,50,220676320,50,1100,533,0,1137,0
188073,173938976,50,226604780,50,943,499,0,935,0
7443,193418169,50,179725697,50,1055,354,0,819,0
7507,153293037,50,220902624,50,1352,572,0,750,0
148189,177838299,50,280691729,50,1371,549,0,1051,0
10498,162171537,50,191315909,50,878,423,0,1062,0
10378,227903861,50,201157685,50,940,406,0,2159,0
10984,211863603,50,282735712,50,1265,664,0,1034,0
45504,199080728,50,184002446,50,1524,436,0,1014,0
37157,196887271,50,146574086,50,774,409,0,1355,0
6376,164465505,50,164128189,50,833,423,0,1039,0
80567,206770355,50,191777701,50,1167,490,0,1161,0
11827,191042191,50,251595081,50,1081,545,0,1490,0
185309,247062503,50,203284886,50,933,467,0,1014,0
148659,211614080,50,213407160,50,1324,556,0,1098,0
15317,202902821,50,192766547,50,1056,440,0,1270,0
28015,193700695,50,222525269,50,878,424,0,1056,0
144556,140283837,50,181405597,50,909,383,0,1007,0
23007,253827612,50,205314552,50,876,543,0,1449,0
29743,190033152,50,185374818,50,1032,341,0,938,0
6028,149052681,50,217996694,50,1015,440,0,1128,0
5539,214351286,50,189247884,50,785,353,0,1490,0
157567,150490209,50,193370794,50,811,443,0,1067,0
229867,195671969,50,225988721,50,1583,624,0,1116,0
87404,245183228,50,180290173,50,1020,497,0,1494,0
133162,186587505,50,182215352,50,942,310,0,743,0
8379,208628228,50,216435886,50,1223,421,0,1550,0
238390,219970912,50,204445035,50,875,475,0,1175,0
13303,146885949,50,201301909,50,758,390,0,1075,0
5123,162020790,50,211152308,50,1003,387,0,747,0
5596,216248246,50,202181595,50,813,429,0,961,0
108245,162991009,50,265487176,50,1418,621,0,758,0
67746,197875323,50,250497963,50,1198,711,0,1073,0
112636,147542288,50,201711414,50,1112,488,0,681,0
175975,192480006,50,225011830,50,1038,607,0,972,0
171951,176191068,50,206070263,50,1135,537,0,1186,0
118078,161563558,50,194370644,50,921,391,0,1169,0
171435,230508063,50,218173742,50,1177,504,0,1134,0
110376,178662343,50,211901038,50,904,499,0,979,0
14435,202528511,50,186625580,50,768,363,0,888,0
83550,182779228,50,248018351,50,1279,550,0,1076,0
305038,177044154,50,209104646,50,1105,437,0,1352,0
11300,184480417,50,176094782,50,899,376,0,983,0
52388,181016546,50,206198981,50,948,482,0,1105,0
34223,196832049,50,183435762,50,939,467,0,1308,0
20852,195179377,50,183699030,50,1037,396,0,1350,0
35132,225146549,50,232158833,50,1543,446,0,1168,0
40839,225098892,50,216913025,50,1012,484,0,1112,0
133575,180228649,50,180435906,50,1035,436,0,1086,0
130713,262133356,50,213898661,50,797,481,0,1202,0
644139,258333636,50,173998881,50,1340,550,0,2010,0
85740,264454512,50,229382720,50,1049,562,0,1268,0
4837,150004678,50,220139520,50,1253,536,0,869,0
215135,156037764,50,213387992,50,1321,353,0,1296,0
71343,136663794,50,237763894,50,1210,617,0,1135,0
71507,210192260,50,207900478,50,1282,566,0,1127,0
132201,220298758,50,208654264,50,1260,615,0,1047,0
118650,213197437,50,172618569,50,842,400,0,883,0
430070,194859540,50,241780236,50,1025,624,0,963,0
12737,176003916,50,153458324,50,931,308,0,816,0
57382,172577672,50,217606402,50,1480,492,0,982,0
17439,208175674,50,238700160,50,1219,535,0,1339,0
72218,196665800,50,253921568,50,1044,661,0,1401,0
93854,191001987,50,129537594,50,813,357,0,1306,0
19368,162491349,50,252031109,50,1551,489,0,914,0
522158,214040261,50,218521722,50,1319,452,0,1159,0
11346,175126117,50,221883900,50,1257,570,0,962,0
13022,187458406,50,219091419,50,1023,544,0,1415,0
269604,247606670,50,225770832,50,1149,501,0,1436,0
59173,220343532,50,216640032,50,1042,517,0,1257,0
25533,217305826,50,231235664,50,1043,489,0,926,0
6353,184549148,50,162954434,50,1252,328,0,1804,0
92867,188393694,50,213405281,50,1115,425,0,1023,0
76380,195229219,50,179247957,50,1086,460,0,701,0
12028,204675406,50,185349179,50,969,368,0,1206,0
379457,199532693,50,171812232,50,1017,420,0,1072,0
200511,180887338,50,281965373,50,1304,507,0,1059,0
148880,223922109,50,180972162,50,1015,432,0,765,0
38016,174167721,50,225830182,50,1063,447,0,975,0
52328,174022895,50,180540299,50,786,374,0,1022,0
13676,216416693,50,246484399,50,1019,488,0,1536,0
172534,186815730,50,166597873,50,959,411,0,1266,0
57438,157981727,50,209452774,50,977,344,0,1326,0
212025,195656698,50,253493046,50,854,463,0,927,0
91085,237649615,50,203586408,50,1336,527,0,1135,0
62595,261910592,50,233651967,50,724,491,0,1243,0
31509,237862796,50,228912220,50,879,529,0,1383,0
66188,197864976,50,252565605,50,1266,513,0,1330,0
206720,203905983,50,302626471,50,1931,680,0,959,0
156384,199449842,50,225930109,50,1128,468,0,1066,0
80085,207313741,50,229595801,50,1560,410,0,1173,0
27782,234193220,50,216957079,50,1263,516,0,1058,0
111062,219231984,50,208650751,50,1099,515,0,879,0
25610,206570355,50,202424022,50,1002,438,0,1382,0
10679,202555203,50,231048393,50,1543,556,0,1689,0
9907,196082007,50,197996503,50,1299,475,0,1308,0
20382,227355224,50,226152109,50,1188,560,0,1602,0
85807,200735126,50,246105627,50,1384,646,0,1062,0
6327,158256271,50,239628538,50,565,564,0,978,0
10595,219136834,50,212267428,50,805,607,0,1327,0
12783,196033686,50,199935187,50,909,452,0,1064,0
48505,209375748,50,250306612,50,1101,517,0,1161,0
18814,182762876,50,229681529,50,1115,465,0,770,0
43137,192946057,50,172743107,50,1110,383,0,830,0
116572,152200860,50,186919026,50,1069,424,0,788,0
101743,178238925,50,225685468,50,1022,573,0,1011,0
16220,260869867,50,210465003,50,838,464,0,1071,0
388414,192049102,50,208745226,50,1284,595,0,1285,0
212979,211631610,50,229775073,50,1009,468,0,929,0
10509,175178059,50,227772698,50,928,490,0,1051,0
9363,171770652,50,198628203,50,1193,445,0,843,0
22046,205008780,50,158523586,50,1049,415,0,1166,0
7746,180341294,50,235764491,50,1031,510,0,819,0
97355,222746414,50,212281141,50,1158,511,0,949,0
9412,164865463,50,219714024,50,1272,454,0,898,0
226545,176680204,50,221834787,50,929,527,0,1075,0
28353,241432218,50,159419329,50,611,397,0,1186,0
94943,206973175,50,173362369,50,1095,346,0,808,0
56721,193188586,50,203085390,50,1435,385,0,673,0
107072,174463700,50,235287518,50,1524,566,0,1017,0
34060,209406653,50,234691975,50,1102,507,0,1605,0
336895,212946859,50,209278398,50,1332,527,0,1019,0
14364,188813145,50,184808474,50,1221,396,0,744,0
177534,179493576,50,201589775,50,1007,411,0,1729,0
8216,134064976,50,223714858,50,1368,547,0,1221,0
31451,220781624,50,215458629,50,1478,436,0,1028,0
14083,122522997,50,144354575,50,789,289,0,942,0
67064,184969578,50,189403086,50,1052,391,0,1640,0
51244,212516666,50,190469683,50,1123,574,0,1037,0
152387,197064319,50,239066208,50,1372,490,0,798,0
36630,211536442,50,228907173,50,1251,465,0,1103,0
113818,228597400,50,202401740,50,1291,468,0,1010,0
8214,159867108,50,228330713,50,1294,402,0,1115,0
74370,205512101,50,266982271,50,990,567,0,1070,0
365579,220526079,50,194004904,50,887,436,0,1092,0
56178,140283212,50,179728617,50,910,385,0,975,0
29155,174247585,50,223640362,50,1052,494,0,1111,0
3762,191350555,50,178372613,50,1067,367,0,1202,0
37207,222992606,50,241970484,50,1042,446,0,1100,0
16819,171967904,50,176549719,50,606,344,0,662,0
8695,176047495,50,238371264,50,1330,555,0,844,0
54811,188585885,50,264001914,50,1640,507,0,950,0
83105,222479783,50,224303064,50,865,667,0,1301,0
223537,201592945,50,227903753,50,1305,526,0,1034,0
18595,170851132,50,207151527,50,979,435,0,667,0
14621,178320649,50,174512488,50,777,397,0,906,0
20862,177107040,50,226070894,50,1069,507,0,987,0
164888,191610267,50,231701724,50,1254,493,0,932,0
84346,218806605,50,195082228,50,1013,500,0,917,0
131711,204962002,50,237691740,50,921,664,0,1083,0
13842,185381669,50,221544485,50,900,567,0,1161,0
10946,176569567,50,207404186,50,849,395,0,1049,0
259926,188408162,50,209601026,50,930,534,0,1009,0
171089,184744226,50,191157467,50,1366,454,0,863,0
234173,177795505,50,213206406,50,1120,506,0,620,0
22843,208430855,50,166491748,50,613,308,0,1279,0
9906,178485249,50,185083475,50,1080,466,0,828,0
8000,190833363,50,134786520,50,791,244,0,1425,0
190915,201405363,50,216587028,50,1309,535,0,1843,0
10291,184866856,50,241496779,50,1054,376,0,1148,0
259256,187924157,50,207792986,50,1268,452,0,1307,0
92192,168631567,50,265029994,50,1117,593,0,1039,0
72182,225884733,50,240671089,50,1408,556,0,936,0
8538,160993956,50,167735642,50,960,358,0,1151,0
232648,168285489,50,229523053,50,1718,427,0,966,0
70083,198923533,50,239956502,50,1099,525,0,1124,0
48478,184517637,50,140266860,50,560,358,0,1364,0
169792,214649246,50,195232978,50,982,471,0,1257,0
167917,200154542,50,179717947,50,1060,359,0,729,0
41113,200659992,50,204181416,50,1083,540,0,1107,0
84434,205549221,50,249275314,50,1605,614,0,1146,0
17512,179284104,50,150250163,50,623,282,0,718,0
14040,188454686,50,196941736,50,1387,464,0,1156,0
45809,211004116,50,201228156,50,605,459,0,1104,0
204560,162144357,50,169104119,50,619,503,0,938,0
115080,146781589,50,227662249,50,1168,611,0,1199,0
11175,165403591,50,215937786,50,672,507,0,1143,0
8193,159644448,50,152060837,50,535,368,0,849,0
13010,175764710,50,228957607,50,681,550,0,736,0
11258,146524025,50,147074430,50,972,334,0,1176,0
57098,171174624,50,161478142,50,620,459,0,981,0
17736,156426950,50,198700374,50,1244,390,0,873,0
47170,181336510,50,180020164,50,1062,425,0,1011,0
36282,216790679,50,205487933,50,915,472,0,848,0
90008,192306182,50,222383588,50,960,599,0,991,0
67737,164525139,50,231078774,50,1474,429,0,1111,0
151938,209530384,50,224106301,50,1090,520,0,948,0
484664,213438832,50,199481462,50,1071,455,0,906,0
8177,203774776,50,176426038,50,1018,450,0,1212,0
179689,218289493,50,219755773,50,1473,556,0,958,0
192371,279713448,50,239771875,50,1270,580,0,1351,0
44538,221333690,50,227827252,50,1553,527,0,1699,0
26748,162246855,50,151592548,50,954,366,0,779,0
56242,177773810,50,224842277,50,779,435,0,816,0
115375,199760518,50,243357232,50,1061,517,0,893,0
225624,177706736,50,224494526,50,1253,488,0,1150,0
213303,179456896,50,215830163,50,1313,497,0,726,0
246602,158783521,50,207077468,50,701,412,0,733,0
307437,165768568,50,206787470,50,1538,408,0,1263,0
239517,212322063,50,164105585,50,834,407,0,1057,0
9185,231372618,50,199400454,50,749,518,0,1214,0
55596,201060563,50,215298215,50,738,467,0,932,0
10462,217561860,50,163429284,50,924,473,0,1190,0
132785,255803781,50,198787790,50,814,517,0,1396,0
37616,146092844,50,181299726,50,789,380,0,1612,0
60580,192754204,50,188510922,50,1322,506,0,1243,0
109124,161776312,50,277804053,50,1388,692,0,555,0
81760,152498671,50,295326222,50,1382,694,0,999,0
17615,206686505,50,227995342,50,736,446,0,1284,0
35644,189196256,50,228522553,50,1168,440,0,1517,0
245888,159644134,50,217979070,50,1246,436,0,1049,0
87312,197517666,50,261581060,50,1689,496,0,905,0
259841,189283722,50,253153372,50,1044,586,0,1509,0
43228,211051492,50,182237352,50,1247,300,0,1132,0
166183,234642929,50,271528445,50,1520,650,0,1009,0
12119,188555880,50,272262751,50,1593,572,0,1015,0
310171,241743656,50,191570818,50,948,426,0,1287,0
198257,256877258,50,219888748,50,1371,563,0,1342,0
13023,179436584,50,207857274,50,1351,488,0,793,0
39596,235743141,50,247474384,50,1117,526,0,1359,0
97943,167722241,50,172655157,50,642,306,0,1332,0
67286,159767818,50,183855285,50,1037,402,0,1564,0
240363,192061232,50,213878315,50,906,713,0,1084,0
45209,203009980,50,193772963,50,1184,416,0,1152,0
149726,206438954,50,255727570,50,1370,521,0,905,0
128353,186813528,50,185150279,50,1179,502,0,912,0
249271,181589860,50,216411254,50,1406,439,0,804,0
77201,206679095,50,192193751,50,615,423,0,1314,0
82048,164605023,50,173904737,50,551,323,0,815,0
114055,199802873,50,199506333,50,1143,525,0,1047,0
98195,180536256,50,203310138,50,1109,433,0,1086,0
9520,197386780,50,176533854,50,825,413,0,1298,0
41008,230237207,50,195090206,50,1133,520,0,1192,0
72680,200616538,50,200409890,50,1396,464,0,1100,0
132801,237545074,50,245010909,50,949,459,0,1483,0
302837,155579463,50,252177852,50,1112,523,0,824,0
97677,147859177,50,175838640,50,735,425,0,891,0
24257,160258359,50,239504645,50,1324,505,0,820,0
60705,174586607,50,164796766,50,877,444,0,971,0
247898,205517965,50,194977281,50,875,434,0,1428,0
225906,249801955,50,195896505,50,1027,528,0,1081,0
74282,207948444,50,196621068,50,968,407,0,972,0
135653,208831295,50,198007317,50,843,424,0,1011,0
139892,180411085,50,203005093,50,993,428,0,1071,0
27123,238950360,50,221877550,50,1357,462,0,1156,0
19202,124967782,50,195359593,50,1175,360,0,897,0
223955,140321033,50,228068472,50,1430,535,0,779,0
49241,238458766,50,195939219,50,774,508,0,1170,0
106002,227812140,50,215409055,50,864,617,0,1105,0
125006,192965773,50,211518222,50,1453,433,0,947,0
52211,193819614,50,241936445,50,721,539,0,1058,0
133250,156421362,50,213498316,50,1269,441,0,1374,0
118437,231759808,50,155774424,50,726,399,0,966,0
251945,185171998,50,192572115,50,1080,412,0,824,0
22386,207183396,50,230166291,50,1129,657,0,1212,0
18698,162557049,50,237908018,50,1265,384,0,701,0
66108,223134411,50,261662680,50,1433,482,0,1063,0
33912,189940168,50,170548460,50,816,414,0,835,0
12093,207393398,50,160074876,50,961,403,0,1408,0
6015,202692284,50,239084021,50,861,631,0,1087,0
63264,202704993,50,220297870,50,1094,497,0,893,0
39884,164853325,50,165390529,50,576,395,0,930,0
53967,185124938,50,263788233,50,918,522,0,972,0
9482,208927843,50,219469778,50,1122,458,0,1624,0
146805,197014140,50,202828364,50,1004,545,0,977,0
162444,192182690,50,228508025,50,1094,441,0,1177,0
98286,190646593,50,175555072,50,602,340,0,887,0
15633,150943977,50,171188054,50,1570,350,0,1939,0
90636,199938122,50,201948615,50,975,522,0,1185,0
51749,224279512,50,207372529,50,716,514,0,1115,0
123076,165904108,50,270594526,50,1191,583,0,1148,0
412355,229887110,50,205347497,50,1207,493,0,1272,0
166723,231365560,50,190461509,50,771,502,0,1231,0
126164,196172030,50,176782220,50,955,404,0,1191,0
11415,195195172,50,226569772,50,1064,538,0,1088,0
124583,193739028,50,148294507,50,1071,358,0,958,0
99281,197971654,50,222801321,50,1334,468,0,1534,0
87228,220841356,50,197879564,50,1387,438,0,1323,0
222450,185635105,50,183613601,50,1008,427,0,1548,0
30062,181786980,50,210506553,50,1357,466,0,1052,0
12123,162014068,50,208677247,50,774,406,0,755,0
28036,234470016,50,230576961,50,788,590,0,1641,0
21568,174592331,50,206429068,50,845,587,0,822,0
8246,192545289,50,184204862,50,955,461,0,1181,0
23785,215171013,50,211990383,50,1031,520,0,1131,0
190569,229015938,50,201160525,50,1195,528,0,1301,0
16011,186803270,50,192679449,50,1336,378,0,1123,0
122842,179361439,50,194144082,50,1118,458,0,1015,0
18952,151142919,50,221520676,50,1095,636,0,801,0
29482,197527716,50,217189171,50,1214,514,0,1075,0
196626,209679999,50,191911024,50,1000,431,0,1177,0
5098,190379363,50,189813921,50,1070,456,0,1132,0
11752,174913236,50,186197289,50,697,499,0,1109,0
180396,231508929,50,253250291,50,1152,493,0,953,0
165596,195601570,50,176686187,50,1087,373,0,1614,0
30287,192088826,50,215779013,50,818,494,0,1004,0
82827,182554997,50,212894425,50,854,552,0,1005,0
64401,213459621,50,221797999,50,1017,482,0,1015,0
140854,234755145,50,268847330,50,1480,602,0,1726,0
200694,191926852,50,237409783,50,931,574,0,947,0
160133,250619850,50,146416305,50,674,412,0,2148,0
109735,230587556,50,243293202,50,1642,550,0,1146,0
7502,158047089,50,213332989,50,953,520,0,1173,0
294382,202859781,50,204113432,50,1327,423,0,907,0
57650,180512617,50,184068602,50,1420,455,0,1105,0
13514,165104670,50,192270442,50,1184,450,0,688,0
21220,203979170,50,175467398,50,972,372,0,1121,0
31121,197464240,50,200561727,50,1146,398,0,1012,0
7060,185251744,50,268392194,50,1110,569,0,1240,0
33522,205429963,50,221714421,50,1030,560,0,1590,0
108413,180662838,50,225290644,50,1343,469,0,1271,0
22004,219744464,50,209327262,50,953,569,0,1176,0
5545,152644094,50,196655966,50,798,567,0,1075,0
313964,177280266,50,264194811,50,908,670,0,756,0
142369,198286617,50,250168754,50,1087,539,0,852,0
491771,173612569,50,261168351,50,1453,552,0,897,0
85461,231150926,50,207654103,50,1390,601,0,1119,0
25158,222478336,50,226157976,50,1353,516,0,1259,0
74348,168706962,50,223433980,50,1308,495,0,966,0
162183,207850614,50,189331248,50,964,497,0,1230,0
18975,229725786,50,214991920,50,756,491,0,1523,0
138137,206749486,50,206297436,50,1417,412,0,1012,0
260658,190741345,50,248088030,50,982,548,0,1049,0
187583,248658846,50,247548435,50,1729,536,0,1171,0
91157,242278343,50,222017018,50,1292,456,0,1473,0
17691,206703041,50,184396937,50,836,357,0,891,0
23119,185199467,50,157071359,50,652,395,0,829,0
166799,209108967,50,218241914,50,1156,570,0,985,0
99495,178114420,50,218688676,50,1044,365,0,1118,0
13209,196397597,50,200399280,50,1204,429,0,1014,0
252022,138541199,50,254844734,50,1351,523,0,611,0
25675,195183598,50,216263100,50,1059,588,0,1257,0
4322,157206299,50,171203731,50,902,374,0,1097,0
144907,218442422,50,202436071,50,1078,473,0,1067,0
10460,201054266,50,180132021,50,1123,400,0,1327,0
110244,152900276,50,219126956,50,1517,458,0,1534,0
11894,155069333,50,202545416,50,976,433,0,774,0
67506,159795016,50,260621210,50,1327,704,0,1145,0
96855,185965217,50,202538875,50,1061,411,0,1105,0
5219,216006944,50,219010321,50,1308,573,0,966,0
109560,163480372,50,222250576,50,934,524,0,890,0
10949,169308088,50,207947713,50,932,414,0,920,0
146382,193498134,50,250417819,50,1310,376,0,1350,0
37543,155152391,50,189170986,50,829,408,0,704,0
5067,205404347,50,221215032,50,1088,498,0,888,0
134013,140310320,50,229087336,50,1289,512,0,1022,0
17063,193837296,50,201187397,50,1120,498,0,1138,0
