4959311,542215,1,4417096,1,0,0,0,0,0
2846286,2403328,1,442958,1,0,0,0,0,0
5530232,1770999,1,3759233,1,0,10,0,0,0
1680877,1325476,1,355401,1,0,0,0,0,0
3011870,2225633,1,786237,1,0,0,0,0,0
11448101,195651,1,11252450,1,0,0,0,0,0
4093439,1700326,1,2393113,1,0,0,0,0,0
2558639,2234161,1,324478,1,0,0,0,0,0
9722761,4524807,1,5197954,1,0,2,0,0,0
668629,132078,1,536551,1,0,0,0,0,0
5682092,3787903,1,1894189,1,0,1,0,0,0
5063109,3982685,1,1080424,1,0,2,0,0,0
8472790,5137244,1,3335546,1,0,0,0,0,0
2834223,1859662,1,974561,1,0,0,0,0,0
1779999,125457,1,1654542,1,0,1,0,0,0
3179972,2080119,1,1099853,1,0,0,0,0,0
5153956,5150221,1,3735,1,0,0,0,0,0
10874772,8153702,1,2721070,1,0,0,0,0,0
5323516,283273,1,5040243,1,0,2,0,0,0
1220344,322144,1,898200,1,0,0,0,0,0
1613522,422284,1,1191238,1,0,0,0,0,0
307529,64403,1,243126,1,0,0,0,0,0
2849642,2846019,1,3623,1,0,0,0,0,0
5148993,953480,1,4195513,1,0,0,0,0,0
1375568,1054460,1,321108,1,0,0,0,0,0
5470209,1373424,1,4096785,1,0,0,0,0,0
3688906,366600,1,3322306,1,0,0,0,0,0
5157404,4222589,1,934815,1,0,1,0,0,0
6892962,5446391,1,1446571,1,0,0,0,0,0
3102135,1538789,1,1563346,1,0,0,0,0,0
1370871,2463,1,1368408,1,0,0,0,0,0
3821794,1439810,1,2381984,1,0,0,0,0,0
1035482,766418,1,269064,1,0,0,0,0,0
8683522,2102316,1,6581206,1,0,0,0,0,0
2541570,591312,1,1950258,1,0,0,0,0,0
3679283,457103,1,3222180,1,0,0,0,0,0
5902313,3431595,1,2470718,1,0,0,0,0,0
13517637,1716760,1,11800877,1,0,9,0,0,0
1875746,1042865,1,832881,1,0,0,0,0,0
1061766,773318,1,288448,1,0,0,0,0,0
6583550,5434059,1,1149491,1,0,5,0,0,0
4441085,2692050,1,1749035,1,0,0,0,0,0
6901349,4217666,1,2683683,1,0,0,0,0,0
1231499,504358,1,727141,1,0,0,0,0,0
5452455,286707,1,5165748,1,0,1,0,0,0
4096016,2145265,1,1950751,1,0,0,0,0,0
4040285,1269308,1,2770977,1,0,0,0,0,0
1819004,1101048,1,717956,1,0,0,0,0,0
5514373,1063072,1,4451301,1,0,0,0,0,0
1598822,1152072,1,446750,1,0,0,0,0,0
3323401,3195094,1,128307,1,0,0,0,0,0
9715138,1359505,1,8355633,1,0,1,0,0,0
2004370,676773,1,1327597,1,0,0,0,0,0
5477584,3151380,1,2326204,1,0,0,0,0,0
667318,546404,1,120914,1,0,0,0,0,0
11825248,466045,1,11359203,1,0,0,0,0,0
3075778,1627481,1,1448297,1,0,0,0,0,0
5530418,1680584,1,3849834,1,0,0,0,0,0
4033272,438374,1,3594898,1,0,2,0,0,0
1323730,935168,1,388562,1,0,0,0,0,0
2775603,2135106,1,640497,1,0,2,0,0,0
3606518,1650536,1,1955982,1,0,0,0,0,0
9266993,3050163,1,6216830,1,0,1,0,0,0
5261470,2158547,1,3102923,1,0,1,0,0,0
3557701,1441115,1,2116586,1,0,1,0,0,0
970997,379646,1,591351,1,0,0,0,0,0
12468421,2041187,1,10427234,1,0,0,0,0,0
3099111,796872,1,2302239,1,0,0,0,0,0
6766092,6325858,1,440234,1,0,1,0,0,0
1001288,100522,1,900766,1,0,0,0,0,0
9928522,2458154,1,7470368,1,0,0,0,0,0
7010682,4489210,1,2521472,1,0,0,0,0,0
2625609,252560,1,2373049,1,0,0,0,0,0
2105302,342100,1,1763202,1,0,0,0,0,0
1322640,309981,1,1012659,1,0,0,0,0,0
6333657,1545536,1,4788121,1,0,0,0,0,0
15854597,4349087,1,11505510,1,0,2,0,0,0
1475511,154565,1,1320946,1,0,0,0,0,0
4185231,2938345,1,1246886,1,0,0,0,0,0
2555431,2137601,1,417830,1,0,0,0,0,0
4888783,3944933,1,943850,1,0,0,0,0,0
1266042,919466,1,346576,1,0,0,0,0,0
1558499,100422,1,1458077,1,0,1,0,0,0
3621360,566408,1,3054952,1,0,0,0,0,0
3746987,1059467,1,2687520,1,0,0,0,0,0
5512538,3094796,1,2417742,1,0,0,0,0,0
7721904,7112446,1,609458,1,0,0,0,0,0
1636005,703081,1,932924,1,0,0,0,0,0
4633643,2203560,1,2430083,1,0,0,0,0,0
2957512,975149,1,1982363,1,0,0,0,0,0
4766040,3856036,1,910004,1,0,0,0,0,0
1323936,1319764,1,4172,1,0,0,0,0,0
2302199,1448156,1,854043,1,0,0,0,0,0
2050674,1115623,1,935051,1,0,0,0,0,0
7811182,3369023,1,4442159,1,0,2,0,0,0
7598434,1806958,1,5791476,1,0,0,0,0,0
1228908,521038,1,707870,1,0,0,0,0,0
4945093,4205243,1,739850,1,0,0,0,0,0
11923906,1286151,1,10637755,1,0,3,0,0,0
1032207,554551,1,477656,1,0,0,0,0,0
1650582,1287447,1,363135,1,0,0,0,0,0
3618481,2235621,1,1382860,1,0,0,0,0,0
4846396,107250,1,4739146,1,0,2,0,0,0
1016326,682142,1,334184,1,0,0,0,0,0
1899339,1616071,1,283268,1,0,0,0,0,0
3458763,2058783,1,1399980,1,0,0,0,0,0
1688258,513214,1,1175044,1,0,0,0,0,0
6922288,2320725,1,4601563,1,0,0,0,0,0
3415771,3286971,1,128800,1,0,0,0,0,0
1997204,786620,1,1210584,1,0,0,0,0,0
1435242,1423697,1,11545,1,0,0,0,0,0
2949759,1365874,1,1583885,1,0,0,0,0,0
2425766,4967,1,2420799,1,0,0,0,0,0
2104738,393427,1,1711311,1,0,0,0,0,0
1556493,583688,1,972805,1,0,1,0,0,0
7057782,3339950,1,3717832,1,0,3,0,0,0
4094215,441307,1,3652908,1,0,0,0,0,0
1322588,396211,1,926377,1,0,0,0,0,0
2757105,2156711,1,600394,1,0,0,0,0,0
3428096,1713928,1,1714168,1,0,0,0,0,0
3689377,1990908,1,1698469,1,0,0,0,0,0
281777,9374,1,272403,1,0,0,0,0,0
2414335,349259,1,2065076,1,0,0,0,0,0
3638090,2670707,1,967383,1,0,0,0,0,0
2149343,1876963,1,272380,1,0,2,0,0,0
10912876,8403002,1,2509874,1,0,0,0,0,0
838000,649506,1,188494,1,0,0,0,0,0
1224159,1064364,1,159795,1,0,0,0,0,0
2887360,1767690,1,1119670,1,0,1,0,0,0
782548,4635,1,777913,1,0,0,0,0,0
3375869,209790,1,3166079,1,0,0,0,0,0
4103657,2575943,1,1527714,1,0,0,0,0,0
4315008,3463006,1,852002,1,0,0,0,0,0
2902796,24207,1,2878589,1,0,0,0,0,0
3960360,3257524,1,702836,1,0,0,0,0,0
3877386,2608168,1,1269218,1,0,0,0,0,0
6246388,1446016,1,4800372,1,0,0,0,0,0
515300,96659,1,418641,1,0,0,0,0,0
523172,405444,1,117728,1,0,0,0,0,0
3254898,2386475,1,868423,1,0,0,0,0,0
2661876,2135272,1,526604,1,0,0,0,0,0
2953654,754525,1,2199129,1,0,0,0,0,0
2131656,380156,1,1751500,1,0,0,0,0,0
9788240,409455,1,9378785,1,0,3,0,0,0
2050320,1040103,1,1010217,1,0,0,0,0,0
2990024,576533,1,2413491,1,0,0,0,0,0
10239075,440133,1,9798942,1,0,0,0,0,0
5141,3374,1,1767,1,0,0,0,0,0
1566551,817811,1,748740,1,0,0,0,0,0
3490661,3016771,1,473890,1,0,0,0,0,0
4361005,3132016,1,1228989,1,0,0,0,0,0
3846199,3463136,1,383063,1,0,0,0,0,0
2217305,554602,1,1662703,1,0,0,0,0,0
1178644,933425,1,245219,1,0,0,0,0,0
569488,72498,1,496990,1,0,0,0,0,0
4308340,2645589,1,1662751,1,0,0,0,0,0
1554030,55798,1,1498232,1,0,0,0,0,0
2293021,1574023,1,718998,1,0,3,0,0,0
1943896,666786,1,1277110,1,0,0,0,0,0
9565972,6995793,1,2570179,1,0,0,0,0,0
8550734,1207478,1,7343256,1,0,0,0,0,0
4491516,1491038,1,3000478,1,0,0,0,0,0
2577654,1227791,1,1349863,1,0,0,0,0,0
2836639,2517233,1,319406,1,0,0,0,0,0
2514048,235791,1,2278257,1,0,0,0,0,0
6634038,1129291,1,5504747,1,0,0,0,0,0
1829295,1029895,1,799400,1,0,0,0,0,0
3175984,723815,1,2452169,1,0,0,0,0,0
7440950,1709189,1,5731761,1,0,0,0,0,0
4289889,3013557,1,1276332,1,0,0,0,0,0
2150384,261831,1,1888553,1,0,0,0,0,0
4866339,3293748,1,1572591,1,0,0,0,0,0
1271973,284572,1,987401,1,0,0,0,0,0
1102777,1077249,1,25528,1,0,0,0,0,0
893385,587859,1,305526,1,0,0,0,0,0
5997769,4571874,1,1425895,1,0,0,0,0,0
7652938,1806893,1,5846045,1,0,0,0,0,0
4304175,3200617,1,1103558,1,0,0,0,0,0
1273795,679146,1,594649,1,0,0,0,0,0
3480286,565340,1,2914946,1,0,3,0,0,0
1508186,792857,1,715329,1,0,0,0,0,0
2470291,473013,1,1997278,1,0,0,0,0,0
3941187,2453646,1,1487541,1,0,0,0,0,0
2613771,1974600,1,639171,1,0,0,0,0,0
5769842,2678539,1,3091303,1,0,0,0,0,0
2152484,352736,1,1799748,1,0,0,0,0,0
4741605,2286712,1,2454893,1,0,0,0,0,0
2254970,1434795,1,820175,1,0,0,0,0,0
6164502,2592140,1,3572362,1,0,0,0,0,0
10419540,3148103,1,7271437,1,0,1,0,0,0
4318625,743167,1,3575458,1,0,0,0,0,0
6440309,2634337,1,3805972,1,0,0,0,0,0
13119422,2051267,1,11068155,1,0,0,0,0,0
926745,701245,1,225500,1,0,0,0,0,0
3841082,1253273,1,2587809,1,0,0,0,0,0
11022493,2493443,1,8529050,1,0,0,0,0,0
4174283,3882054,1,292229,1,0,0,0,0,0
6997067,4617312,1,2379755,1,0,3,0,0,0
1136570,129384,1,1007186,1,0,0,0,0,0
68516,25650,1,42866,1,0,0,0,0,0
4469150,2230208,1,2238942,1,0,0,0,0,0
932198,750631,1,181567,1,0,0,0,0,0
2068634,1845883,1,222751,1,0,0,0,0,0
1497349,396497,1,1100852,1,0,0,0,0,0
7473020,6596953,1,876067,1,0,3,0,0,0
3524939,2737604,1,787335,1,0,0,0,0,0
1362094,512772,1,849322,1,0,0,0,0,0
5103784,2198697,1,2905087,1,0,3,0,0,0
305842,126952,1,178890,1,0,0,0,0,0
1443716,164265,1,1279451,1,0,2,0,0,0
3255429,1663561,1,1591868,1,0,0,0,0,0
5188830,1725244,1,3463586,1,0,0,0,0,0
2710764,2707137,1,3627,1,0,0,0,0,0
10496173,1935878,1,8560295,1,0,0,0,0,0
3646296,1263347,1,2382949,1,0,0,0,0,0
3011447,349140,1,2662307,1,0,0,0,0,0
1594412,1349018,1,245394,1,0,0,0,0,0
2859563,1903152,1,956411,1,0,0,0,0,0
6783108,2939,1,6780169,1,0,0,0,0,0
8647151,648767,1,7998384,1,0,0,0,0,0
3570070,2729284,1,840786,1,0,0,0,0,0
6125444,1479579,1,4645865,1,0,1,0,0,0
3637486,1780660,1,1856826,1,0,0,0,0,0
1446750,2128,1,1444622,1,0,0,0,0,0
2871524,2463622,1,407902,1,0,0,0,0,0
2867855,1436641,1,1431214,1,0,0,0,0,0
12371813,5112429,1,7259384,1,0,1,0,0,0
4126803,926297,1,3200506,1,0,0,0,0,0
8503271,5062677,1,3440594,1,0,1,0,0,0
306425,298523,1,7902,1,0,0,0,0,0
350439,172442,1,177997,1,0,0,0,0,0
8487165,3971570,1,4515595,1,0,0,0,0,0
1579314,791662,1,787652,1,0,0,0,0,0
1977496,1040985,1,936511,1,0,0,0,0,0
2341231,1119839,1,1221392,1,0,0,0,0,0
2161747,1197743,1,964004,1,0,0,0,0,0
1196607,254013,1,942594,1,0,0,0,0,0
3037938,2545557,1,492381,1,0,0,0,0,0
3033732,2116944,1,916788,1,0,0,0,0,0
3616682,3142712,1,473970,1,0,0,0,0,0
953003,504709,1,448294,1,0,0,0,0,0
4267130,1557109,1,2710021,1,0,0,0,0,0
3131551,1488809,1,1642742,1,0,0,0,0,0
3274351,476432,1,2797919,1,0,0,0,0,0
2879300,2422361,1,456939,1,0,0,0,0,0
6934627,1393917,1,5540710,1,0,0,0,0,0
3512611,105061,1,3407550,1,0,0,0,0,0
4568712,1007244,1,3561468,1,0,0,0,0,0
9573785,5658161,1,3915624,1,0,0,0,0,0
4398565,1738880,1,2659685,1,0,0,0,0,0
14242214,72696,1,14169518,1,0,1,0,0,0
4190032,2107349,1,2082683,1,0,0,0,0,0
7179602,5381800,1,1797802,1,0,0,0,0,0
9115226,6160064,1,2955162,1,0,0,0,0,0
2508572,986745,1,1521827,1,0,0,0,0,0
2433962,1384058,1,1049904,1,0,0,0,0,0
5996501,4231073,1,1765428,1,0,0,0,0,0
4258298,1475872,1,2782426,1,0,0,0,0,0
3415932,488320,1,2927612,1,0,1,0,0,0
1378566,576185,1,802381,1,0,1,0,0,0
2287953,526533,1,1761420,1,0,0,0,0,0
1280373,103259,1,1177114,1,0,0,0,0,0
4414090,558034,1,3856056,1,0,0,0,0,0
3954299,284918,1,3669381,1,0,0,0,0,0
6399320,2992723,1,3406597,1,0,3,0,0,0
2949877,2490853,1,459024,1,0,0,0,0,0
3339318,2061763,1,1277555,1,0,0,0,0,0
10375066,1403830,1,8971236,1,0,1,0,0,0
2481293,190723,1,2290570,1,0,0,0,0,0
4139152,993944,1,3145208,1,0,0,0,0,0
350009,182043,1,167966,1,0,0,0,0,0
2528377,1913190,1,615187,1,0,0,0,0,0
3937622,1232294,1,2705328,1,0,2,0,0,0
185222,8581,1,176641,1,0,0,0,0,0
5887106,548209,1,5338897,1,0,2,0,0,0
658057,92308,1,565749,1,0,1,0,0,0
6639443,5886574,1,752869,1,0,0,0,0,0
4834425,697253,1,4137172,1,0,0,0,0,0
4091947,789528,1,3302419,1,0,0,0,0,0
4162640,1192954,1,2969686,1,0,0,0,0,0
10399303,2952,1,10396351,1,0,1,0,0,0
6067998,3007679,1,3060319,1,0,0,0,0,0
674805,98000,1,576805,1,0,0,0,0,0
3045760,1134715,1,1911045,1,0,0,0,0,0
4672096,3309083,1,1363013,1,0,0,0,0,0
1808982,1467342,1,341640,1,0,1,0,0,0
5333800,648881,1,4684919,1,0,0,0,0,0
9073878,135387,1,8938491,1,0,0,0,0,0
603328,180124,1,423204,1,0,0,0,0,0
8025617,795750,1,7229867,1,0,0,0,0,0
5455418,657748,1,4797670,1,0,1,0,0,0
5628094,2908198,1,2719896,1,0,0,0,0,0
7070908,2607906,1,4463002,1,0,0,0,0,0
4990519,777438,1,4213081,1,0,0,0,0,0
6974432,110689,1,6863743,1,0,0,0,0,0
11037836,3333364,1,7704472,1,0,1,0,0,0
6251457,1973547,1,4277910,1,0,0,0,0,0
5558227,2915287,1,2642940,1,0,4,0,0,0
4046209,246708,1,3799501,1,0,0,0,0,0
5177211,2660614,1,2516597,1,0,0,0,0,0
1945991,345575,1,1600416,1,0,0,0,0,0
9464241,9344875,1,119366,1,0,0,0,0,0
1117644,405797,1,711847,1,0,0,0,0,0
9772959,7808873,1,1964086,1,0,0,0,0,0
8165208,7646959,1,518249,1,0,0,0,0,0
1555019,454168,1,1100851,1,0,0,0,0,0
3646077,1366771,1,2279306,1,0,0,0,0,0
3880206,1014157,1,2866049,1,0,3,0,0,0
2209728,1425700,1,784028,1,0,0,0,0,0
5380607,47137,1,5333470,1,0,0,0,0,0
2627914,1499961,1,1127953,1,0,0,0,0,0
5049848,1785288,1,3264560,1,0,0,0,0,0
2836609,1360937,1,1475672,1,0,0,0,0,0
3073641,789219,1,2284422,1,0,0,0,0,0
2035396,306133,1,1729263,1,0,0,0,0,0
8113238,7548546,1,564692,1,0,0,0,0,0
461432,150520,1,310912,1,0,0,0,0,0
3526800,2760489,1,766311,1,0,0,0,0,0
2499725,1694072,1,805653,1,0,1,0,0,0
6170243,1723436,1,4446807,1,0,3,0,0,0
1937176,653817,1,1283359,1,0,0,0,0,0
3507472,771318,1,2736154,1,0,1,0,0,0
8565125,6132080,1,2433045,1,0,0,0,0,0
4966851,2718444,1,2248407,1,0,1,0,0,0
4759090,3074764,1,1684326,1,0,0,0,0,0
2571407,741621,1,1829786,1,0,2,0,0,0
5159691,591334,1,4568357,1,0,0,0,0,0
4275058,1389926,1,2885132,1,0,0,0,0,0
5890735,2663098,1,3227637,1,0,0,0,0,0
2409184,1583470,1,825714,1,0,0,0,0,0
1950900,12476,1,1938424,1,0,0,0,0,0
417542,110854,1,306688,1,0,1,0,0,0
4671473,3656608,1,1014865,1,0,2,0,0,0
5204976,2764505,1,2440471,1,0,0,0,0,0
12111700,9360790,1,2750910,1,0,3,0,0,0
753379,515942,1,237437,1,0,1,0,0,0
1191369,776416,1,414953,1,0,0,0,0,0
9165415,8902573,1,262842,1,0,0,0,0,0
3676352,3553024,1,123328,1,0,0,0,0,0
3718195,1187130,1,2531065,1,0,1,0,0,0
5536364,2859600,1,2676764,1,0,0,0,0,0
5816885,227465,1,5589420,1,0,0,0,0,0
5159275,5126643,1,32632,1,0,0,0,0,0
5193238,4978130,1,215108,1,0,0,0,0,0
2504323,591801,1,1912522,1,0,0,0,0,0
6588752,2815071,1,3773681,1,0,4,0,0,0
2644181,1818438,1,825743,1,0,0,0,0,0
3244807,24563,1,3220244,1,0,1,0,0,0
3816970,1542350,1,2274620,1,0,0,0,0,0
6428739,3541228,1,2887511,1,0,5,0,0,0
9853704,2572348,1,7281356,1,0,1,0,0,0
2555560,2012589,1,542971,1,0,0,0,0,0
1726309,139162,1,1587147,1,0,0,0,0,0
4182699,261207,1,3921492,1,0,0,0,0,0
4389320,2480147,1,1909173,1,0,0,0,0,0
3932384,3008408,1,923976,1,0,0,0,0,0
1097981,703382,1,394599,1,0,0,0,0,0
749762,628516,1,121246,1,0,0,0,0,0
8127316,6289593,1,1837723,1,0,1,0,0,0
2162894,1637074,1,525820,1,0,0,0,0,0
5123978,327918,1,4796060,1,0,0,0,0,0
2716182,1956837,1,759345,1,0,2,0,0,0
1182872,963107,1,219765,1,0,0,0,0,0
3880806,3195158,1,685648,1,0,0,0,0,0
7763041,440897,1,7322144,1,0,0,0,0,0
4961203,3839156,1,1122047,1,0,0,0,0,0
1084972,226096,1,858876,1,0,1,0,0,0
2305366,1563438,1,741928,1,0,0,0,0,0
3930710,1484122,1,2446588,1,0,0,0,0,0
4532108,3044815,1,1487293,1,0,0,0,0,0
1596440,471643,1,1124797,1,0,0,0,0,0
5062570,579149,1,4483421,1,0,0,0,0,0
4503838,1611352,1,2892486,1,0,2,0,0,0
6495360,4656995,1,1838365,1,0,0,0,0,0
4885962,1007221,1,3878741,1,0,1,0,0,0
3571204,3049595,1,521609,1,0,0,0,0,0
1294672,412656,1,882016,1,0,0,0,0,0
1088727,799547,1,289180,1,0,0,0,0,0
1448556,35347,1,1413209,1,0,0,0,0,0
2355568,4395,1,2351173,1,0,0,0,0,0
1062903,586352,1,476551,1,0,0,0,0,0
2067945,1768448,1,299497,1,0,0,0,0,0
590665,439723,1,150942,1,0,0,0,0,0
4233371,2091968,1,2141403,1,0,1,0,0,0
5354906,2955229,1,2399677,1,0,0,0,0,0
4099912,3568692,1,531220,1,0,0,0,0,0
1130680,828734,1,301946,1,0,0,0,0,0
2045121,1030030,1,1015091,1,0,0,0,0,0
9222991,2235064,1,6987927,1,0,0,0,0,0
1865556,758581,1,1106975,1,0,0,0,0,0
1714671,890499,1,824172,1,0,0,0,0,0
4026212,730812,1,3295400,1,0,0,0,0,0
2345346,2070136,1,275210,1,0,0,0,0,0
6780153,4510437,1,2269716,1,0,0,0,0,0
10541766,10232262,1,309504,1,0,2,0,0,0
433848,151787,1,282061,1,0,0,0,0,0
2134011,503412,1,1630599,1,0,0,0,0,0
4841878,72450,1,4769428,1,0,0,0,0,0
8538605,4067790,1,4470815,1,0,2,0,0,0
3103989,908180,1,2195809,1,0,1,0,0,0
7431078,6479052,1,952026,1,0,0,0,0,0
2558969,1169434,1,1389535,1,0,0,0,0,0
1055154,1018757,1,36397,1,0,0,0,0,0
3967065,2691054,1,1276011,1,0,0,0,0,0
5641426,2880241,1,2761185,1,0,0,0,0,0
3274071,8864,1,3265207,1,0,0,0,0,0
2599370,1659652,1,939718,1,0,0,0,0,0
9564821,689262,1,8875559,1,0,2,0,0,0
3067201,1509342,1,1557859,1,0,0,0,0,0
3458128,1700040,1,1758088,1,0,2,0,0,0
819108,705865,1,113243,1,0,0,0,0,0
9433240,3526491,1,5906749,1,0,1,0,0,0
2690660,1181413,1,1509247,1,0,0,0,0,0
10656753,527325,1,10129428,1,0,1,0,0,0
6160476,3218991,1,2941485,1,0,1,0,0,0
2273952,1376184,1,897768,1,0,0,0,0,0
4177787,1626656,1,2551131,1,0,0,0,0,0
5453148,3463148,1,1990000,1,0,1,0,0,0
1792107,1681337,1,110770,1,0,0,0,0,0
2970780,1176938,1,1793842,1,0,0,0,0,0
5442193,714388,1,4727805,1,0,2,0,0,0
3700452,2078262,1,1622190,1,0,0,0,0,0
750108,642471,1,107637,1,0,0,0,0,0
5906530,1836201,1,4070329,1,0,1,0,0,0
3140750,626107,1,2514643,1,0,0,0,0,0
2702461,195192,1,2507269,1,0,1,0,0,0
4579714,640844,1,3938870,1,0,1,0,0,0
7520401,4791423,1,2728978,1,0,1,0,0,0
5216007,2335706,1,2880301,1,0,0,0,0,0
1166756,666172,1,500584,1,0,0,0,0,0
2969124,2005035,1,964089,1,0,0,0,0,0
9088392,2121081,1,6967311,1,0,0,0,0,0
4982985,324858,1,4658127,1,0,0,0,0,0
1111802,72219,1,1039583,1,0,0,0,0,0
2418536,2006875,1,411661,1,0,0,0,0,0
691356,508650,1,182706,1,0,0,0,0,0
5337116,138140,1,5198976,1,0,0,0,0,0
2714464,2499527,1,214937,1,0,0,0,0,0
7565722,2696346,1,4869376,1,0,0,0,0,0
2519329,1834651,1,684678,1,0,0,0,0,0
4421835,799636,1,3622199,1,0,2,0,0,0
3799822,1649103,1,2150719,1,0,1,0,0,0
2378434,358617,1,2019817,1,0,0,0,0,0
573996,396213,1,177783,1,0,0,0,0,0
2912275,2134677,1,777598,1,0,0,0,0,0
1202069,661563,1,540506,1,0,0,0,0,0
6780167,755360,1,6024807,1,0,0,0,0,0
4330861,2546256,1,1784605,1,0,0,0,0,0
3421313,2629683,1,791630,1,0,0,0,0,0
10722862,1383322,1,9339540,1,0,4,0,0,0
2697064,2370420,1,326644,1,0,0,0,0,0
4538339,4501643,1,36696,1,0,0,0,0,0
2948841,575224,1,2373617,1,0,1,0,0,0
4552525,2694585,1,1857940,1,0,0,0,0,0
8232097,6332557,1,1899540,1,0,0,0,0,0
5254097,3341396,1,1912701,1,0,0,0,0,0
4855457,1561218,1,3294239,1,0,0,0,0,0
2245895,223575,1,2022320,1,0,0,0,0,0
3072289,2521,1,3069768,1,0,0,0,0,0
4649898,3585409,1,1064489,1,0,0,0,0,0
5011593,4676308,1,335285,1,0,0,0,0,0
716503,533577,1,182926,1,0,0,0,0,0
10148204,3041804,1,7106400,1,0,2,0,0,0
10139709,4563436,1,5576273,1,0,0,0,0,0
2437222,1043097,1,1394125,1,0,0,0,0,0
2511753,493112,1,2018641,1,0,0,0,0,0
4355191,426972,1,3928219,1,0,0,0,0,0
6816621,5180912,1,1635709,1,0,2,0,0,0
8879915,1347319,1,7532596,1,0,1,0,0,0
2454209,351137,1,2103072,1,0,0,0,0,0
4603070,2289853,1,2313217,1,0,0,0,0,0
3744339,2803197,1,941142,1,0,1,0,0,0
3771859,2158176,1,1613683,1,0,0,0,0,0
3711175,409905,1,3301270,1,0,2,0,0,0
7608923,3839428,1,3769495,1,0,1,0,0,0
799203,475083,1,324120,1,0,0,0,0,0
6894490,1874308,1,5020182,1,0,0,0,0,0
200236,5682,1,194554,1,0,0,0,0,0
783610,277765,1,505845,1,0,0,0,0,0
2352593,891,1,2351702,1,0,0,0,0,0
8709689,4514172,1,4195517,1,0,0,0,0,0
20010561,19871639,1,138922,1,0,0,0,0,0
3750732,2193081,1,1557651,1,0,0,0,0,0
93088,1852,1,91236,1,0,0,0,0,0
3960764,2702994,1,1257770,1,0,0,0,0,0
5242470,5083575,1,158895,1,0,0,0,0,0
6996147,28311,1,6967836,1,0,0,0,0,0
2764836,163527,1,2601309,1,0,0,0,0,0
3079014,136925,1,2942089,1,0,0,0,0,0
5032025,1750799,1,3281226,1,0,0,0,0,0
4357098,4317690,1,39408,1,0,0,0,0,0
5031239,2223969,1,2807270,1,0,0,0,0,0
6542676,518853,1,6023823,1,0,0,0,0,0
2136400,1622688,1,513712,1,0,0,0,0,0
3788591,2513028,1,1275563,1,0,0,0,0,0
3099314,2993450,1,105864,1,0,0,0,0,0
1829978,207055,1,1622923,1,0,0,0,0,0
5694491,2991319,1,2703172,1,0,0,0,0,0
3004839,2646966,1,357873,1,0,0,0,0,0
2743143,2024796,1,718347,1,0,0,0,0,0
6923701,6427605,1,496096,1,0,0,0,0,0
295677,2039,1,293638,1,0,0,0,0,0
4955319,2335844,1,2619475,1,0,1,0,0,0
9132977,2490903,1,6642074,1,0,2,0,0,0
974817,411700,1,563117,1,0,0,0,0,0
7015625,632940,1,6382685,1,0,0,0,0,0
3060340,1932217,1,1128123,1,0,0,0,0,0
3882544,1856864,1,2025680,1,0,0,0,0,0
1713240,106335,1,1606905,1,0,0,0,0,0
1220400,398139,1,822261,1,0,0,0,0,0
3790638,1207696,1,2582942,1,0,0,0,0,0
3450104,1996244,1,1453860,1,0,0,0,0,0
1601855,327616,1,1274239,1,0,0,0,0,0
3748370,2445822,1,1302548,1,0,0,0,0,0
5243165,2086054,1,3157111,1,0,2,0,0,0
1213100,616672,1,596428,1,0,0,0,0,0
1285177,666003,1,619174,1,0,0,0,0,0
635158,2317,1,632841,1,0,0,0,0,0
3065234,1225106,1,1840128,1,0,0,0,0,0
4586758,446403,1,4140355,1,0,0,0,0,0
5410206,1578342,1,3831864,1,0,0,0,0,0
4743989,4249369,1,494620,1,0,0,0,0,0
2225820,679007,1,1546813,1,0,0,0,0,0
6078928,2161881,1,3917047,1,0,2,0,0,0
1217634,17802,1,1199832,1,0,0,0,0,0
2049682,443067,1,1606615,1,0,1,0,0,0
2940165,955611,1,1984554,1,0,0,0,0,0
1323522,358,1,1323164,1,0,0,0,0,0
808257,264048,1,544209,1,0,0,0,0,0
953825,941821,1,12004,1,0,0,0,0,0
1536972,1408229,1,128743,1,0,0,0,0,0
3628930,3368262,1,260668,1,0,0,0,0,0
3205514,2517183,1,688331,1,0,0,0,0,0
3318607,2554437,1,764170,1,0,0,0,0,0
1907045,1041433,1,865612,1,0,0,0,0,0
6256404,5470188,1,786216,1,0,0,0,0,0
814342,600585,1,213757,1,0,0,0,0,0
1502348,82889,1,1419459,1,0,0,0,0,0
5937521,1013411,1,4924110,1,0,0,0,0,0
4953190,3135392,1,1817798,1,0,3,0,0,0
4027151,97701,1,3929450,1,0,0,0,0,0
116018,86614,1,29404,1,0,0,0,0,0
1809937,1129822,1,680115,1,0,0,0,0,0
3012945,1147218,1,1865727,1,0,0,0,0,0
9680893,5133998,1,4546895,1,0,1,0,0,0
4050062,944275,1,3105787,1,0,0,0,0,0
213752,113740,1,100012,1,0,0,0,0,0
1601206,711881,1,889325,1,0,0,0,0,0
6259882,5637649,1,622233,1,0,1,0,0,0
10013366,6890414,1,3122952,1,0,1,0,0,0
10059631,4648010,1,5411621,1,0,2,0,0,0
2211253,1370326,1,840927,1,0,0,0,0,0
5184814,1392169,1,3792645,1,0,0,0,0,0
7922707,698196,1,7224511,1,0,0,0,0,0
2065780,1050840,1,1014940,1,0,0,0,0,0
1595766,894597,1,701169,1,0,0,0,0,0
219733,729,1,219004,1,0,0,0,0,0
4847863,1134041,1,3713822,1,0,0,0,0,0
5308279,2729050,1,2579229,1,0,0,0,0,0
2852542,413763,1,2438779,1,0,2,0,0,0
3347985,2644654,1,703331,1,0,1,0,0,0
1030186,136888,1,893298,1,0,0,0,0,0
7059518,4149777,1,2909741,1,0,0,0,0,0
905815,453903,1,451912,1,0,0,0,0,0
4803387,990914,1,3812473,1,0,1,0,0,0
6033776,517862,1,5515914,1,0,0,0,0,0
4666404,198710,1,4467694,1,0,0,0,0,0
2247215,1757,1,2245458,1,0,0,0,0,0
3752115,255838,1,3496277,1,0,1,0,0,0
6838412,1763498,1,5074914,1,0,0,0,0,0
1240419,882669,1,357750,1,0,1,0,0,0
11733714,7282455,1,4451259,1,0,2,0,0,0
12481975,7235516,1,5246459,1,0,7,0,0,0
3910941,103175,1,3807766,1,0,0,0,0,0
5420166,1216749,1,4203417,1,0,0,0,0,0
845682,293491,1,552191,1,0,0,0,0,0
9343350,4758050,1,4585300,1,0,0,0,0,0
4514587,13084,1,4501503,1,0,0,0,0,0
4945043,2643920,1,2301123,1,0,0,0,0,0
1770437,774946,1,995491,1,0,1,0,0,0
4670688,561058,1,4109630,1,0,0,0,0,0
4841554,2015651,1,2825903,1,0,0,0,0,0
2827039,191107,1,2635932,1,0,0,0,0,0
5063773,4265632,1,798141,1,0,1,0,0,0
881235,878420,1,2815,1,0,0,0,0,0
1049489,191635,1,857854,1,0,0,0,0,0
10326938,8232961,1,2093977,1,0,0,0,0,0
1930331,754990,1,1175341,1,0,1,0,0,0
7635767,3992473,1,3643294,1,0,0,0,0,0
1469970,145060,1,1324910,1,0,0,0,0,0
13485049,3849960,1,9635089,1,0,4,0,0,0
2373847,1045231,1,1328616,1,0,0,0,0,0
4274942,543454,1,3731488,1,0,1,0,0,0
2248988,1972098,1,276890,1,0,0,0,0,0
4787025,4588195,1,198830,1,0,0,0,0,0
1339714,856022,1,483692,1,0,0,0,0,0
8701331,1741854,1,6959477,1,0,1,0,0,0
5529922,286446,1,5243476,1,0,0,0,0,0
8500933,2756004,1,5744929,1,0,1,0,0,0
920228,226866,1,693362,1,0,0,0,0,0
4437639,1330559,1,3107080,1,0,0,0,0,0
8501334,2930950,1,5570384,1,0,6,0,0,0
786675,539038,1,247637,1,0,0,0,0,0
840272,18122,1,822150,1,0,0,0,0,0
1440930,61483,1,1379447,1,0,0,0,0,0
4496267,525280,1,3970987,1,0,0,0,0,0
1170607,605056,1,565551,1,0,0,0,0,0
12291480,5034689,1,7256791,1,0,5,0,0,0
5872774,289613,1,5583161,1,0,0,0,0,0
2552289,2058241,1,494048,1,0,0,0,0,0
1638849,205595,1,1433254,1,0,0,0,0,0
4541999,3072305,1,1469694,1,0,0,0,0,0
2267991,2095085,1,172906,1,0,1,0,0,0
1652102,1996,1,1650106,1,0,0,0,0,0
1344728,1029284,1,315444,1,0,0,0,0,0
4849895,2055747,1,2794148,1,0,1,0,0,0
9567892,7023568,1,2544324,1,0,0,0,0,0
348999,10298,1,338701,1,0,0,0,0,0
5840116,625708,1,5214408,1,0,0,0,0,0
2171968,841144,1,1330824,1,0,3,0,0,0
2501065,1294784,1,1206281,1,0,0,0,0,0
1109581,755890,1,353691,1,0,0,0,0,0
5104374,4702132,1,402242,1,0,0,0,0,0
5579726,1398604,1,4181122,1,0,1,0,0,0
1770142,926525,1,843617,1,0,1,0,0,0
944692,544370,1,400322,1,0,0,0,0,0
9156487,8695159,1,461328,1,0,0,0,0,0
2225366,2008646,1,216720,1,0,0,0,0,0
7176357,5692868,1,1483489,1,0,0,0,0,0
6397597,344879,1,6052718,1,0,2,0,0,0
3654222,277432,1,3376790,1,0,1,0,0,0
20904765,10517160,1,10387605,1,0,5,0,0,0
4162863,2740869,1,1421994,1,0,0,0,0,0
1753632,501671,1,1251961,1,0,0,0,0,0
1887847,706786,1,1181061,1,0,0,0,0,0
1380136,332348,1,1047788,1,0,0,0,0,0
2691387,1140000,1,1551387,1,0,0,0,0,0
2330540,1645722,1,684818,1,0,0,0,0,0
1158659,870566,1,288093,1,0,0,0,0,0
3047349,1340422,1,1706927,1,0,0,0,0,0
5836244,504849,1,5331395,1,0,7,0,0,0
1684855,1397130,1,287725,1,0,0,0,0,0
3348485,664495,1,2683990,1,0,0,0,0,0
217509,26006,1,191503,1,0,0,0,0,0
3826220,2158480,1,1667740,1,0,0,0,0,0
4295611,1366437,1,2929174,1,0,0,0,0,0
7230528,3623284,1,3607244,1,0,1,0,0,0
1844511,547273,1,1297238,1,0,0,0,0,0
1360652,1081719,1,278933,1,0,0,0,0,0
271035,296,1,270739,1,0,0,0,0,0
3773908,906677,1,2867231,1,0,0,0,0,0
1306542,1033650,1,272892,1,0,0,0,0,0
6213277,2416650,1,3796627,1,0,1,0,0,0
8409076,3349258,1,5059818,1,0,2,0,0,0
3607062,2939855,1,667207,1,0,0,0,0,0
562079,446875,1,115204,1,0,0,0,0,0
864873,118008,1,746865,1,0,0,0,0,0
1635786,471126,1,1164660,1,0,0,0,0,0
7133101,877646,1,6255455,1,0,0,0,0,0
5933964,3028283,1,2905681,1,0,12,0,0,0
6647211,2903772,1,3743439,1,0,0,0,0,0
5658629,1405473,1,4253156,1,0,0,0,0,0
3920091,266757,1,3653334,1,0,0,0,0,0
7502391,2606110,1,4896281,1,0,0,0,0,0
237433,117296,1,120137,1,0,0,0,0,0
832394,144858,1,687536,1,0,0,0,0,0
2855579,1908092,1,947487,1,0,2,0,0,0
4515677,1604271,1,2911406,1,0,0,0,0,0
2783963,93614,1,2690349,1,0,0,0,0,0
3780303,3288706,1,491597,1,0,0,0,0,0
3336383,854725,1,2481658,1,0,0,0,0,0
4880545,4038470,1,842075,1,0,1,0,0,0
3280518,905155,1,2375363,1,0,0,0,0,0
4533875,2550846,1,1983029,1,0,4,0,0,0
12817318,11691121,1,1126197,1,0,1,0,0,0
4579416,1547045,1,3032371,1,0,0,0,0,0
5823829,1268310,1,4555519,1,0,1,0,0,0
2291198,521934,1,1769264,1,0,0,0,0,0
10186318,2935349,1,7250969,1,0,1,0,0,0
2214842,860732,1,1354110,1,0,0,0,0,0
958077,657802,1,300275,1,0,0,0,0,0
2861077,1318531,1,1542546,1,0,3,0,0,0
3558260,535662,1,3022598,1,0,0,0,0,0
4189826,517382,1,3672444,1,0,0,0,0,0
3583161,585661,1,2997500,1,0,0,0,0,0
2521432,768419,1,1753013,1,0,2,0,0,0
5445894,2755062,1,2690832,1,0,0,0,0,0
2125910,135370,1,1990540,1,0,0,0,0,0
1154176,504661,1,649515,1,0,2,0,0,0
2652060,470186,1,2181874,1,0,0,0,0,0
1406757,840532,1,566225,1,0,0,0,0,0
4472523,489630,1,3982893,1,0,0,0,0,0
11267095,7369911,1,3897184,1,0,0,0,0,0
2134279,1249524,1,884755,1,0,0,0,0,0
7461465,6022167,1,1439298,1,0,0,0,0,0
9057007,3902549,1,5154458,1,0,3,0,0,0
4172766,3149811,1,1022955,1,0,0,0,0,0
3203894,240472,1,2963422,1,0,0,0,0,0
1312454,4034,1,1308420,1,0,0,0,0,0
2193866,1232885,1,960981,1,0,0,0,0,0
4168534,1718039,1,2450495,1,0,1,0,0,0
953992,32790,1,921202,1,0,0,0,0,0
7225662,6624721,1,600941,1,0,0,0,0,0
1984924,1665847,1,319077,1,0,0,0,0,0
10307271,8862208,1,1445063,1,0,0,0,0,0
4005442,2695822,1,1309620,1,0,0,0,0,0
3363478,3360946,1,2532,1,0,2,0,0,0
743004,258498,1,484506,1,0,0,0,0,0
2242351,1223250,1,1019101,1,0,0,0,0,0
1089466,3693,1,1085773,1,0,0,0,0,0
5106460,4436087,1,670373,1,0,1,0,0,0
1516348,1068520,1,447828,1,0,0,0,0,0
3480844,1744939,1,1735905,1,0,0,0,0,0
2633967,2221,1,2631746,1,0,0,0,0,0
3310415,162976,1,3147439,1,0,0,0,0,0
1016393,424333,1,592060,1,0,0,0,0,0
3634699,2253467,1,1381232,1,0,0,0,0,0
7506145,1134,1,7505011,1,0,1,0,0,0
1918793,506480,1,1412313,1,0,0,0,0,0
4850621,4724077,1,126544,1,0,0,0,0,0
5361076,1372675,1,3988401,1,0,1,0,0,0
1046496,977058,1,69438,1,0,0,0,0,0
4979732,1532504,1,3447228,1,0,0,0,0,0
9732261,2294722,1,7437539,1,0,0,0,0,0
2013886,891127,1,1122759,1,0,0,0,0,0
2246234,1283207,1,963027,1,0,0,0,0,0
15634703,2557804,1,13076899,1,0,0,0,0,0
1799591,1459943,1,339648,1,0,0,0,0,0
1145081,1053863,1,91218,1,0,0,0,0,0
4639298,2331947,1,2307351,1,0,0,0,0,0
2615642,980073,1,1635569,1,0,2,0,0,0
10688153,9518481,1,1169672,1,0,0,0,0,0
916132,179240,1,736892,1,0,0,0,0,0
1598481,374564,1,1223917,1,0,0,0,0,0
968588,98948,1,869640,1,0,0,0,0,0
5158360,2133331,1,3025029,1,0,0,0,0,0
7202700,3459310,1,3743390,1,0,0,0,0,0
3847564,896019,1,2951545,1,0,0,0,0,0
200828,6659,1,194169,1,0,0,0,0,0
1253828,1011682,1,242146,1,0,0,0,0,0
2761129,753481,1,2007648,1,0,0,0,0,0
1472518,240415,1,1232103,1,0,0,0,0,0
520810,70083,1,450727,1,0,0,0,0,0
614082,378210,1,235872,1,0,0,0,0,0
6068864,2942040,1,3126824,1,0,1,0,0,0
2827923,2556028,1,271895,1,0,0,0,0,0
5717811,580204,1,5137607,1,0,0,0,0,0
4818937,1509445,1,3309492,1,0,1,0,0,0
1752444,693793,1,1058651,1,0,1,0,0,0
739263,102827,1,636436,1,0,0,0,0,0
10499460,3429128,1,7070332,1,0,1,0,0,0
3011799,8238,1,3003561,1,0,0,0,0,0
4495153,4418606,1,76547,1,0,0,0,0,0
1668680,1555737,1,112943,1,0,0,0,0,0
1448490,1270258,1,178232,1,0,0,0,0,0
10047638,3219136,1,6828502,1,0,1,0,0,0
4839175,140306,1,4698869,1,0,0,0,0,0
5192072,3844239,1,1347833,1,0,1,0,0,0
3079504,355417,1,2724087,1,0,1,0,0,0
7824589,3976393,1,3848196,1,0,1,0,0,0
1310576,229297,1,1081279,1,0,0,0,0,0
2837734,1859151,1,978583,1,0,0,0,0,0
617583,577608,1,39975,1,0,0,0,0,0
5280628,1359850,1,3920778,1,0,0,0,0,0
2534763,25856,1,2508907,1,0,0,0,0,0
884294,304933,1,579361,1,0,0,0,0,0
1754966,506497,1,1248469,1,0,0,0,0,0
3146537,1093293,1,2053244,1,0,0,0,0,0
2449542,95318,1,2354224,1,0,0,0,0,0
174454,141989,1,32465,1,0,0,0,0,0
2721505,1257986,1,1463519,1,0,0,0,0,0
2206816,1434984,1,771832,1,0,0,0,0,0
5563284,267896,1,5295388,1,0,0,0,0,0
1400600,1762,1,1398838,1,0,0,0,0,0
1711260,127348,1,1583912,1,0,0,0,0,0
1931121,4449,1,1926672,1,0,0,0,0,0
7176763,5449118,1,1727645,1,0,0,0,0,0
2585549,589790,1,1995759,1,0,1,0,0,0
6501217,2445654,1,4055563,1,0,0,0,0,0
5832782,871066,1,4961716,1,0,0,0,0,0
2671418,559802,1,2111616,1,0,0,0,0,0
2665964,702101,1,1963863,1,0,2,0,0,0
4659764,4633,1,4655131,1,0,0,0,0,0
3906767,364070,1,3542697,1,0,0,0,0,0
3113104,435886,1,2677218,1,0,1,0,0,0
2627956,2853,1,2625103,1,0,1,0,0,0
2800503,638244,1,2162259,1,0,0,0,0,0
7440491,7030290,1,410201,1,0,0,0,0,0
1506608,1501558,1,5050,1,0,0,0,0,0
3732292,687374,1,3044918,1,0,1,0,0,0
2552664,421343,1,2131321,1,0,0,0,0,0
5927468,3998598,1,1928870,1,0,0,0,0,0
1199826,10965,1,1188861,1,0,0,0,0,0
6826579,664304,1,6162275,1,0,0,0,0,0
3283061,70768,1,3212293,1,0,0,0,0,0
5647569,3760956,1,1886613,1,0,0,0,0,0
3135792,259555,1,2876237,1,0,0,0,0,0
2590064,567,1,2589497,1,0,0,0,0,0
6856208,4221059,1,2635149,1,0,0,0,0,0
7031475,3372044,1,3659431,1,0,4,0,0,0
1797680,1328497,1,469183,1,0,0,0,0,0
3879408,3098505,1,780903,1,0,0,0,0,0
6343367,3440467,1,2902900,1,0,0,0,0,0
6404973,3582280,1,2822693,1,0,1,0,0,0
7851132,7669053,1,182079,1,0,0,0,0,0
9559789,4252962,1,5306827,1,0,0,0,0,0
455320,442435,1,12885,1,0,0,0,0,0
8699857,8124764,1,575093,1,0,0,0,0,0
2567688,1275691,1,1291997,1,0,0,0,0,0
8801326,3087362,1,5713964,1,0,0,0,0,0
2987117,1042928,1,1944189,1,0,0,0,0,0
1446231,583503,1,862728,1,0,0,0,0,0
2348897,1613673,1,735224,1,0,0,0,0,0
14416783,7052382,1,7364401,1,0,3,0,0,0
6114286,2514024,1,3600262,1,0,0,0,0,0
536859,124246,1,412613,1,0,0,0,0,0
1356951,1059806,1,297145,1,0,0,0,0,0
9644060,917651,1,8726409,1,0,1,0,0,0
4194821,406790,1,3788031,1,0,0,0,0,0
5713256,252615,1,5460641,1,0,0,0,0,0
1750060,1149678,1,600382,1,0,0,0,0,0
6374413,2535590,1,3838823,1,0,0,0,0,0
5592888,233901,1,5358987,1,0,0,0,0,0
3425843,173523,1,3252320,1,0,0,0,0,0
2593870,1461396,1,1132474,1,0,0,0,0,0
1538351,708476,1,829875,1,0,0,0,0,0
5849268,4989064,1,860204,1,0,0,0,0,0
909278,414433,1,494845,1,0,0,0,0,0
2408479,417263,1,1991216,1,0,0,0,0,0
5822997,1226,1,5821771,1,0,0,0,0,0
1145557,349386,1,796171,1,0,0,0,0,0
6289012,5709339,1,579673,1,0,0,0,0,0
1127825,222232,1,905593,1,0,1,0,0,0
2219604,1944475,1,275129,1,0,0,0,0,0
3322498,2373601,1,948897,1,0,3,0,0,0
8690128,2813658,1,5876470,1,0,0,0,0,0
6729182,3388760,1,3340422,1,0,0,0,0,0
2864024,151436,1,2712588,1,0,1,0,0,0
7621671,7386311,1,235360,1,0,0,0,0,0
1650397,1636615,1,13782,1,0,0,0,0,0
1692717,818851,1,873866,1,0,0,0,0,0
9238904,6887130,1,2351774,1,0,3,0,0,0
1439096,5521,1,1433575,1,0,1,0,0,0
2643316,1767042,1,876274,1,0,0,0,0,0
1162546,95187,1,1067359,1,0,3,0,0,0
15814846,9534727,1,6280119,1,0,5,0,0,0
5043069,2080832,1,2962237,1,0,0,0,0,0
7039349,3412369,1,3626980,1,0,0,0,0,0
2328475,483826,1,1844649,1,0,0,0,0,0
4956013,2067367,1,2888646,1,0,1,0,0,0
2864956,1675128,1,1189828,1,0,0,0,0,0
8803676,1899652,1,6904024,1,0,0,0,0,0
8432581,7037454,1,1395127,1,0,0,0,0,0
7581097,2044002,1,5537095,1,0,0,0,0,0
7359180,1242128,1,6117052,1,0,0,0,0,0
3253240,212056,1,3041184,1,0,1,0,0,0
1854581,142194,1,1712387,1,0,0,0,0,0
944030,450477,1,493553,1,0,0,0,0,0
3150230,1316808,1,1833422,1,0,0,0,0,0
718935,317785,1,401150,1,0,0,0,0,0
2756778,2188907,1,567871,1,0,0,0,0,0
94823,86932,1,7891,1,0,0,0,0,0
1462872,566,1,1462306,1,0,0,0,0,0
11375780,178786,1,11196994,1,0,0,0,0,0
9178042,6615671,1,2562371,1,0,4,0,0,0
18882611,2001263,1,16881348,1,0,0,0,0,0
2683725,2183895,1,499830,1,0,0,0,0,0
328238,203113,1,125125,1,0,0,0,0,0
4921092,1533434,1,3387658,1,0,0,0,0,0
3633757,1566261,1,2067496,1,0,0,0,0,0
3405777,3378888,1,26889,1,0,0,0,0,0
6191865,3151839,1,3040026,1,0,0,0,0,0
6528784,995443,1,5533341,1,0,0,0,0,0
1974721,723564,1,1251157,1,0,0,0,0,0
3621803,1361854,1,2259949,1,0,0,0,0,0
6033170,1953232,1,4079938,1,0,1,0,0,0
4977825,1923205,1,3054620,1,0,0,0,0,0
5522951,939068,1,4583883,1,0,1,0,0,0
8346481,5334268,1,3012213,1,0,0,0,0,0
4384375,3668686,1,715689,1,0,0,0,0,0
521741,505770,1,15971,1,0,0,0,0,0
1440944,1279574,1,161370,1,0,0,0,0,0
3764790,2982218,1,782572,1,0,0,0,0,0
2706143,1509037,1,1197106,1,0,0,0,0,0
2263181,535453,1,1727728,1,0,3,0,0,0
350533,1693,1,348840,1,0,0,0,0,0
4627853,614423,1,4013430,1,0,0,0,0,0
3519721,768256,1,2751465,1,0,1,0,0,0
698288,500892,1,197396,1,0,0,0,0,0
4042613,2649214,1,1393399,1,0,0,0,0,0
9743071,6287252,1,3455819,1,0,0,0,0,0
3273232,2981315,1,291917,1,0,0,0,0,0
4331489,2591103,1,1740386,1,0,0,0,0,0
2606389,1561989,1,1044400,1,0,0,0,0,0
2370555,1974459,1,396096,1,0,0,0,0,0
2721307,1750188,1,971119,1,0,0,0,0,0
12680437,6138263,1,6542174,1,0,3,0,0,0
1506496,981653,1,524843,1,0,2,0,0,0
5671252,3796604,1,1874648,1,0,0,0,0,0
2208164,618497,1,1589667,1,0,0,0,0,0
2109730,770832,1,1338898,1,0,0,0,0,0
6293458,3118051,1,3175407,1,0,0,0,0,0
5182874,4628530,1,554344,1,0,0,0,0,0
4530682,1156338,1,3374344,1,0,0,0,0,0
2389061,1928782,1,460279,1,0,0,0,0,0
7048486,5404883,1,1643603,1,0,0,0,0,0
1881176,797750,1,1083426,1,0,0,0,0,0
12594923,11285713,1,1309210,1,0,3,0,0,0
6814164,4966689,1,1847475,1,0,1,0,0,0
4735238,1129648,1,3605590,1,0,0,0,0,0
2469950,274166,1,2195784,1,0,0,0,0,0
2918077,674507,1,2243570,1,0,0,0,0,0
8302232,3815168,1,4487064,1,0,1,0,0,0
3563483,557181,1,3006302,1,0,0,0,0,0
940635,424969,1,515666,1,0,0,0,0,0
5043243,3417483,1,1625760,1,0,0,0,0,0
5045397,922866,1,4122531,1,0,0,0,0,0
1992033,1477596,1,514437,1,0,0,0,0,0
6285715,1628154,1,4657561,1,0,0,0,0,0
2329752,401534,1,1928218,1,0,0,0,0,0
3697856,3032631,1,665225,1,0,0,0,0,0
5917404,764632,1,5152772,1,0,0,0,0,0
987744,8044,1,979700,1,0,0,0,0,0
8098293,3306706,1,4791587,1,0,1,0,0,0
4258221,1982198,1,2276023,1,0,1,0,0,0
1736514,738452,1,998062,1,0,0,0,0,0
4060082,1971584,1,2088498,1,0,0,0,0,0
1756391,1100563,1,655828,1,0,0,0,0,0
2882851,1482144,1,1400707,1,0,1,0,0,0
6407179,2040765,1,4366414,1,0,0,0,0,0
6384460,1637371,1,4747089,1,0,0,0,0,0
8258498,180550,1,8077948,1,0,5,0,0,0
971058,530533,1,440525,1,0,0,0,0,0
9980000,761208,1,9218792,1,0,1,0,0,0
5481792,2788211,1,2693581,1,0,0,0,0,0
2208721,375902,1,1832819,1,0,0,0,0,0
5537048,672075,1,4864973,1,0,0,0,0,0
2748890,1432387,1,1316503,1,0,0,0,0,0
5253286,2592686,1,2660600,1,0,0,0,0,0
926522,43930,1,882592,1,0,0,0,0,0
8769445,772954,1,7996491,1,0,0,0,0,0
1867441,1148952,1,718489,1,0,0,0,0,0
2650636,174603,1,2476033,1,0,0,0,0,0
4072428,2858065,1,1214363,1,0,0,0,0,0
3827082,1978583,1,1848499,1,0,0,0,0,0
2255171,1443262,1,811909,1,0,0,0,0,0
697009,498085,1,198924,1,0,0,0,0,0
3206615,513558,1,2693057,1,0,0,0,0,0
7533172,3033660,1,4499512,1,0,0,0,0,0
386412,57657,1,328755,1,0,0,0,0,0
5183373,2690110,1,2493263,1,0,0,0,0,0
1464827,817128,1,647699,1,0,0,0,0,0
2510811,1393166,1,1117645,1,0,1,0,0,0
3179637,957805,1,2221832,1,0,0,0,0,0
1346811,1049565,1,297246,1,0,0,0,0,0
3285758,299918,1,2985840,1,0,0,0,0,0
4870145,1406394,1,3463751,1,0,0,0,0,0
6502683,2023665,1,4479018,1,0,0,0,0,0
388628,327041,1,61587,1,0,0,0,0,0
3948153,1856449,1,2091704,1,0,0,0,0,0
6803269,6685472,1,117797,1,0,0,0,0,0
11265510,3544052,1,7721458,1,0,7,0,0,0
631815,450402,1,181413,1,0,0,0,0,0
2058211,879696,1,1178515,1,0,2,0,0,0
4870252,2063922,1,2806330,1,0,0,0,0,0
2466887,1336614,1,1130273,1,0,0,0,0,0
13701254,192687,1,13508567,1,0,1,0,0,0
5203525,1618941,1,3584584,1,0,2,0,0,0
2943803,1290997,1,1652806,1,0,0,0,0,0
5803114,5161153,1,641961,1,0,0,0,0,0
1034385,233075,1,801310,1,0,0,0,0,0
3996678,3710933,1,285745,1,0,0,0,0,0
5170922,13907,1,5157015,1,0,0,0,0,0
6723507,599585,1,6123922,1,0,1,0,0,0
3293586,2386932,1,906654,1,0,0,0,0,0
1638162,1214368,1,423794,1,0,0,0,0,0
7178443,5086102,1,2092341,1,0,0,0,0,0
6370068,651682,1,5718386,1,0,0,0,0,0
4261744,1758606,1,2503138,1,0,0,0,0,0
23359,8943,1,14416,1,0,0,0,0,0
1350127,1002375,1,347752,1,0,0,0,0,0
1419363,283392,1,1135971,1,0,0,0,0,0
3533129,1886030,1,1647099,1,0,4,0,0,0
4044107,3080236,1,963871,1,0,0,0,0,0
3887879,195696,1,3692183,1,0,0,0,0,0
7589817,2345632,1,5244185,1,0,0,0,0,0
13192754,1484018,1,11708736,1,0,3,0,0,0
1729686,1717649,1,12037,1,0,0,0,0,0
3044246,175705,1,2868541,1,0,0,0,0,0
4601053,28830,1,4572223,1,0,0,0,0,0
2861038,949566,1,1911472,1,0,0,0,0,0
2083814,530453,1,1553361,1,0,0,0,0,0
559047,457723,1,101324,1,0,0,0,0,0
8215203,2628660,1,5586543,1,0,1,0,0,0
235901,200769,1,35132,1,0,0,0,0,0
7386648,5534416,1,1852232,1,0,0,0,0,0
3657361,2509966,1,1147395,1,0,1,0,0,0
2796814,1614907,1,1181907,1,0,0,0,0,0
3407797,146248,1,3261549,1,0,0,0,0,0
1526482,467611,1,1058871,1,0,0,0,0,0
