30644
39848
24522
17031
27916
21284
68681
102400
23304
38854
65795
40706
38351
7991
19161
46492
37149
25855
63227
46284
42071
68289
27362
32943
37534
45666
66857
44846
49636
32017
24283
55588
45996
75680
29144
46503
12804
19457
33558
18805
55417
28704
13493
32205
29577
31312
28993
70309
27352
40083
30309
62481
48323
18224
22482
61011
21265
29853
75008
22443
30122
50892
20771
14218
23200
47270
115590
74848
31494
16578
30341
43652
49072
67852
28951
12214
61408
68714
55183
32506
31474
44680
50677
30283
42836
31229
29914
28977
34722
38144
56268
31807
27515
74179
28778
53709
47536
55961
30927
66865
95751
18859
54395
27180
14747
33823
29556
121128
44301
27427
70462
66359
29259
58740
52171
26737
26704
16041
73633
25324
44293
24513
28965
77111
32286
17119
29311
34834
41612
32753
40845
40938
69199
36422
73672
7330
47813
36812
71621
52454
48694
34877
39537
32108
48699
37827
69608
24740
32147
44366
43209
43104
66385
87977
31353
31039
45585
9550
35191
43908
46860
95562
23013
77380
38483
14015
40196
38581
25944
63101
49157
39179
33207
53828
21834
26325
52609
76304
42061
106012
23150
26874
73636
25705
22553
46901
34887
51910
42757
49772
34836
25545
41715
48634
29961
54398
34601
44939
33342
45752
47540
28884
28890
19758
43700
10276
39373
25149
43810
17047
12306
29016
33265
26275
15411
30520
69645
38779
54598
23127
12183
17249
50589
32575
23717
36024
25583
41467
25595
30135
51454
18788
43747
34416
58936
43103
38930
14271
48205
35187
27754
91682
24977
101543
37329
33302
59131
43417
38871
36019
70592
30147
34827
51790
54915
45539
26406
70927
49251
62921
46434
24018
47472
37145
16425
98580
28760
33397
47818
64501
50512
29739
20539
40296
16767
11452
15993
58723
84868
29748
54431
40892
40305
56604
7254
82966
47824
34315
32665
47622
112118
16542
36158
36741
25394
43976
43211
46873
26438
57446
28623
30227
41958
31515
15283
46212
51819
43523
41110
48956
33724
65298
19903
71622
26285
54613
27637
44869
14657
113787
50081
118433
32087
59646
43302
34163
31879
47101
27264
44845
40261
49294
28430
39041
40176
24950
49148
33703
22911
46937
71127
86314
26513
23152
30592
42271
12947
60802
43141
22734
37606
79394
31116
45818
71395
29019
38089
28608
47170
103199
18509
36631
21371
39968
35614
28522
34319
39829
46114
24464
78110
17854
20169
54260
20132
50767
44162
13209
19064
28749
43785
69603
98494
12416
78878
67294
45207
44724
58964
62863
37557
27827
58651
28243
59582
69682
23952
30653
44646
31953
24395
21013
39497
48209
20455
62121
33209
11712
48151
20098
44721
13464
16888
37351
29929
64677
67702
26112
120867
121302
22361
82035
35244
67098
50225
20076
20505
53097
21919
43821
17069
18071
5936
39236
73654
49424
51004
62370
81159
26885
51870
33521
31794
29917
77071
19632
21141
84039
19141
36729
49149
62454
81598
40054
63331
30333
36324
50582
42606
37612
93457
63556
47517
14942
35682
46932
65110
55578
28850
56403
32394
24672
37920
30912
23186
18760
11123
26687
37378
56893
12554
42022
53077
44850
37987
33670
15822
46513
85166
38319
20350
48886
29372
79480
15377
127282
54886
27788
62049
23825
51356
56832
89014
36721
75921
45985
83331
43156
52657
71355
42294
48596
34299
95665
25604
16724
40585
33618
95731
27619
21156
28481
21260
26140
25927
37550
61663
53686
45378
35159
47433
60425
63095
68842
83910
35759
76484
48828
40433
34518
79369
77526
76538
56956
30696
31768
39120
33910
10046
47386
56381
33277
16326
45874
70929
11518
28095
48622
47106
51498
37590
27811
36431
32233
30501
48319
57368
42265
40919
28851
28763
9055
18824
110210
35598
43473
21174
32335
34295
63182
102977
40165
50522
58263
57222
19400
49848
15860
76625
36621
64163
40691
50102
45217
29194
42716
47879
40292
43385
44970
25022
45203
19223
78147
36619
27178
57333
25477
12929
39197
23470
89925
46945
41680
51837
40342
16850
81638
31889
71429
45023
46443
50255
35622
29640
26463
41916
53440
21037
25490
32081
13625
22020
25437
20198
76849
21384
47678
72890
24969
29027
66834
64964
21544
27734
11175
116222
57314
15958
42316
30533
35396
33641
10064
24748
71207
56858
49003
23320
68287
41658
9359
34248
24595
30184
64345
34898
40527
131381
12745
31080
40307
26132
40994
13896
23338
56066
29046
26266
57532
60290
46012
65764
70853
17677
60359
13577
24989
60628
14372
38449
29453
51372
16302
28141
63682
40301
47715
53071
29999
92076
60437
30904
39061
27779
38998
32457
16364
21145
31990
27448
18012
46153
6548
51410
44951
34731
59917
25503
44969
47570
36773
35746
30269
26664
31048
86112
37476
17621
24398
45322
21666
130138
42956
46191
28620
37023
28880
46180
40883
29973
39913
28774
46107
47829
39580
26826
38637
80501
54767
30740
23364
36994
78243
27522
12119
51019
33599
29841
38528
49920
50412
21096
12858
37373
60540
95733
20605
56713
12791
49095
57278
42450
37228
49709
63487
50064
56831
22520
20322
40712
75339
21974
32350
41457
30191
27752
66908
77854
39326
41895
43452
24220
26893
46226
37148
44158
17755
34674
50141
61610
51052
26003
38170
43828
86902
52178
18698
25986
35002
45121
24022
61397
19141
24345
27411
33803
21942
13213
29088
70052
31417
17864
65946
24591
37895
43450
23357
36456
89811
14464
57232
22006
23165
47897
55069
63700
74983
41084
37310
34007
60062
40183
23140
33688
74825
43432
37993
25430
8557
24722
45069
102960
35761
59800
28799
40917
34310
66580
60462
33348
57933
16671
39537
38569
37798
81540
36060
20122
51243
8048
57121
22937
91837
87386
38669
30541
44912
52851
27877
43067
41232
23907
18213
48091
13934
45675
38370
45557
54212
40522
40552
39803
74143
44581
44760
54237
27665
51120
23546
70538
17000
45037
25491
9858
56350
21302
23309
28640
67876
38455
42750
103487
10109
34304
40684
28587
24603
74683
33844
28434
20446
19222
65185
94392
20675
20262
16160
36126
51184
46675
16789
24603
17458
40269
87635
55967
35736
79195
75376
22697
43439
81319
20723
27627
39449
66112
67826
27896
35543
32910
20083
51379
39603
25085
35543
49518
23100
33093
57868
63838
43404
18093
39252
66561
32084
59434
21666
42447
58324
45984
24333
20562
14455
43702
12001
24970
32874
44922
66527
17669
128462
49367
47702
43317
31953
45395
69492
78185
23869
50703
10415
20243
36419
63775
10091
36401
13990
18070
39504
