26979
6649
24446
22487
4766
3622
9073
23796
9100
10603
3888
12991
4792
2213
7472
4628
34136
11700
59118
57928
36316
1895
37385
21077
19976
46791
18908
9602
7846
25009
2325
3242
42146
9637
8359
5911
29351
13340
55552
2007
28705
17101
8906
17369
7875
16763
23863
7249
7800
1827
8388
32631
4420
18614
15913
12654
16251
17823
4787
25019
6379
17004
5353
8687
23527
21331
20232
7967
23463
34554
16197
22807
1092
5650
4145
10586
13623
36397
48106
61776
8362
14121
26375
10753
4920
89410
27376
38505
21752
22636
4002
13595
16702
23964
4061
23034
2047
20239
26481
12362
12289
17348
6633
17718
10145
12310
33758
2975
15251
9232
2827
6368
14648
9158
17064
1935
6176
7938
27286
7570
4202
10561
5245
12782
39373
7173
3097
6088
28973
3784
2795
2558
7721
10977
20324
74883
11802
17131
6315
46262
12995
24274
5161
29877
18432
17276
4915
36548
19148
2181
27879
21600
2626
29233
7897
1928
3689
12632
80541
14563
6610
3920
8936
5357
7601
8777
20222
11249
28206
20472
11332
3592
11529
28262
5885
4724
28760
23215
30454
68564
8788
10550
5989
26731
14110
13684
60687
27514
15580
19869
4357
17868
30098
8948
6481
11531
3961
21490
7020
9209
2719
27873
1717
21639
27378
15096
18900
42754
4534
11641
5890
5764
36555
19589
26468
23399
8526
23116
31471
11244
5702
28392
2498
4377
4488
31024
5261
19260
7791
5442
11712
28552
15006
10095
22830
17544
13752
50533
14949
25872
6990
15458
2967
22196
22971
5935
17886
5878
1596
16585
10187
5807
8910
33828
13922
2419
10972
20454
6510
18591
3534
40147
9371
2794
19062
3041
24269
17723
18002
20164
16320
14776
15146
15227
13069
33156
45735
933
28949
8706
29373
8240
12106
1146
7569
22745
18978
19646
11022
3524
17705
11530
16405
6103
32253
12267
6717
57218
11745
32088
3202
9029
23183
8223
26920
10154
15125
16354
43903
12675
13613
2734
8104
21610
17815
12398
42148
47496
2142
17905
52514
9099
7350
66177
24681
3823
9893
10232
17590
12027
7791
10683
80513
51708
5944
10356
3268
7791
41202
15760
27082
54025
6724
17277
1666
8498
15610
41868
37628
4081
9877
3886
4680
11169
5014
1639
12053
17883
10799
1561
7518
2512
7138
50388
8649
39916
18698
17543
12590
34477
19817
10088
7232
16748
18964
6345
9720
24115
2776
8588
3190
16360
24267
50091
33306
1904
4431
66954
4572
15857
16426
21534
4618
10111
34648
22286
15429
12557
20420
14391
31650
14283
13268
22402
15305
36805
8296
7427
3662
27877
48960
2566
24062
2801
45346
17599
30517
19728
13740
2460
7399
19432
65009
41532
2839
6417
11683
35124
4209
34376
9032
19317
5321
4936
74699
3763
5919
24986
6299
31080
9178
5019
5131
32093
3833
18898
19801
4539
27616
15527
11485
11209
8930
5252
31374
10045
4665
26090
3912
23769
13392
7498
11169
3492
57106
43331
15515
27722
14281
22185
12723
3090
6219
7528
10475
37245
23316
8651
1260
8897
9811
27455
16109
17730
7596
50652
4056
22180
10221
11884
1180
24809
22476
19637
6335
21311
15428
44607
23430
27020
8247
4592
41058
11360
31067
21510
24989
3944
17877
25617
27957
7048
16592
24447
7298
4270
16878
46164
45689
3492
17884
38181
21053
35314
5090
2507
8253
48496
6242
10265
3546
16371
38560
10953
35658
26844
8176
1475
32167
7728
9541
6250
39991
18422
25851
27063
14962
7915
50983
10714
18970
12264
30799
7061
8419
12568
4454
6797
4514
4454
14574
11223
21261
10316
63514
8267
17281
14310
66046
5841
26628
28000
3360
25625
7450
9303
27146
33895
5623
6423
6464
4877
25610
10950
3078
19066
14692
34113
10927
7270
8341
3942
27164
14392
46827
32418
45595
2520
10714
3799
12817
34424
11104
3887
12132
33905
34717
20641
13675
15797
36223
20243
7653
25974
3798
9469
7622
3036
26265
14554
11958
10509
9550
3189
19658
14744
32898
7820
4186
1823
18189
30707
10620
4183
20867
29664
2286
18924
31716
1589
3723
22573
8649
1942
63577
23253
10398
14001
2849
15757
13544
7986
16272
1968
11498
7526
13557
3205
14468
1868
28254
6806
7405
34615
26290
15586
18434
5214
10032
28600
18164
5480
29797
5128
1208
26229
10404
6548
17481
35905
6923
2322
19203
13063
15449
10401
21471
23186
19411
11820
10563
45986
21617
9335
25589
5350
24346
22410
5593
4309
47926
36281
16185
4065
14514
19754
2004
22201
57205
4968
2908
13474
11923
16302
34227
11679
29336
21453
6329
26923
8471
20476
3291
6151
37985
8575
73570
8502
30315
14442
66880
28123
34059
3849
19098
8181
2498
60979
2216
31176
37845
19350
27373
31677
20794
9824
27752
13266
12919
12281
6083
10519
2540
6293
23676
32979
16552
24119
16193
32751
18119
24926
2673
21850
20352
8031
4325
3410
17167
19896
15561
4798
21086
31276
10158
3932
4541
40735
7992
61657
14031
19866
11650
18485
3602
26610
6490
12708
7797
16470
14966
22718
55316
27331
34657
28608
5997
3015
7383
9919
25281
5240
3904
12393
2643
17652
39995
2912
29843
15214
14661
40852
35758
3039
2167
14639
23434
7854
3547
18041
28609
2353
3829
40059
42615
29561
11086
5770
14953
9084
12013
4614
15730
9342
53884
36923
27195
9520
11360
8553
3987
9309
24311
10151
3304
15808
1850
7199
20867
8525
6030
5281
15742
4010
26431
8229
19007
30507
3155
7047
4630
4157
18478
7556
4433
10055
5270
10532
5105
70736
20444
33202
25120
4383
22822
22365
6231
8100
3124
9515
56220
9821
34873
8301
4755
11430
30906
33373
27712
12684
16750
11624
1096
9577
11380
17849
14381
59884
39870
9516
50363
23492
4940
3124
3964
7106
6782
29294
8796
6371
18032
10962
2313
37221
7563
39377
23260
52365
33852
4070
33598
14526
27534
26855
4804
31372
10407
17372
15400
15166
13665
5212
65372
36670
33613
4784
39402
27195
7062
10201
19957
4257
32026
23204
10303
24981
18203
23663
4677
25875
5191
25694
21089
6072
7612
18684
13231
19855
23761
3283
24844
22949
5936
19719
23226
2717
1362
12648
30182
9847
20068
9162
9283
11938
10612
16066
3156
16754
26121
24044
8831
4224
13141
9603
11959
2670
10694
4108
3161
14703
3746
10565
16240
10126
3779
17987
21872
27188
2475
14119
