363891
70321
169048
244252
469384
519965
968211
567683
316607
1178825
412509
1160244
676488
166112
188304
270918
271227
509804
290034
314628
412584
543718
1378935
1301686
2629279
875913
494375
2020481
405504
259878
304477
60910
212663
1091159
223762
54638
28339
427772
320608
243657
491977
575172
337053
416699
1078051
779443
469223
844913
437632
178892
31709
1009850
1651044
366128
422798
238300
606210
86585
291441
260149
1564648
117787
156520
780365
520244
1252518
236500
96509
590469
560605
588866
846219
729938
1099737
541239
877124
626036
724426
388253
1950
1000101
63624
106004
157801
1371068
242102
221899
224027
114260
805313
535065
517135
763145
850786
139780
517073
550704
523675
864588
713544
779826
736138
810793
1129087
26873
487655
287603
242696
504252
324991
850839
1376839
175914
642620
275198
816436
460405
1025366
1230
845428
654922
174445
524301
290910
55335
585289
1304228
1201379
857364
650153
793117
391981
375700
847568
346338
692007
130533
426554
915349
61760
636228
439331
198467
118186
166565
201069
1411873
453078
474218
1561157
65605
118530
546088
271532
328483
761106
1381353
1011681
53887
729020
875078
262704
144503
507038
353648
2365636
435025
358053
1530084
398450
574640
210366
490224
276730
164571
508354
498058
380564
103231
412536
103753
725968
541679
800405
214962
1533353
794670
734987
1403345
267474
744019
110105
696670
231158
224967
345550
335497
1149360
380837
248571
473424
75166
998178
112212
895187
277114
433857
432276
440851
227615
335945
459752
522882
419333
1175855
1079639
334694
124639
341399
718365
1706465
787390
551983
215143
612887
72329
422472
121773
356307
551813
101936
778968
342725
655721
352873
1085317
1205330
1053784
72677
369040
1939933
646319
394442
266387
155917
1724526
138434
551553
265224
759277
111804
293284
192004
97872
422351
1157818
162111
27622
668949
769390
920799
662516
327338
805544
458749
125621
346927
508391
355251
344746
72267
355821
1273779
161162
592968
283594
837350
1732632
1616440
1095949
305418
205060
1118248
1384369
167806
909474
621910
444778
267099
54383
1593026
311307
464272
338607
760764
234674
87210
898626
110893
417835
819633
41251
1142532
163402
489596
170557
1051250
751142
464259
160057
497458
398931
433514
679413
96289
576353
905609
867685
132875
275907
1629878
230313
480682
1217078
634167
537432
456388
767717
1151222
553658
754091
675462
235377
611979
1262944
181049
1664921
522995
1153582
104183
133259
705596
802470
694316
808667
445021
589665
225566
421184
157723
200392
390536
566229
143896
72832
113849
92945
699338
1089373
77923
674111
654316
480325
996994
437252
879032
131626
669130
156456
504182
1174168
168214
112679
1036788
130453
399809
636351
399847
433819
220758
433967
1427214
876125
8758
394654
654484
544034
790757
549640
360483
529498
1148574
479236
391449
601093
508896
790147
558313
93302
658467
172246
823573
504104
495304
645765
12227
2437515
1287755
816057
790740
299430
655895
241719
878708
606305
722904
443527
586532
845398
426603
57362
863961
903754
74759
229578
1886100
310800
338411
155961
260455
90720
316848
555422
2123272
789101
956423
234272
1233057
411382
743336
613250
509108
321760
609013
1368580
283180
598742
67314
696969
789200
1466121
723321
1266792
447032
917386
549439
98499
543400
959458
1676415
202609
446524
988279
280535
1298910
294824
1474870
291762
508182
128268
496525
146254
487781
593077
154270
210353
56280
989103
351176
579239
800896
160016
827766
565247
497670
149742
1320377
503263
612325
1566045
1036148
446399
591776
540080
179361
212515
311363
293010
90640
1037796
176366
439381
106098
306073
521561
368429
199142
1197852
791978
588392
888815
490941
799397
206613
871141
729156
69838
531426
1131565
1555711
1574709
299781
818223
816087
1009067
503058
166142
481410
238403
288392
605448
896343
1197192
743635
772644
937322
379071
2302131
959529
1368656
241813
524668
129661
524196
770936
443860
1508304
461745
605907
458777
562873
1407303
982700
1052434
323823
288238
207469
462040
304608
398781
222607
497402
1233930
514116
406138
66542
480876
500105
4183
192806
1459221
112264
785827
347014
469038
267405
271907
97260
592690
17014
913657
573268
1134418
758528
556226
233614
26147
358707
294149
444065
1157075
264950
155766
996981
197920
432165
725724
477922
645176
561696
326828
288139
103831
876415
1211228
783935
155507
273800
369193
184517
321730
730365
546835
685534
941286
331659
389797
383574
295350
515133
503541
200275
389644
464703
277790
775525
2853
115766
346651
1126139
1656659
295635
1094255
481029
226178
809780
93107
864676
1568407
232939
521223
821633
351647
345672
603733
1568213
64527
163901
515600
652976
796955
496530
295411
581592
425102
557416
428647
409933
333049
525504
340453
360411
745591
822486
422302
434780
822314
756183
331985
160930
251503
171871
540186
892073
1274848
717354
3135
935209
361575
328069
266455
527995
33281
653063
433213
289823
411870
1769020
222110
213297
383787
520311
385073
1318421
346595
128600
984782
743891
239790
527143
462706
314161
363170
621783
780262
660594
310163
70450
842829
680509
315307
870913
1333954
174565
478009
1529814
243548
423303
216338
513076
331457
1142759
384403
89556
462729
329341
607497
299523
1820722
281403
3781
863667
261629
292412
879391
585383
324422
224499
879019
376847
222255
28358
377222
17782
842358
307218
357525
366195
346810
363317
672695
811220
640899
162822
599168
94923
1973
1096923
166205
730127
139807
607348
208628
533214
751050
1183145
560009
396156
465989
380649
214679
942311
1915921
64559
192628
1943719
1205579
787879
766121
79849
923616
78427
1191415
481974
45881
1427356
1042618
247839
851809
647064
915176
310400
440470
466784
330661
389279
504207
283076
706198
210909
238974
836857
387851
193427
523590
587256
221208
1567225
418199
407838
1061996
372622
375529
321542
733377
831479
1201625
537492
243861
281514
659005
337189
1069657
462334
1311902
790376
1235749
550275
1285817
5643
391404
579702
334503
360465
527996
157546
909090
260900
198897
220950
639563
639740
380194
138563
197457
45525
717082
561780
440763
634858
1012089
220664
756596
2118448
982220
230033
192604
202024
327790
485905
860214
71093
340049
920453
436704
450514
531161
1575
291195
493993
533380
763066
489854
752935
523813
176186
183093
608502
198232
692834
582934
561794
668070
991322
786638
217819
540634
383234
193111
348468
752522
569240
447151
1053173
582892
484278
527851
1121921
395865
789157
826835
534260
263924
24488
575782
797735
1674092
415259
400313
405605
425875
262046
497925
68506
549747
885390
79471
612531
454224
224550
906093
1192457
320080
688737
758720
682176
246213
504766
69483
1090256
779591
187932
399464
741129
130482
976477
852179
833403
1357738
181760
873029
479862
298893
320884
865630
470751
599922
263487
469953
1482414
565322
564116
475575
689123
478468
898270
1215030
463310
602122
1068384
418502
403714
165909
460275
464078
207782
119803
390166
181834
780566
46935
429056
436097
268241
46632
189054
552562
341017
1524906
1241873
708017
301321
315965
1295207
846825
424526
1652450
261271
76235
743356
160700
973958
345903
1037550
80948
1037660
2621249
497666
1018762
551013
