249103
412849
1418899
710424
989125
1110243
271336
207355
218569
674436
123610
1468114
413446
614340
197847
778263
1061870
981930
481144
350504
174691
545221
1527134
166026
523349
431615
474290
651888
241268
642711
528369
1611058
405345
1009380
442576
374079
57727
113673
256863
423099
220724
1416281
435114
754331
910031
233244
438765
1684773
362860
272526
1603380
16900
295790
847327
63702
703829
354115
201003
440380
236700
830460
659104
406794
275454
622609
842535
476371
287471
651342
527869
423271
461407
225404
681060
1609777
141098
297386
748080
150860
302535
133993
868765
484168
303724
1106916
611348
463675
1063390
1073692
1057466
375987
255112
429310
609394
1920217
677357
1250535
1525104
591623
327492
1736771
220076
465759
247310
76498
916288
665797
46935
641191
256529
813345
1282013
638049
385867
445834
621737
165735
157146
784331
1137460
727804
374662
721281
539739
683049
699956
589383
696549
555992
1496702
944810
566294
396944
1641988
450332
703494
1180126
392111
1284618
1820380
156539
430751
289497
604329
284032
671054
556634
964339
138401
605766
374162
259026
229123
781057
542478
673713
349184
325311
396309
1254224
188238
380024
217478
1321140
487553
566385
1078757
246672
836001
537689
155785
540532
473337
532032
83300
1517944
203336
806889
172878
81107
214680
351719
255741
437713
35606
167445
838418
319995
1674637
857084
113637
293207
630764
1021529
394591
494245
126730
633580
534133
352965
318201
769351
635036
713345
260544
448139
296765
414640
155441
361383
601360
248268
576010
389770
361485
279495
468244
614285
327512
987519
353236
1027812
394499
951783
1117768
189105
916188
64332
287118
846014
1093499
408909
514032
267230
886375
166499
1033412
201776
792432
322417
252342
728092
184813
146843
632546
1314009
566299
391612
772440
250935
615666
62871
742882
580997
620617
241123
713657
865989
539417
177568
366834
894494
454075
964374
385798
1179256
864762
587153
465432
452956
184394
481197
546616
1076192
565725
739454
1620298
651117
796487
211912
256322
568196
294768
1757432
712277
564798
1233290
984498
283890
846661
1001583
244430
118085
295341
790120
739280
1018774
712927
168992
271288
202493
272139
1033368
1285322
718676
1731791
1039125
235425
1941980
481628
1108131
362792
174378
247350
1966217
903080
214726
1010422
565449
432415
246086
94434
551087
216443
424941
405623
711889
2513016
894935
301786
964442
1051578
1092208
239406
521833
1023538
1523879
304875
504339
670077
2636782
612013
350268
270014
1620354
270268
1550024
370611
1039822
119842
378365
1034927
804204
236359
922860
237050
213122
716177
152880
1667169
489975
626290
1293830
706221
561580
434088
965881
1188566
580562
360275
559486
1312741
156188
733488
539717
906336
358618
876180
666080
114064
334892
142201
785909
315319
646207
477020
435259
567040
472915
474102
134446
268864
273305
111290
897432
1649791
754347
543561
125534
1100170
532985
1040741
557700
186614
581263
707253
511002
279351
669514
330656
913526
899232
470991
564838
397259
157518
398370
419690
1231931
124052
271063
349409
1956813
1507919
216466
1526272
208464
678297
80899
476170
925404
287436
1034608
863381
893192
768575
845892
328725
805390
1446353
264154
376360
336719
834235
537989
508757
299283
1324983
301711
641742
541153
210946
1059801
339338
453333
419054
575407
612359
738635
464664
649290
141836
864304
364071
378177
663935
109264
215789
623151
1074790
181414
560085
772859
1514234
380027
188525
942101
426177
735747
201490
165220
92078
1289036
559937
1383948
108991
262852
290537
889031
531351
379920
360772
203098
411085
822993
718583
513731
583871
455513
515599
229157
680404
203235
214093
82245
157555
343485
169476
678280
281435
1303557
86833
915494
346654
426899
462511
141887
821143
101221
226746
116763
432964
350996
91650
639782
682396
798925
216533
210891
811448
444021
1160364
714806
217156
790732
680225
349919
1409553
520300
841863
652037
1645098
508493
502419
547128
756094
819251
66097
943256
389178
235943
1004221
1822119
1089693
491380
595868
362259
342024
720798
270714
199258
1220198
1682057
753907
1032608
956638
178591
383425
1636683
388675
250219
766495
496061
562695
274262
496895
640392
1453622
210790
288284
231944
396589
111600
508121
1184595
223292
231214
611663
720146
689980
682470
272465
368557
355282
136472
433628
459825
1152270
333674
136863
303025
691309
1223733
686033
532688
295895
659051
244894
201692
1221623
534216
849669
552293
1489971
451798
893450
432789
600560
134426
536675
1159721
515633
214393
966459
788262
340900
226359
98728
163310
204352
455461
898804
660387
261664
1084919
285981
602730
2061149
183905
438651
730988
298686
663317
1018831
636396
1162104
132611
195865
431274
1423648
1026050
837520
1189147
194575
367781
425581
152052
165699
586144
987689
414111
451455
187321
321870
604999
44670
712901
286634
776920
34877
379959
73088
396475
543919
413031
603535
494854
646888
302612
2281453
725962
1090760
536185
758352
415273
590665
168027
408138
574375
109218
1303139
1365090
152698
175155
1120754
258157
440539
562918
564839
438632
610646
539547
285334
199158
300383
258147
558119
43958
93905
252201
191478
709756
748696
867080
349234
257548
381637
360634
847398
1653241
560708
210525
215779
1559073
155183
235818
806251
1091106
532455
389814
759899
987990
1107274
196762
943416
102325
140691
1306179
332171
505892
1194025
705191
575098
447438
154458
681438
538591
729896
314762
386662
1738689
295921
934867
883385
180593
806302
686709
193114
562793
275143
376693
491695
289162
110803
110639
510171
1713042
1086158
1346837
529386
260069
179751
683659
793616
286737
977447
382253
226010
76360
679971
93510
702058
559044
29188
504378
309361
480004
317943
619522
1192735
800801
660223
415169
883287
1638068
1026443
176112
986063
2134028
352585
458624
249770
156749
529567
312895
1151943
295106
668775
141310
284462
149268
688362
949380
188655
881815
744475
214312
1209748
892926
142786
892359
835906
807239
103119
845109
515656
679003
1480358
135866
1328941
395044
139329
1581605
490006
700134
320944
1212289
284915
506030
1009491
543670
133004
375219
296755
546183
357273
651773
872425
676238
512351
438496
640874
1223447
493038
712684
498374
789482
341154
27633
54962
619725
320521
852972
386186
116050
255938
2023485
285664
200699
582350
717839
463938
2980041
505170
1047526
415662
596527
1340966
1091707
121193
430766
535612
607312
281686
408538
147321
362884
201202
113140
717149
909340
451174
279729
302843
699925
358869
1122176
496261
608085
394418
403292
120807
1306977
706745
180862
1048568
244558
704518
1456119
1119250
355056
2395959
419415
648586
791134
152364
801233
251242
384661
397192
332814
620192
852949
230837
564445
579336
174046
128371
373958
1067820
723219
126070
469038
335210
62004
64074
1267679
349302
1163801
474514
123636
631727
194750
151427
945821
1122986
562003
1522907
225811
749748
1619891
1255583
1052320
163966
1181456
512909
677552
264000
190901
643570
402264
1230160
325437
133861
240187
1526983
567386
523771
642818
586343
244651
34845
168315
538978
1737219
635864
525965
712116
797475
527563
783984
459580
633666
801458
747533
292272
533429
397975
365712
73293
297314
84164
660142
1797524
291463
1049773
796111
1030670
145803
1104259
