496659
414902
390005
750399
983324
1623958
320334
30196
1647050
553539
693804
466977
164705
642447
1215002
704677
1589578
696594
510811
881397
582731
666884
1090472
645930
750259
349145
970797
231400
1008948
453121
239454
316808
1048222
298358
940812
291666
497271
576295
112339
380670
543227
213937
303898
428919
165231
575982
346679
339854
1068719
228559
627224
195819
168294
246122
278480
304507
389873
748911
332230
761171
423936
125904
175654
840354
528978
595536
327197
952337
427078
283585
184965
523829
1293284
663342
574141
900525
435253
309478
1781384
399273
292730
113678
274374
489041
503704
826839
801600
533161
409770
1044248
1396278
622685
880560
58228
150426
1026641
571992
293872
564662
199978
1292964
1262845
224334
176763
339074
170704
589122
238705
820568
231732
252203
543518
657537
3302474
431672
244282
244952
213499
640805
1179820
235086
482947
67725
589086
740819
318590
70044
312932
185400
368492
124964
73350
673260
148446
514941
239223
1071265
781150
432595
625497
131396
247962
803623
1160440
312783
222706
704868
1371500
674795
1198375
484137
547402
480344
524807
874059
1854499
1252907
374517
391847
632041
538280
213368
206833
567304
113582
907855
1290527
96303
135227
1430897
572773
54931
337069
774904
290794
116451
328806
442428
347163
393624
461351
985181
184521
185256
1024598
881250
1380350
248198
1036402
192764
205426
510909
1148141
448054
1056976
647566
328779
912283
1215610
1500091
292373
248037
429758
568141
237714
491231
462741
387794
353390
228428
1018450
560624
648824
1290703
254566
505565
394552
135544
285718
624280
378701
1243416
350239
530709
1458103
588639
158684
1142637
533209
603651
365210
1313511
517326
256682
345829
637210
204912
586742
691297
455038
429284
934997
440748
864323
255254
447170
1828124
592482
500332
564913
562453
1557660
258544
179963
976434
893310
574163
599176
798383
897972
423522
633828
225203
1160576
294105
506696
502793
815706
753466
956225
449284
561449
1231353
646277
237655
550116
260761
1190398
686738
270418
97146
452047
291778
2314144
702325
632512
160241
1441960
983413
151787
238778
105875
1517731
771976
265791
123803
545743
144475
1187916
401656
107331
1941887
890277
742780
250413
370067
217835
192555
346493
1598700
695823
312804
984161
560643
971392
1170473
36110
517380
108442
1780229
289844
848575
1025746
763736
64995
177581
520671
207995
490195
657853
390311
1081606
371309
254431
356185
1344906
424082
897508
480227
512451
453601
822715
407377
682810
567073
722610
890415
706678
729424
1111937
584919
148779
972187
341197
33147
777576
295413
140146
38715
503615
1201105
351660
497538
796207
1450334
290954
756862
1246089
128105
2162914
190037
573552
94812
384367
477020
89018
858197
484260
325194
243572
471013
130336
1052328
461869
2545922
589902
683370
421450
437253
1365966
374298
750118
304407
123518
641753
468109
380731
658272
499557
202349
422221
894505
1680310
286445
214931
758104
60628
615346
156408
144839
395667
975932
1468889
340361
494999
669594
363308
248977
545002
347773
159127
234399
516812
362246
763864
1072637
188463
306513
521716
374019
554813
759757
156918
212834
1166861
1443236
81821
85739
626013
1129520
1253326
598310
1527978
532357
320070
1193654
234074
796103
952190
456073
302030
214092
398886
579794
112115
272249
574863
999277
384549
272850
356342
1039534
1510379
373920
210725
337996
580567
138075
127301
202805
402338
631818
1661732
341405
480407
704875
601316
537040
154504
650888
232551
1389698
274732
551319
58172
814810
173664
205649
386277
2716448
576370
926047
307904
1000849
288885
1168779
262471
277865
208528
506767
898489
473835
634749
407681
769873
1013496
122337
658093
236203
683832
318880
32216
186717
749459
598704
815210
217635
190585
379352
323204
970588
1449181
115627
843576
372097
472090
469605
317396
249175
860530
151663
545104
564872
386722
420606
388383
764839
298302
714962
1218056
1413104
312454
286564
1160666
536476
577496
584681
516524
132168
387072
977733
346523
332665
139789
492793
1170053
883254
157072
311029
1018207
282679
290626
344080
1857315
673815
310508
55747
970792
274420
192678
327218
1301488
762958
404932
499052
1120926
452403
411102
162453
265480
726193
679849
351852
161470
669899
486811
1709012
995152
488188
306968
124880
1000364
60724
646135
222175
669659
548533
199714
248589
683315
340105
292379
1330442
523424
707982
412931
228574
588017
635122
498980
1059133
107276
811761
835172
179694
364650
470861
346873
919732
683373
74952
794850
261439
806302
871994
584542
171987
140816
1173217
286527
443801
135036
620872
176889
858872
647670
452485
731260
810087
177500
1554110
1225100
267838
866097
548090
354433
416259
1239195
186797
749801
334077
731987
868492
1172969
858300
891709
1186777
707779
588749
173673
470556
734646
841624
186036
269039
556564
716247
1632236
1539214
458985
449348
335641
283562
1370075
884761
517350
474123
821625
872978
939550
249582
760636
642828
257001
455932
716692
378896
579425
834932
690437
715562
304701
1115481
300589
78797
672304
691645
417236
156297
579657
660882
699895
1114059
1405538
1482510
618769
268925
288149
797121
764819
543408
395708
391253
333471
203798
703595
512152
2375561
408952
861583
690363
834657
540882
538612
142761
950944
1617712
168432
955363
300064
599226
360565
413695
321289
88080
399003
284794
103633
282010
608088
359829
489064
638139
211116
1419125
629103
399454
586176
988131
61540
603775
557769
443228
399461
1168563
1001517
205498
456452
334007
241984
964565
742977
1298278
266259
710466
742692
453427
439678
352719
443186
414248
424124
291581
390311
1305535
977066
333811
419177
250497
530122
579822
1159293
1486887
494265
1430491
700489
1896967
827235
1018005
317211
414195
569350
645508
595230
449950
508221
1096920
276403
520575
199246
2310882
461089
232738
426216
639656
236347
546080
801659
1535801
424367
969237
443727
67766
242329
442738
226062
404060
1154205
1179529
667392
333690
650357
335976
278516
693525
1251717
791864
172318
930374
1032871
574190
599995
1157959
549821
714952
334827
886765
365886
365751
554632
353591
312761
474119
313316
101264
601955
221213
887988
1643797
455472
692814
133665
794663
390910
229208
297515
323716
1011854
174574
463703
799645
1527044
578601
1548178
570590
679039
669394
75462
393380
132718
179089
681411
545283
549833
1430140
430717
454743
595959
481471
145186
1315919
413836
132166
251512
200430
961979
785270
222301
823524
996974
810601
340742
586770
361279
601076
880651
53057
384959
356475
454841
732228
64568
770705
620703
466692
153168
804128
163141
1104111
145358
383318
485267
143897
509270
298019
912657
343393
555906
390546
1439569
320783
170681
220694
63066
1172724
182686
453707
1204811
758058
298205
248676
230558
268472
493116
503943
510763
250124
838477
581901
650488
1475868
313956
717671
150841
636318
587456
674385
604791
1498796
1525336
678409
1390457
545621
237683
291755
2231915
587424
141068
197091
229505
976667
574551
150409
314822
908684
206500
792300
565845
768177
867373
44653
686573
56711
186914
421624
409754
239898
559443
790408
659440
141017
1126118
582195
147693
1129760
314285
785112
310240
281998
872205
339397
579946
553556
1151530
182712
602445
291718
705951
354107
903901
