283334
517957
613910
342064
91833
312700
336565
457409
1865356
256393
197358
1018278
433932
225501
355082
695189
105565
797369
266002
778139
818936
581884
56062
420748
695157
745706
324989
291772
949950
327006
1405662
635325
339407
639145
239549
1333318
665683
308042
236581
1382606
314701
729320
455080
287930
775280
786593
227722
539460
593581
205765
525780
1097931
334969
1570449
39187
1260860
911127
804023
1437373
505243
184367
392456
566494
327148
227929
672592
303379
490752
206414
638533
779765
729139
439353
805223
253341
285408
387811
565548
350796
637196
518306
185392
605737
349377
314080
142222
147555
257236
49637
2824564
151629
632119
1393772
1014242
330270
874114
624700
348562
74229
1010429
367199
1653772
335252
633203
649463
699016
357696
555500
588578
487270
133780
367581
430601
336154
721063
1375114
970931
570965
546425
666309
1203306
546874
167265
415312
612287
1001136
387593
430115
786666
140924
298841
552003
826668
444199
425111
312988
550151
1246104
537626
231186
597205
1062752
898146
827283
405971
841186
518846
213316
471726
1077332
520415
1165204
347359
1400188
533122
434774
229313
284602
156954
1209014
790223
377521
228701
1334923
244102
241935
528336
1001438
282272
767741
570069
482075
458365
149501
1323806
596099
15427
405591
272195
617501
571223
562246
472744
329901
74737
522228
536826
1183178
825727
1059143
472136
89085
551902
1256030
110427
254213
284511
377496
768011
845421
261847
262372
731710
378278
737225
425051
2008006
800031
2011972
611740
462097
301555
503619
169975
486304
1078950
398457
712355
270350
952222
1827456
170299
150727
1244764
257164
903839
75547
519509
160399
896213
883397
410720
746028
442049
1160413
343996
462577
586620
913136
877429
314253
684620
248944
1003103
423426
858239
1005324
668160
1431729
41172
824731
848554
225023
954411
1002884
891660
1253701
477594
148461
607812
640797
66434
60152
619049
460606
804197
62848
440478
148272
264890
1244612
531489
761046
638698
685936
111401
496659
569247
667342
1081425
404055
21545
391541
88517
271309
432362
614318
608307
543195
587478
629712
75756
346924
43081
203563
1297614
500801
354996
732489
36990
681357
413226
105050
540775
245929
518355
1213436
792148
541142
1516233
158208
245707
166653
1314705
500903
982299
474563
107457
733230
282044
115974
1038106
100747
585046
1134041
295817
408422
967901
338338
721038
204413
299804
879977
740472
473900
483827
1123324
1405519
979015
328392
1550586
804503
117156
626991
524736
558137
557703
336116
1031620
249668
425602
546835
235890
615847
199403
197582
353973
189519
660474
543435
1310306
235102
186859
733548
730914
386404
190674
932987
823387
863992
871587
818701
373481
1294713
961782
302816
370253
414053
824735
908370
241394
1067054
880612
697557
1988144
2038768
292202
666338
474664
396505
503430
196907
264450
1199680
509133
509454
335775
746284
144307
1486481
336274
576985
1991730
624147
298185
220966
807758
140149
806731
1244968
658145
62709
391886
746956
280544
223722
301597
215925
786444
244194
1069770
235079
616271
240284
254269
734479
999848
170219
334912
366604
726813
720533
601638
211285
576283
246496
212308
331078
32239
943983
165671
142580
1409312
634755
340095
958263
96937
494080
462678
722382
592650
1022618
228917
425342
898954
938965
277840
637540
304013
529282
154997
453100
977869
86460
328421
2059776
2240624
957225
433680
743934
427698
724820
454436
521930
835065
70669
342269
735941
95443
125163
184041
230140
526678
511363
960648
1022626
771567
126549
332428
982788
152578
1188190
554045
176571
763840
468361
723055
730633
594996
639553
214499
1063908
1531016
449504
337100
640042
81408
629122
384154
178350
197214
169244
184651
118778
380385
1274466
393375
591698
1787228
73839
770071
1296407
1011147
598481
1580984
413101
1278679
529843
528234
315132
153475
1107981
80273
391101
587720
900091
519093
307926
428507
299320
181769
902905
397396
671346
641006
1307953
798464
562612
28099
272781
344728
658429
145335
967225
380512
818737
679156
1389177
572056
765131
1350395
947374
705265
461825
549022
1010126
340248
656628
342925
146386
365183
440659
344304
1250656
1692083
146217
119350
565576
784157
1123290
447014
544749
1331625
662036
203715
390054
850738
597019
1188316
510963
690977
160796
347821
101223
413399
193552
92736
204756
462300
646781
1137793
311339
386508
371404
446745
583050
895127
932440
891514
991232
820420
294615
309113
62738
323115
933245
1032667
179664
754237
511653
603349
70551
1494941
78780
912267
702852
184907
665948
692933
236276
1270587
494038
1178797
561160
239700
489050
824806
775766
235500
311437
224082
496056
976502
268528
152599
519261
262420
805951
1165316
868046
1446858
224117
416727
204184
1126391
326147
1204834
450837
496319
519356
646687
657463
1288987
216393
449739
147905
711534
551790
1182564
1184169
492330
533935
793880
1047117
455016
361710
453555
109142
204018
1172512
1429290
851142
448076
587246
781219
1358861
1575213
133775
214887
1034776
407700
603994
1485010
1138832
299733
329219
313586
612487
17130
891814
1348763
386957
384089
480388
665950
522349
471903
96729
344530
352201
1528524
1665446
1431987
1133860
201604
551852
1073351
957359
205907
594927
330306
545488
474276
1066651
575862
468001
145580
157170
672448
698585
412057
651199
1020849
256446
448801
495496
775124
1489709
581492
286840
599936
877883
414107
215333
899412
502493
53940
309590
643781
1105491
366574
1092390
348103
285443
414588
1224162
1008607
311082
335720
528547
651542
630528
580183
1520053
834395
362026
379872
413099
351093
387372
924815
308854
939842
1527170
730793
695389
768183
760812
42580
421898
845541
663921
970100
406538
201098
1134097
175490
1034824
248686
626916
556010
281561
261547
708219
597112
244011
411255
467869
642704
189976
593862
537657
351614
157511
354192
524083
706050
514774
117475
478815
427663
1348610
696215
89064
216923
1333222
953140
425471
498662
401633
557021
333433
360654
940483
382201
46086
229631
339237
932040
431208
133364
318101
641029
490689
514822
902895
395969
884679
181226
418545
383172
540479
1194733
237110
1049872
728050
91253
1250009
552396
454794
190197
460018
565197
1149631
955646
273713
80508
745324
278993
828571
340041
402413
422051
268263
396539
224670
208708
549113
52811
498373
337531
727771
253909
881161
594319
32760
1166810
89707
444612
694587
244447
164048
379206
1131368
837562
677044
1106432
319350
428465
142361
409451
596483
354100
1098714
350253
1412103
136271
399390
100694
737698
74092
466217
343484
580902
27024
861370
334342
636582
157812
1060299
283998
702534
92004
272609
377144
102868
806846
332849
122320
1138380
243388
603706
366004
516951
661644
476226
172160
872226
220446
519158
2366727
440258
367131
1313120
520344
1294668
96159
133923
513769
528900
596061
364695
1206928
932083
448478
895705
592016
2099989
539713
496354
823337
200774
534332
114602
137753
93476
108515
1851816
593616
447787
252745
448683
362625
527686
733040
2789230
239855
468077
767410
640888
643145
202976
238948
334361
904551
188165
674352
318616
114430
113498
908218
1165259
887769
307854
376673
584959
182614
569088
378028
387406
302276
337725
102534
421773
417301
1127739
678424
412347
52675
356783
