2574,5198286,30,2979884,30
1543,2754058,30,3358137,30
7883,2428954,30,4783879,30
3508,3315023,30,5391828,30
955,4317928,30,3819953,30
1796,4504797,30,3933505,30
1272,2610986,30,4137119,30
2367,4004873,30,5099240,30
11410,4825866,30,5203427,30
1363,3133555,30,4621954,30
4676,4831076,30,5079070,30
1540,4233958,30,3790501,30
7375,4925456,30,3507222,30
411,4211751,30,3425424,30
625,4219056,30,4922585,30
2025,4657861,30,4293109,30
4134,6024588,30,4395903,30
4802,2897621,30,4601710,30
1305,3867289,30,3933418,30
7920,3798445,30,3892704,30
842,3802614,30,5233338,30
13032,5255625,30,4331984,30
1902,4848085,30,4135335,30
6868,3966551,30,4493888,30
772,3890700,30,4354304,30
1445,3622392,30,4147057,30
13756,4631716,30,3470907,30
12214,3956686,30,4198806,30
6283,5983924,30,4097073,30
8398,4252164,30,4347401,30
959,3254300,30,3843828,30
1906,3988692,30,5389117,30
6143,3202651,30,4673525,30
20584,5068709,30,3774428,30
3514,5696489,30,4718799,30
3196,3691062,30,3157364,30
982,4491901,30,3602746,30
763,3714236,30,4569126,30
2919,2538719,30,6298553,30
629,5069838,30,3962837,30
850,4083815,30,5241626,30
3837,4915597,30,4478759,30
4730,4695417,30,4250403,30
1712,5430950,30,4001729,30
988,4000058,30,4706992,30
365,4724812,30,4896351,30
1020,3951722,30,4614231,30
810,3696145,30,3977014,30
22664,4663557,30,3726757,30
1902,3188042,30,4298087,30
1016,6003776,30,3704760,30
1223,3819444,30,4369158,30
1962,4097929,30,4669473,30
4235,3554607,30,3757383,30
968,4911736,30,4141012,30
849,4170639,30,2891379,30
1279,4556359,30,3226196,30
1102,3372922,30,4930968,30
3850,3813051,30,4196739,30
990,4359139,30,3423138,30
14367,4253792,30,3947606,30
23260,4717212,30,4565882,30
7485,4944934,30,2933220,30
20876,5000931,30,5218714,30
4486,5204945,30,5603735,30
4327,4746797,30,3546917,30
1603,4339983,30,3885704,30
2350,4790037,30,2920577,30
1641,3835294,30,4351418,30
3658,6126217,30,5989501,30
488,3751821,30,2300998,30
4855,3921878,30,4614722,30
9865,4123922,30,2819322,30
1902,4144691,30,4497322,30
3006,4111507,30,5400374,30
2916,3820679,30,5327371,30
1844,4121864,30,4902100,30
6387,4044864,30,4747056,30
1871,4475736,30,5515242,30
14363,4820288,30,4015555,30
708,3733011,30,3915277,30
3093,4563163,30,3538177,30
3318,4396860,30,4309166,30
4726,4734776,30,4823191,30
24322,4906432,30,4087293,30
424,4848486,30,6821301,30
1021,5548361,30,3259956,30
10538,5248428,30,5575940,30
5888,3708890,30,3764563,30
2540,4112935,30,4006276,30
1408,3865877,30,3267605,30
2588,3929988,30,3286639,30
16408,3982973,30,6901249,30
4019,4427442,30,3905726,30
2196,5282566,30,5583270,30
3290,3891141,30,4967987,30
471,4810054,30,5228108,30
8115,5210140,30,5622803,30
14963,3783106,30,5322805,30
685,3864620,30,4142015,30
1617,4265515,30,3817647,30
632,3670915,30,3891531,30
804,3821173,30,2720446,30
1547,5562066,30,6313368,30
5047,3001462,30,3746041,30
2555,5062049,30,4043353,30
1585,4468643,30,5262126,30
8022,5625096,30,3905334,30
5538,4415517,30,5642273,30
5792,3753531,30,4053753,30
17570,5781049,30,3819804,30
2545,3046101,30,3877291,30
1866,3396194,30,2894041,30
1725,3820219,30,4787721,30
1237,4162532,30,4993147,30
1280,4931884,30,3828697,30
3138,5091624,30,4385350,30
4159,5464911,30,3581733,30
3287,4213012,30,4648962,30
5767,5246901,30,3078803,30
19353,5229329,30,4048893,30
22500,5217248,30,5854976,30
1224,2509123,30,4522028,30
4960,4343330,30,3439987,30
4701,4084722,30,3846501,30
4990,4003480,30,3903844,30
3441,3150552,30,4193814,30
5645,4035932,30,4962104,30
2738,5216636,30,2788196,30
1561,4770138,30,4381295,30
1388,4877548,30,5123981,30
1734,4242926,30,2591726,30
8237,4507152,30,3464530,30
7130,4704799,30,6315875,30
1459,5098620,30,3110681,30
10288,5090751,30,4289938,30
1099,3586671,30,3579729,30
15801,4056535,30,5181423,30
8927,5124827,30,3643617,30
3858,3666244,30,4486815,30
1423,4267448,30,5563720,30
717,3853313,30,3872761,30
12109,4316682,30,5366539,30
20507,6933183,30,4938326,30
1239,5174203,30,3895784,30
3908,3995765,30,3921900,30
3406,3640076,30,5144979,30
5895,3976238,30,3272973,30
4506,5540546,30,4735655,30
15474,5727261,30,5725979,30
3012,3967209,30,4895612,30
2096,4246553,30,4179472,30
1364,2799028,30,4279202,30
6383,5729705,30,4282172,30
968,3845280,30,3912447,30
1340,3729847,30,4208208,30
12228,3998969,30,4158207,30
1973,5526446,30,5665486,30
1179,4196327,30,3914431,30
1666,4602060,30,4629312,30
2861,2640517,30,4936903,30
662,4516074,30,3356529,30
4550,4490463,30,3460600,30
1564,2601333,30,3615927,30
17794,6024964,30,3778419,30
4015,3230775,30,3924751,30
4782,4853443,30,4230438,30
682,4135344,30,3642096,30
6960,5169327,30,4014743,30
5080,4471276,30,3199440,30
3073,5527219,30,4885354,30
3307,5433085,30,4742739,30
1184,4813505,30,3052606,30
724,4111773,30,4232870,30
2119,3427671,30,3731676,30
1557,4727897,30,3439092,30
8751,3723752,30,4376255,30
6688,2788928,30,2852412,30
4993,4684690,30,4677151,30
4662,4611309,30,4554132,30
1709,3142224,30,3828197,30
9505,5190769,30,4586142,30
33379,5620972,30,4112526,30
17090,5366973,30,4384181,30
509,3572900,30,3861721,30
4598,5397578,30,3730252,30
17971,3604742,30,3883178,30
730,3879971,30,3102031,30
12561,4012177,30,4339268,30
17871,4415508,30,3713724,30
2291,3356026,30,4111068,30
7404,5196873,30,4890118,30
2041,4734034,30,5645865,30
2697,4496704,30,4219808,30
681,4658153,30,4624047,30
12982,3791961,30,4833121,30
2184,4034205,30,3858187,30
1773,4739735,30,6860913,30
11384,4989482,30,4037693,30
4532,4402301,30,4820281,30
8525,4835580,30,3169988,30
550,3809729,30,3310924,30
21733,3949897,30,4213647,30
1713,4903743,30,4741282,30
2169,4405878,30,5086540,30
3846,3091386,30,5029040,30
9354,4681508,30,3755603,30
9634,3077303,30,4415563,30
6019,3502095,30,3785372,30
3392,5199366,30,4771438,30
4177,4709523,30,4846425,30
7079,5144330,30,4506754,30
7372,4510087,30,5097299,30
3113,3495138,30,3637529,30
8185,4399202,30,3599728,30
2785,3479522,30,4172070,30
3897,3934750,30,4242274,30
4641,5343254,30,4140058,30
893,2976581,30,3897399,30
817,4012464,30,5482701,30
17143,2939719,30,4844171,30
8806,4168984,30,5192700,30
1051,3470096,30,4498925,30
2430,5485901,30,2899081,30
13189,5256103,30,3856152,30
1645,5633397,30,3982084,30
2020,4859156,30,3759572,30
11810,4401627,30,3631649,30
1187,4406644,30,4123997,30
1800,4236128,30,4104638,30
3994,4222740,30,4816939,30
388,4953011,30,4601847,30
9917,3776901,30,4943342,30
27263,4867438,30,5266431,30
19158,5234685,30,4300960,30
3464,5466206,30,3325605,30
5020,4341072,30,3792865,30
1425,3041233,30,3706059,30
3359,5732988,30,5087998,30
9497,4254446,30,5917574,30
2241,2931546,30,3294336,30
1071,4545868,30,4302293,30
15741,4373967,30,4699806,30
2009,6060661,30,5087651,30
10859,4291710,30,4847837,30
2136,3749239,30,3493439,30
7706,4329273,30,5825363,30
5246,6290838,30,4239209,30
12262,4651032,30,4611108,30
902,4688853,30,4540195,30
826,4329801,30,3697512,30
3354,4912132,30,3261439,30
3458,5543344,30,3934664,30
723,4429852,30,3726950,30
5210,4866339,30,3281236,30
1638,3845647,30,3685054,30
2052,6061707,30,4028323,30
1859,3720881,30,3813626,30
6092,3704259,30,5510533,30
1737,4138497,30,3412514,30
5645,3755201,30,5037313,30
2745,4816854,30,4113257,30
17888,5249375,30,4061588,30
1613,3646721,30,4744382,30
3842,5115823,30,4378715,30
3551,5903586,30,4425199,30
7469,3822860,30,3647088,30
1196,4602322,30,3403522,30
3520,3602227,30,5186472,30
1082,4317702,30,4746124,30
4655,3167292,30,4128178,30
1256,3563108,30,4469490,30
4978,3580775,30,5298214,30
4778,5147423,30,4721681,30
10706,4884043,30,4449242,30
1620,4762605,30,3269567,30
2222,4883126,30,4032640,30
2668,3782446,30,4186605,30
4898,3542407,30,3509070,30
1062,5026511,30,4555486,30
13018,4110289,30,4345856,30
18658,3998701,30,3379451,30
6302,3848850,30,3428675,30
9147,4860190,30,3881167,30
1375,4443410,30,5675504,30
2344,4892768,30,4279137,30
13962,3256396,30,4853812,30
7417,3700888,30,3841349,30
10765,5908843,30,4973066,30
1113,2840825,30,4426105,30
1604,4769643,30,4080918,30
3511,3791085,30,5239303,30
709,4184062,30,2751720,30
1721,3849020,30,4935414,30
832,3733892,30,2805418,30
1179,4280008,30,3643453,30
21630,5209194,30,5284519,30
1478,3107732,30,4289056,30
3335,4764424,30,4120537,30
4736,6493521,30,3904011,30
2544,4139864,30,4831582,30
6052,4440447,30,4956769,30
1507,6163882,30,4532066,30
2506,3617575,30,6493584,30
916,4373782,30,3870756,30
2917,5244644,30,3997665,30
1539,4876864,30,3958683,30
1082,3697360,30,4367370,30
8806,4475517,30,4175978,30
3496,3581498,30,4564325,30
3438,3045215,30,5558453,30
882,3242846,30,4022147,30
11743,4787069,30,3594803,30
1189,3586447,30,4850372,30
4903,3229568,30,4917821,30
8212,4926619,30,4727476,30
4110,3871984,30,4332454,30
8283,5930205,30,6255057,30
3396,3816389,30,4212425,30
1167,3562788,30,4466436,30
1063,4035521,30,2738901,30
7694,3704122,30,4070845,30
8168,3081096,30,4559762,30
441,3964672,30,4727430,30
2634,3215413,30,4065458,30
1374,3711956,30,3196685,30
2285,2334000,30,4532758,30
696,4253451,30,4768399,30
1619,3782665,30,4023717,30
14376,3727892,30,6332012,30
1478,4500709,30,4248295,30
3017,3630551,30,4173220,30
2045,3490250,30,3701422,30
1583,4303588,30,3950069,30
3505,5438853,30,3772839,30
6661,3989610,30,3201271,30
1435,4376806,30,4481888,30
863,5070269,30,3199075,30
1114,4807490,30,4021579,30
1787,4315450,30,4194590,30
15571,4013748,30,4702392,30
729,4302889,30,3311659,30
5631,3836778,30,4035689,30
3478,2899142,30,5003875,30
2796,3689069,30,3992122,30
1426,4719227,30,4421977,30
673,3190800,30,3945982,30
7326,4171455,30,3348514,30
427,3310126,30,4559387,30
1005,4345074,30,3869201,30
1071,3908598,30,3862128,30
1324,5349646,30,4349588,30
4397,4968526,30,6204642,30
1253,4562402,30,5127912,30
6184,3833862,30,5832013,30
3443,4829371,30,4166945,30
6993,3489414,30,3366914,30
17910,4470960,30,3819690,30
2081,3496250,30,4362096,30
14044,2684168,30,5236080,30
7488,3848867,30,3666089,30
1139,3798975,30,4230708,30
1066,2201571,30,4924718,30
9915,4036663,30,4090993,30
1108,5331132,30,4515067,30
1526,5032980,30,3841513,30
8489,4310873,30,3715159,30
1833,2650520,30,3677597,30
4389,3409452,30,4730685,30
5872,5698605,30,4199520,30
789,6203763,30,4826805,30
13054,6254738,30,3515249,30
3036,3530281,30,3700353,30
4293,4354368,30,3871686,30
1090,4115056,30,5493308,30
1915,3832248,30,5128071,30
623,4382591,30,5006907,30
1770,4019243,30,3139689,30
12589,3448878,30,2958957,30
762,5166708,30,4778707,30
729,6521334,30,4919583,30
2441,3776811,30,2148054,30
3960,4876582,30,4608422,30
7615,4115611,30,6408341,30
3365,4336043,30,4765759,30
1355,2619843,30,5390933,30
765,3996304,30,4336809,30
6733,3591703,30,3482423,30
428,4005118,30,3522824,30
1146,6069063,30,3388032,30
12603,6270870,30,4160795,30
12858,4594758,30,3054976,30
13661,6422321,30,4064575,30
2829,3621656,30,4871070,30
7445,3669207,30,4292908,30
1883,4512799,30,5032209,30
654,4391846,30,4996894,30
2870,3926575,30,6598804,30
26663,3685655,30,3412997,30
14648,4860473,30,4781805,30
15213,4534661,30,5131762,30
2474,3755716,30,4006063,30
615,3057521,30,3665069,30
787,5441342,30,4334466,30
728,4903730,30,4920893,30
11699,4113647,30,4006662,30
947,3275969,30,6401164,30
776,5043412,30,3357999,30
1804,3882728,30,4437075,30
4939,5526929,30,3964807,30
3535,3264758,30,4523214,30
5208,6052258,30,3985430,30
2138,3621013,30,4553462,30
3170,3458773,30,3245821,30
1645,4785775,30,4008256,30
1476,2997631,30,4177635,30
1060,4943314,30,3813383,30
5804,3791910,30,4275089,30
4735,5181773,30,4471383,30
7740,4986244,30,3137515,30
4118,5061567,30,3475636,30
5354,3251973,30,4758688,30
3264,3659958,30,4622054,30
6992,4353038,30,5230144,30
865,4308067,30,5908065,30
1421,4320269,30,4808074,30
7715,5055491,30,4238962,30
3799,4255072,30,3276849,30
9054,3691573,30,2793602,30
1418,4071507,30,4595585,30
1437,3653126,30,4473043,30
6790,4117298,30,3480594,30
1721,5021880,30,3715372,30
2538,5374069,30,4960356,30
14205,5318058,30,3549177,30
2829,4796865,30,2666424,30
867,4211103,30,4187925,30
1646,2916580,30,3208254,30
531,4040143,30,3504988,30
2120,4651944,30,3893357,30
585,3414683,30,4336517,30
1464,3299632,30,3622032,30
1516,3775900,30,2947602,30
1022,2382552,30,5564649,30
11122,4594893,30,5888466,30
594,3898749,30,5065554,30
1583,3881691,30,4530208,30
770,4153193,30,4848463,30
2107,4105305,30,5703153,30
10675,4881948,30,4814891,30
2586,4367020,30,4284182,30
4604,5647914,30,4792672,30
4610,4057421,30,4142201,30
1174,4253513,30,4249750,30
6695,4995033,30,3848904,30
3835,4027361,30,4498812,30
711,3014982,30,4969594,30
1625,5970527,30,5042664,30
5024,4273124,30,3110657,30
722,4412719,30,4733385,30
1007,2861952,30,5443148,30
7702,5066566,30,4392846,30
5518,5225338,30,4017173,30
16791,4374579,30,4942207,30
844,4694968,30,3709017,30
1595,3832630,30,4428687,30
6548,4451283,30,4055588,30
1279,4780144,30,4444125,30
1272,6227588,30,3427430,30
22571,5961170,30,4144284,30
14485,4143484,30,3727974,30
9777,4032389,30,5383130,30
871,6097724,30,3187423,30
1005,3975671,30,4028327,30
557,3443424,30,4590524,30
5217,4247055,30,2989061,30
2716,3735545,30,5131511,30
10077,6232524,30,4899150,30
6432,3856970,30,4679562,30
8292,4475697,30,4264234,30
894,5016565,30,3667929,30
926,4948405,30,4952461,30
972,3625226,30,4770564,30
2573,4048938,30,4309864,30
580,4053041,30,4863136,30
1571,3701440,30,4551401,30
739,4455517,30,2711515,30
8105,4064198,30,3657163,30
5896,4860240,30,6937470,30
2323,4917313,30,3723180,30
4052,3976102,30,4288093,30
1737,4548215,30,3982378,30
5146,5255627,30,5292862,30
1019,4535216,30,3248002,30
2005,3271369,30,4612564,30
9367,3930004,30,4668435,30
1050,3812501,30,4422750,30
24955,5101101,30,5123757,30
2494,3395020,30,5421169,30
1381,3719534,30,3404293,30
1048,3317330,30,3833180,30
411,5703585,30,4675504,30
1282,4702174,30,4674423,30
3501,4750907,30,4765903,30
15058,4378158,30,5079370,30
782,4530399,30,4416256,30
942,2403168,30,4138150,30
2005,4792096,30,4050195,30
20483,5521581,30,4427154,30
2987,3751380,30,4265652,30
13770,6268376,30,4326315,30
839,3894114,30,3795742,30
1587,4147415,30,5320266,30
2677,5126308,30,4009039,30
8583,4011255,30,4621507,30
9426,3531900,30,4933549,30
7905,3720774,30,5029788,30
7874,4718480,30,2634989,30
2697,4440409,30,4614495,30
1373,4380887,30,4673413,30
4152,5077514,30,3367287,30
10732,5065432,30,4172411,30
424,3180062,30,3422054,30
7341,3882137,30,4627647,30
1025,3907661,30,4507707,30
1700,4407028,30,4374405,30
3300,4420236,30,5718509,30
4359,3044970,30,4917915,30
1446,4137618,30,4982874,30
6816,2856359,30,4164158,30
861,3308203,30,3974533,30
4218,4779790,30,3426794,30
1780,5233752,30,5574770,30
11051,3614945,30,4639337,30
2743,3601956,30,3558857,30
3121,4220775,30,3464092,30
969,3985150,30,3728062,30
1022,3722700,30,3813500,30
698,4129162,30,4678550,30
5818,4857214,30,4238832,30
1903,4360380,30,3828021,30
8376,3608365,30,3552323,30
1872,4659806,30,3810218,30
2580,4020415,30,4804059,30
1673,3879904,30,3795843,30
17165,5212753,30,4862345,30
1481,4240651,30,3946951,30
1085,6020959,30,4051501,30
4994,4598179,30,5068968,30
4047,4322613,30,4281154,30
8003,4169549,30,3494459,30
14019,4974129,30,5122646,30
31873,4540598,30,4172049,30
12357,4393650,30,4158330,30
938,4009427,30,3815456,30
8551,2629888,30,4241323,30
5163,3742199,30,3794435,30
20279,4211929,30,5130853,30
2264,5236214,30,4323501,30
949,3900689,30,4128840,30
6304,4132598,30,3542752,30
8655,4270815,30,4808474,30
2992,4383749,30,4707231,30
591,4902418,30,3493826,30
6191,6533275,30,2266432,30
2259,3633365,30,4966182,30
1018,3646237,30,4924711,30
1694,3967479,30,3201544,30
433,4636093,30,3569573,30
927,5526455,30,3807592,30
1318,5895162,30,5363498,30
1398,5673002,30,4138952,30
967,5180301,30,5532744,30
13912,4777666,30,4457818,30
630,4667124,30,4077525,30
6660,4138967,30,4570943,30
12888,4267088,30,3613823,30
1255,2788077,30,4334424,30
17780,2991387,30,4758200,30
9441,4449677,30,4769706,30
3466,3932306,30,3461369,30
4323,4410980,30,3318332,30
923,5299454,30,4725950,30
5858,4010117,30,4569461,30
1695,2518144,30,4825307,30
1745,4774292,30,5629727,30
1651,5258233,30,4227196,30
6456,3756709,30,3429492,30
694,4288453,30,4710911,30
2869,4473506,30,4851419,30
5946,3800687,30,5092264,30
1010,5255973,30,5673665,30
448,3280894,30,5432443,30
756,6186077,30,4411685,30
1336,4311980,30,3985774,30
2509,5273433,30,4194028,30
1434,3338436,30,6030084,30
11187,5033504,30,4492624,30
13956,5039344,30,4328296,30
669,4534823,30,3447732,30
1155,3856009,30,4494878,30
3487,4573054,30,4746500,30
6535,4794992,30,4146263,30
1901,3760187,30,3248001,30
1713,3748482,30,4609064,30
1532,5740104,30,4367966,30
1990,4535282,30,4835032,30
8274,4203562,30,3423274,30
8680,3771581,30,4268524,30
2080,4648810,30,3654076,30
9708,4542306,30,4447271,30
4043,3587375,30,5363605,30
9845,6679659,30,2555403,30
1087,3718205,30,4124331,30
626,5106035,30,4100735,30
13739,3000290,30,4959522,30
9753,4731390,30,6425152,30
1129,4985512,30,4666554,30
3182,4991940,30,4760360,30
1511,3842034,30,5409562,30
13108,4092832,30,4552319,30
2211,3901353,30,3500039,30
549,4013293,30,4496789,30
2855,5456277,30,4890812,30
10000,4479572,30,4434299,30
18002,4044572,30,6429254,30
514,6252216,30,4846222,30
3816,5764094,30,4581066,30
2496,3668705,30,2731218,30
1769,5027035,30,2733477,30
7019,4074822,30,3254099,30
10386,4213449,30,4705013,30
2616,4341128,30,3509684,30
1210,5363373,30,4106057,30
1061,3956045,30,3574256,30
6440,3961189,30,3579425,30
3253,3709283,30,5177558,30
913,3285917,30,5207753,30
3109,4728126,30,3562227,30
8505,4564548,30,5403572,30
2165,3796091,30,3589164,30
15114,5021096,30,3793020,30
7597,4893649,30,3146802,30
4497,3063441,30,4035815,30
13195,3225441,30,5636559,30
1390,3803971,30,4111576,30
11640,4163502,30,3515058,30
4545,2905953,30,5173986,30
3117,2946298,30,4626528,30
672,6243952,30,4806733,30
1289,3977883,30,3780864,30
917,4248752,30,4008542,30
991,3721093,30,4662448,30
10486,4014425,30,3715032,30
666,2632310,30,3731660,30
2783,4702959,30,3388806,30
1338,2679245,30,3354314,30
2313,4072714,30,3179212,30
3822,3814481,30,5976367,30
18417,4663009,30,3727795,30
656,2743541,30,5446279,30
665,4625312,30,5142628,30
1628,4326138,30,3866553,30
17385,3722399,30,4456123,30
3508,5026791,30,4284074,30
1830,5218204,30,3292796,30
1802,4436879,30,4062063,30
4746,4294900,30,3904417,30
3603,4512470,30,3969497,30
915,5972967,30,3831094,30
1039,4896757,30,4077207,30
1568,4315293,30,4658374,30
1652,5236550,30,4652916,30
22627,3207923,30,4261354,30
779,4841681,30,3695578,30
2820,5345811,30,4842498,30
1066,4289852,30,4531188,30
934,3993944,30,3676706,30
1316,3504983,30,3795240,30
1277,4373926,30,3697427,30
2815,3598655,30,4781899,30
1125,5527763,30,3771820,30
751,3111451,30,3421777,30
19641,4474122,30,3318907,30
1097,4538445,30,4563477,30
18767,5450105,30,3982442,30
1888,3602150,30,2127943,30
472,3594635,30,3000701,30
1742,3244106,30,3563527,30
9862,4142354,30,4416761,30
1137,3959155,30,5384950,30
1233,2970286,30,4981621,30
1383,6067788,30,5169837,30
5940,4692081,30,4053707,30
4842,5026270,30,3528912,30
6284,3547405,30,5961351,30
2764,5107185,30,3406228,30
607,3477152,30,3615071,30
12575,6316846,30,3958866,30
6088,3986955,30,5391134,30
9048,5163887,30,5707184,30
6085,4161187,30,3930470,30
1499,4386771,30,4991268,30
3792,3776253,30,4175074,30
1647,5470868,30,4680970,30
6630,3624004,30,5253203,30
5760,3992869,30,5622740,30
17142,4473856,30,3927846,30
1126,3828310,30,3684809,30
893,4647802,30,3713544,30
4823,4831873,30,5330636,30
3804,4173554,30,5321732,30
12583,4940573,30,4033812,30
1167,3855416,30,5057431,30
2647,3587499,30,5059198,30
17701,5337768,30,4485690,30
4022,4210653,30,4279448,30
9990,4102979,30,4548430,30
1933,4456877,30,4920315,30
881,3528538,30,3414298,30
1236,3317644,30,3931818,30
7581,5461098,30,3686640,30
920,4613591,30,4290076,30
1279,3126268,30,5181546,30
3276,4476858,30,4027020,30
812,4910373,30,4679321,30
2972,5275482,30,4338736,30
6062,5867779,30,3852348,30
2412,4948419,30,3598499,30
6130,3995747,30,3667039,30
2353,6735734,30,3600045,30
1499,3501372,30,5633413,30
2247,4623786,30,3786148,30
931,3857358,30,4252022,30
8976,3829867,30,5513628,30
9602,3296057,30,4960333,30
4971,4569229,30,5140051,30
6700,4155228,30,3970771,30
784,3487294,30,3810678,30
725,4964801,30,3659037,30
4175,3334013,30,3736762,30
519,3839317,30,3023982,30
1643,4310548,30,4468895,30
1063,4404991,30,3132175,30
792,4031317,30,4553367,30
691,5018867,30,4088484,30
1066,3290775,30,3423521,30
1819,4583680,30,5247483,30
4757,4512133,30,3335131,30
2296,4696532,30,2969902,30
802,2896323,30,3469168,30
7058,4242781,30,3320163,30
3487,4109216,30,6156615,30
9609,4125775,30,4147940,30
1612,4189449,30,4380811,30
4710,3986901,30,2562835,30
418,4595209,30,2208589,30
4592,5198477,30,3996809,30
2404,5561061,30,5998729,30
1321,4416056,30,3542626,30
8723,3587901,30,6822918,30
1978,4135229,30,4345723,30
1957,3665480,30,3417664,30
655,3613436,30,5155666,30
11985,4598931,30,3344698,30
683,4038744,30,3054707,30
3493,4023858,30,4205831,30
2023,4086042,30,4618390,30
2315,4787692,30,4489599,30
14854,2972412,30,4410714,30
1611,4224108,30,3528953,30
1110,4274572,30,5650130,30
3184,4856463,30,3639309,30
1948,4389148,30,5087343,30
6408,4194619,30,4744773,30
3711,4185796,30,5042791,30
2071,4020876,30,4748938,30
2803,4016345,30,4179036,30
11296,5327365,30,4870343,30
1021,2015947,30,4156334,30
1655,3362759,30,4826739,30
6524,4225561,30,2907537,30
4818,4707949,30,4070898,30
13064,4945742,30,4408925,30
1182,3671326,30,3515291,30
9708,4590410,30,4492233,30
17059,5185259,30,3265435,30
3152,5872152,30,4220364,30
17779,5149029,30,3508799,30
11671,2944637,30,3296997,30
2016,4792307,30,3705099,30
1588,3766010,30,3993602,30
1982,3236258,30,4287470,30
3347,3606775,30,5695211,30
3452,4371747,30,3248201,30
24484,5640357,30,4242380,30
734,5666915,30,4827316,30
7356,2882057,30,4020275,30
19469,5547745,30,4847365,30
8579,5884281,30,3425655,30
2183,4800775,30,4649356,30
2092,3786755,30,4534114,30
2302,4513356,30,3184879,30
2051,4136241,30,4530790,30
1735,3195198,30,3403929,30
715,3692411,30,4569928,30
1064,4778474,30,4255889,30
7175,5676449,30,4515795,30
16273,4981528,30,4311445,30
6157,3711168,30,3564980,30
1184,4795612,30,3361267,30
1356,3653187,30,2907485,30
15632,4678421,30,4165742,30
2742,4284738,30,4922453,30
598,4272309,30,4353587,30
18770,4937727,30,4141539,30
1850,2947815,30,5467738,30
13600,5230984,30,3868635,30
2190,3832475,30,5221524,30
519,5018903,30,4698595,30
13283,4323642,30,5358874,30
6381,4595077,30,3842409,30
1117,4349182,30,4362374,30
7385,3025534,30,4690009,30
2000,6700493,30,3485070,30
1948,5788052,30,3901704,30
1391,3738155,30,5771138,30
16667,4063053,30,3004885,30
5554,4981625,30,2832744,30
5168,2526853,30,5227285,30
699,3934464,30,4465684,30
409,4573783,30,3864463,30
14359,5903683,30,4866440,30
1221,5696650,30,3256248,30
1947,4953490,30,5141021,30
1965,3088838,30,3666590,30
4621,4158001,30,3682506,30
751,4484349,30,3395122,30
15501,4355714,30,4783135,30
7494,4501118,30,4221182,30
18332,3747489,30,3470328,30
1394,3667631,30,4653470,30
1107,5139531,30,3420892,30
11767,3946261,30,3925921,30
640,4072817,30,4177723,30
3530,4269152,30,4459931,30
1807,3533754,30,4090829,30
2677,3379048,30,3741925,30
398,4368414,30,2650245,30
5491,3911960,30,4125273,30
834,3909555,30,3128819,30
2035,6514641,30,4551269,30
5635,5113745,30,4103423,30
9411,5645061,30,4910861,30
1124,3795386,30,2714085,30
1534,4454959,30,3605539,30
7598,3578143,30,5479509,30
1496,4137221,30,4337684,30
31290,3851160,30,5371266,30
13097,5082594,30,3264268,30
1994,5192657,30,3308427,30
5003,3477414,30,2227013,30
1532,4798206,30,4484289,30
2554,4809061,30,4343992,30
6556,4916315,30,2975774,30
1109,5637975,30,4517659,30
19783,3807235,30,4071078,30
6447,4576525,30,5061541,30
18643,3751531,30,4549129,30
1595,4213364,30,5295175,30
3565,4594833,30,5471540,30
10836,4466436,30,4566962,30
1312,2614199,30,3939899,30
3672,4002829,30,3573308,30
906,4769552,30,5224834,30
513,4259676,30,3473561,30
8444,3037744,30,4313390,30
2169,3568791,30,4044844,30
11827,3027252,30,5201183,30
733,2767521,30,4055152,30
1471,3997454,30,4280105,30
4998,3836521,30,6427746,30
2165,3571349,30,3450103,30
3086,4921657,30,6288896,30
24382,5212735,30,2790513,30
3254,5274677,30,4653357,30
1502,2612834,30,4444810,30
1146,2692887,30,4571905,30
3551,4652602,30,5464851,30
9006,5470850,30,3651763,30
18434,5033586,30,4040880,30
836,4161799,30,4082475,30
10446,5088877,30,6015804,30
13319,4881958,30,4303083,30
466,3910934,30,2603671,30
8035,3919555,30,4621658,30
9633,5053550,30,3879193,30
3555,4007751,30,2288235,30
2712,5253090,30,3978271,30
9867,4992877,30,4595873,30
4064,3824220,30,3729032,30
11172,3799260,30,3503979,30
595,4247368,30,3570716,30
8249,5230592,30,3579506,30
2091,4637890,30,2556658,30
3132,3495505,30,4153740,30
19717,4351548,30,4021070,30
914,4198374,30,5447651,30
1150,3861524,30,4492651,30
3883,3659603,30,4538634,30
950,4954163,30,5212720,30
12160,4538378,30,4426510,30
3814,4963940,30,5303771,30
2761,3359686,30,3104856,30
2285,4845885,30,3411329,30
737,5524725,30,4109878,30
9185,4680314,30,3592773,30
790,3781638,30,4858111,30
1042,3721260,30,4220494,30
2018,3979664,30,3247495,30
684,4696906,30,4420765,30
2073,4004218,30,3861756,30
8200,5465073,30,5127733,30
21361,4676212,30,4078070,30
6897,3643617,30,5002373,30
5951,4455150,30,4173482,30
2414,4430229,30,4010427,30
3779,3886612,30,4292824,30
3244,5346079,30,2827296,30
7065,3759493,30,5375518,30
1668,4050098,30,5960241,30
3030,4421819,30,3491658,30
3295,3618066,30,3350577,30
1601,4232614,30,2746317,30
9052,4759676,30,5476460,30
3754,4573066,30,3970489,30
3712,3955158,30,3878009,30
7210,3924405,30,4934033,30
2786,4576677,30,4416954,30
7221,3307459,30,3728095,30
1712,3951812,30,4327746,30
11208,4840444,30,4718847,30
1339,4429637,30,5856979,30
1125,3385842,30,3943357,30
2189,3567431,30,4238583,30
7672,3949263,30,4238737,30
1340,4774789,30,3635119,30
581,3550974,30,4559167,30
1335,4194709,30,3349218,30
2147,3336444,30,2613790,30
2771,3194615,30,3368785,30
9328,4026660,30,3258561,30
12605,5476363,30,4417328,30
1999,2722117,30,3537997,30
1436,4976269,30,4720741,30
14044,4704639,30,3623359,30
3806,4728522,30,5194069,30
23081,3866595,30,5303676,30
1649,4761778,30,4634218,30
7021,4398076,30,4214754,30
8261,4720759,30,4166814,30
5006,4428302,30,3457896,30
7763,3955095,30,2562153,30
2230,3219143,30,5963221,30
8189,6108989,30,4614264,30
4753,4784493,30,3780467,30
8148,4426805,30,3898897,30
2823,5204495,30,3509628,30
13778,5344936,30,4810832,30
5239,4345104,30,2922753,30
2042,2647660,30,5444521,30
1907,3415868,30,3587737,30
5095,3963302,30,5260605,30
4079,4751843,30,4421116,30
702,3489938,30,3985710,30
9243,4875642,30,5617912,30
2592,3790734,30,3931552,30
2216,4016101,30,6080443,30
9720,4756058,30,4392126,30
7134,4498321,30,4522872,30
953,6447573,30,5060565,30
15750,4061504,30,3732889,30
2585,3677661,30,4965399,30
1440,3583049,30,3433263,30
1172,4373832,30,3492672,30
2548,4121751,30,3711800,30
6375,5028229,30,3096218,30
33384,5424516,30,6019653,30
14422,4253897,30,4039843,30
2238,3741178,30,5506541,30
2082,3658460,30,5320934,30
2668,4652173,30,4305418,30
1745,4166106,30,4097719,30
1830,3479344,30,4526433,30
1236,4956718,30,6434265,30
16815,4038786,30,3188175,30
2179,2873871,30,3702049,30
2582,6039537,30,4474169,30
3421,4691278,30,6129439,30
2368,5479215,30,4115910,30
